Nucleotide	Sequence	Norm_profile	Norm_stderr
1	A	nan	nan
2	G	nan	nan
3	U	nan	nan
4	A	nan	nan
5	G	nan	nan
6	A	nan	nan
7	A	nan	nan
8	A	nan	nan
9	C	nan	nan
10	A	nan	nan
11	A	nan	nan
12	G	nan	nan
13	G	0.070256	0.197527
14	G	0.1756	0.079907
15	U	0.514198	0.096231
16	G	0.872528	0.154648
17	U	0.244258	0.077997
18	U	0.242945	0.029729
19	U	nan	nan
20	U	0.473223	0.05455
21	U	0.066902	0.08728
22	C	0.752415	0.073032
23	U	0.084166	0.042862
24	C	0.57153	0.093724
25	A	0.145055	0.054366
26	A	0.668216	0.067103
27	A	0.209039	0.028756
28	C	0.309565	0.042943
29	U	0.224477	0.059034
30	A	0.925872	0.04592
31	U	0.061872	0.018255
32	A	0.247722	0.02598
33	U	0.054702	0.020586
34	A	0.102299	0.020789
35	C	0.422847	0.03709
36	A	0.13152	0.025102
37	A	0.821194	0.047626
38	A	0.46635	0.030955
39	U	0.457336	0.038249
40	A	0.288401	0.026831
41	G	0.56921	0.041142
42	U	0.286718	0.025888
43	G	0.155671	0.050736
44	C	0.167206	0.034415
45	A	0.680785	0.030858
46	C	0.177361	0.032405
47	C	0.453772	0.062337
48	G	0.403311	0.056295
49	C	0.225235	0.029398
50	A	1.429274	0.117071
51	U	0.367426	0.024853
52	G	0.689701	0.11763
53	U	0.21782	0.034199
54	U	0.408163	0.029068
55	U	nan	nan
56	C	0.594376	0.056938
57	C	0.932435	0.148949
58	A	0.764083	0.04342
59	U	0.394152	0.03752
60	U	0.193436	0.0348
61	C	0.799717	0.062247
62	U	0.696254	0.043552
63	U	0.831381	0.033752
64	U	0.575742	0.026331
65	A	0.749615	0.033488
66	U	0.424159	0.025377
67	G	0.309201	0.038767
68	C	0.206584	0.043572
69	A	0.410184	0.027531
70	A	1.375306	0.040668
71	A	0.528717	0.030042
72	U	0.314003	0.028881
73	G	0.782223	0.053874
74	A	0.433376	0.026339
75	A	0.387412	0.02351
76	G	0.482777	0.086401
77	A	0.088529	0.020379
78	C	0.189826	0.033889
79	C	0.292239	0.050545
80	A	0.802234	0.028217
81	A	0.469635	0.020892
82	U	0.661231	0.037391
83	C	0.500751	0.056571
84	C	0.454265	0.062021
85	C	0.36559	0.054359
86	A	0.365904	0.02302
87	U	0.1199	0.020652
88	U	0.267485	0.021171
89	G	0.463151	0.044048
90	C	0.226123	0.03178
91	A	1.794644	0.039187
92	A	0.669873	0.028148
93	U	0.440825	0.023701
94	G	0.728256	0.053036
95	G	0.312224	0.044145
96	C	0.20265	0.037732
97	U	0.574186	0.027051
98	A	0.283273	0.030893
99	G	1.266121	0.049322
100	A	1.103765	0.035888
101	A	0.550416	0.044274
102	G	0.799072	0.050697
103	G	1.613408	0.057628
104	A	0.309785	0.031169
105	G	0.310221	0.045139
106	G	0.747741	0.081211
107	A	0.129517	0.020485
108	A	0.606516	0.034323
109	A	0.068744	0.014714
110	C	0.349407	0.024553
111	A	0.525387	0.02193
112	U	0.393656	0.021669
113	G	1.213388	0.047006
114	A	0.290507	0.027696
115	U	0.526258	0.025863
116	G	0.72933	0.054757
117	C	0.197511	0.042711
118	C	0.690513	0.068188
119	C	0.528536	0.150561
120	C	0.346076	0.047627
121	G	0.608294	0.045965
122	A	0.195856	0.026463
123	A	0.292131	0.025595
124	G	0.205881	0.042099
125	C	0.157472	0.045191
126	U	1.438377	0.045581
127	A	0.548763	0.028213
128	A	0.548677	0.024519
129	A	0.649609	0.02952
130	C	0.220688	0.025857
131	C	0.577923	0.055905
132	A	0.640904	0.025237
133	U	1.368412	0.04097
134	A	0.66209	0.028101
135	A	0.166423	0.019707
136	G	1.004468	0.056273
137	A	0.324554	0.04458
138	U	0.510109	0.027961
139	U	0.882172	0.03577
140	A	0.936716	0.030996
141	U	0.569492	0.026811
142	G	1.461621	0.042855
143	U	0.112041	0.048117
144	C	0.60006	0.127221
145	U	0.961724	0.062704
146	U	0.554221	0.031323
147	U	0.352069	0.028383
148	G	1.112507	0.040004
149	U	0.074031	0.028117
150	A	0.530118	0.034005
151	U	0.155878	0.043802
152	C	0.470327	0.099429
153	C	0.519274	0.056493
154	A	0.760202	0.038991
155	C	0.144374	0.033434
156	U	0.971085	0.04051
157	A	0.154617	0.028475
158	C	0.14863	0.030775
159	U	0.80981	0.043235
160	C	0.611625	0.065548
161	A	0.626315	0.03316
162	A	0.913191	0.043822
163	U	0.096498	0.03428
164	U	0.707924	0.03379
165	U	0.261256	0.029444
166	C	0.43603	0.052946
167	A	0.938687	0.035392
168	C	0.500044	0.035051
169	U	0.649227	0.0355
170	G	1.83699	0.071289
171	G	0.741804	0.085061
172	G	1.375242	0.054386
173	U	0.13183	0.081991
174	C	0.314046	0.068556
175	U	0.213878	0.025545
176	A	1.292417	0.04039
177	U	0.203311	0.073464
178	C	0.409943	0.046765
179	U	0.448319	0.030156
180	G	1.11478	0.042555
181	U	0.060329	0.029295
182	A	0.946407	0.047045
183	U	0.702981	0.035834
184	U	0.06141	0.121908
185	C	0.970886	0.055252
186	U	0.141952	0.029613
187	A	1.40964	0.044386
188	U	0.784719	0.034393
189	U	0.057613	0.037133
190	C	0.658054	0.054942
191	U	0.473934	0.031237
192	G	0.868479	0.039861
193	U	0.520075	0.029186
194	A	1.539082	0.041339
195	A	0.719825	0.033479
196	U	0.127236	0.017323
197	G	1.129867	0.133646
198	A	0.134676	0.021527
199	C	0.176797	0.066172
200	U	0.252487	0.050303
201	C	0.390809	0.066267
202	U	0.308833	0.02462
203	G	0.431629	0.037029
204	C	0.147663	0.039534
205	U	0.759115	0.044065
206	C	0.506322	0.073482
207	U	0.572565	0.028699
208	G	1.093304	0.037709
209	U	0.183706	0.021253
210	A	1.582347	0.044314
211	U	0.431427	0.025886
212	U	0.663579	0.028266
213	G	0.83648	0.058039
214	G	0.793658	0.060736
215	G	0.559773	0.034659
216	U	0.441857	0.025228
217	A	1.122885	0.032593
218	U	0.62576	0.025244
219	G	0.709472	0.058425
220	G	0.342168	0.047484
221	U	0.191893	0.039932
222	C	0.660306	0.073722
223	A	0.418802	0.021571
224	U	0.694608	0.030546
225	A	0.578319	0.02286
226	A	0.6908	0.025411
227	G	0.959671	0.033809
228	U	1.157245	0.032257
229	G	0.648907	0.039543
230	U	0.914536	0.031155
231	U	0.095804	0.013543
232	G	1.032606	0.042733
233	U	0.197835	0.02009
234	U	0.896103	0.031756
235	C	0.944211	0.07237
236	C	0.302393	0.040694
237	U	0.484399	0.023407
238	U	0.304277	0.017143
239	A	0.564949	0.021221
240	U	0.346235	0.018394
241	G	0.575692	0.03503
242	C	0.171617	0.034075
243	U	0.524177	0.031388
244	C	0.719628	0.090823
245	U	0.15905	0.080849
246	C	0.53347	0.043505
247	C	0.394461	0.048462
248	A	0.177654	0.013817
249	U	0.525308	0.021019
250	A	1.019539	0.02766
251	C	0.519064	0.026887
252	A	0.82481	0.032434
253	U	0.133011	0.016134
254	U	0.436368	0.020722
255	G	0.602637	0.048248
256	G	0.828053	0.039723
257	U	0.421733	0.025097
258	C	0.985296	0.059284
259	G	0.232717	0.026957
260	U	0.380029	0.026857
261	C	0.451682	0.084556
262	A	1.007943	0.026666
263	C	0.180865	0.02467
264	A	0.300331	0.01736
265	C	0.15568	0.020802
266	U	0.430127	0.023556
267	U	0.209128	0.020881
268	A	0.494955	0.02113
269	U	0.504985	0.030572
270	G	1.23227	0.130235
271	G	1.304645	0.134323
272	A	0.778848	0.02813
273	A	0.306889	0.021336
274	U	0.756724	0.024791
275	A	0.818131	0.046116
276	U	0.158401	0.019245
277	U	0.55835	0.023538
278	U	0.353838	0.022093
279	C	0.88996	0.067486
280	A	0.259084	0.032035
281	A	1.040927	0.028048
282	A	0.1424	0.020075
283	A	0.246112	0.020334
284	C	0.240918	0.029477
285	A	0.392741	0.022853
286	U	0.248313	0.042974
287	C	0.661148	0.052573
288	C	0.321738	0.048291
289	A	0.178976	0.017211
290	G	0.893923	0.031781
291	U	0.532987	0.041571
292	C	0.605011	0.061417
293	C	0.406687	0.053694
294	C	0.434563	0.084594
295	A	0.775849	0.026477
296	U	0.513085	0.034583
297	C	0.414753	0.037326
298	U	1.235895	0.033196
299	U	0.038851	0.038807
300	C	0.41525	0.075343
301	U	0.310371	0.023689
302	U	0.386593	0.022886
303	C	0.363414	0.044786
304	A	0.1451	0.021707
305	G	0.784076	0.042816
306	C	0.078431	0.035349
307	A	0.629721	0.041723
308	U	0.709661	0.035295
309	U	0.175846	0.053521
310	C	0.708836	0.047347
311	U	0.83621	0.044773
312	C	0.591314	0.054716
313	C	0.583373	0.048199
314	C	0.343168	0.103247
315	U	0.229505	0.032343
316	U	0.215232	0.038969
317	A	0.572921	0.030743
318	G	0.948864	0.046485
319	U	0.122469	0.024157
320	U	0.830075	0.029047
321	G	0.823368	0.071921
322	U	0.569836	0.038011
323	U	0.27833	0.021039
324	U	0.202468	0.01821
325	U	0.108916	0.03119
326	C	0.344297	0.042636
327	U	0.056387	0.023013
328	G	0.716679	0.078593
329	A	0.112343	0.024704
330	C	0.859043	0.035448
331	A	0.313267	0.022527
332	C	0.140732	0.025211
333	G	0.270367	0.044105
334	C	0.112429	0.035043
335	U	0.299058	0.025612
336	C	1.005886	0.084609
337	A	0.387258	0.021501
338	U	0.79767	0.039149
339	A	0.878156	0.037758
340	A	0.605714	0.026085
341	A	0.223514	0.047536
342	G	1.139672	0.078195
343	U	0.365435	0.038581
344	U	0.140079	0.020327
345	U	0.412062	0.021939
346	G	0.86689	0.043256
347	U	0.43914	0.037451
348	U	0.428853	0.02595
349	C	1.051798	0.085626
350	A	0.925196	0.038583
351	U	0.262784	0.026786
352	U	0.23604	0.01973
353	U	0.198244	0.034809
354	C	0.638953	0.045259
355	U	0.443406	0.027046
356	G	1.025527	0.056709
357	A	0.445554	0.025226
358	A	0.499526	0.025851
359	U	0.197499	0.03111
360	C	0.542683	0.058005
361	C	0.544814	0.061784
362	G	1.222643	0.04953
363	C	0.192635	0.036023
364	A	0.555585	0.037578
365	A	0.285118	0.019623
366	G	0.93132	0.053782
367	A	0.466227	0.02969
368	U	0.322272	0.127964
369	C	0.377378	0.042592
370	U	0.552122	0.026033
371	A	1.010554	0.035922
372	U	0.704477	0.028364
373	U	0.175976	0.018142
374	G	1.895806	0.044607
375	U	0.019836	0.022366
376	G	0.537878	0.033435
377	U	0.049351	0.022239
378	G	0.40595	0.041259
379	C	0.196067	0.041593
380	U	0.177428	0.030185
381	G	0.772794	0.057447
382	A	0.442783	0.059854
383	U	0.720413	0.03454
384	U	0.328713	0.022769
385	U	0.207253	0.020625
386	U	nan	nan
387	C	0.572862	0.045884
388	C	0.619744	0.047407
389	A	0.620779	0.028166
390	U	0.553815	0.028048
391	G	0.723489	0.049727
392	G	0.621139	0.055629
393	C	0.165391	0.064678
394	C	0.368561	0.054736
395	A	0.747167	0.033309
396	C	0.277953	0.04193
397	C	0.376855	0.083676
398	A	0.633596	0.030817
399	A	0.426303	0.03773
400	C	0.157235	0.039531
401	A	0.117676	0.018743
402	G	0.321272	0.036725
403	C	0.356368	0.053226
404	U	0.97826	0.043327
405	C	0.576936	0.097549
406	A	0.127792	0.019065
407	G	0.790491	0.044151
408	C	0.081834	0.037339
409	A	0.657344	0.028382
410	U	0.621182	0.030251
411	U	0.751666	0.029465
412	A	1.187306	0.034182
413	U	0.040285	0.019733
414	A	0.267118	0.020625
415	C	0.21238	0.039396
416	G	0.989783	0.07052
417	A	0.283043	0.024064
418	C	0.40551	0.04523
419	C	0.58209	0.054978
420	A	0.300225	0.021161
421	U	0.43607	0.027372
422	A	0.739699	0.031494
423	C	0.30102	0.035683
424	U	0.698217	0.033401
425	U	0.835748	0.032142
426	C	0.192682	0.041128
427	A	0.110647	0.016897
428	G	0.970255	0.040751
429	U	0.068303	0.026821
430	C	0.793206	0.086744
431	A	0.864109	0.035107
432	U	0.153564	0.026123
433	U	0.453611	0.025416
434	G	0.902487	0.052425
435	A	0.277995	0.023919
436	G	0.945236	0.039447
437	U	0.000156	0.053432
438	C	0.717856	0.054267
439	U	0.33661	0.02666
440	C	0.487106	0.054548
441	G	2.336064	0.049369
442	U	0.853265	0.033607
443	G	0.991235	0.036199
444	U	0.087718	0.063741
445	C	0.658259	0.054567
446	C	0.305979	0.046776
447	A	0.652262	0.027252
448	G	0.778999	0.041331
449	U	0.090728	0.025505
450	U	0.829519	0.031776
451	A	1.041038	0.031453
452	A	0.646732	0.026575
453	U	0.247722	0.02094
454	G	0.956875	0.063892
455	A	0.113828	0.020217
456	C	0.382186	0.0282
457	A	0.668076	0.042513
458	U	0.393471	0.029996
459	U	0.524124	0.025289
460	U	0.219628	0.045848
461	C	0.308751	0.041856
462	C	0.341992	0.081836
463	A	0.838481	0.029475
464	A	0.889234	0.030409
465	U	0.523949	0.036318
466	C	0.696321	0.045112
467	U	0.535623	0.027061
468	G	1.600578	0.050063
469	U	1.078511	0.03688
470	U	0.047212	0.018589
471	G	0.790165	0.043893
472	U	0.236951	0.025764
473	U	0.079135	0.053432
474	C	0.595894	0.071829
475	U	0.128799	0.022943
476	A	0.9809	0.032729
477	U	0.105101	0.050094
478	C	0.911129	0.047822
479	U	0.346256	0.028851
480	C	0.592906	0.055223
481	A	0.853652	0.032779
482	U	0.175748	0.045181
483	U	0.1109	0.023293
484	G	0.886156	0.081503
485	A	1.295907	0.03752
486	A	0.238761	0.031039
487	U	0.120261	0.025615
488	U	0.095884	0.022036
489	C	0.699476	0.071333
490	A	0.451855	0.027206
491	U	0.110542	0.019899
492	U	0.128056	0.016741
493	G	0.835588	0.037533
494	U	0.017447	0.07898
495	C	0.408176	0.053633
496	U	0.482831	0.029401
497	A	0.652805	0.028098
498	U	0.122198	0.026111
499	C	0.398799	0.05914
500	A	0.074918	0.020701
501	G	0.171311	0.043695
502	C	0.146566	0.033992
503	U	0.382883	0.028596
504	C	0.321731	0.079669
505	A	0.174705	0.025085
506	A	0.540817	0.02653
507	A	0.459632	0.030033
508	C	0.263598	0.027582
509	U	0.43983	0.026245
510	G	0.439721	0.073658
511	C	0.12865	0.093481
512	U	0.045417	0.021749
513	G	0.523801	0.071952
514	A	0.726453	0.114423
515	U	0.771111	0.034028
516	U	0.197817	0.019968
517	U	0.337799	0.021033
518	G	1.067063	0.054301
519	U	0.504082	0.036462
520	U	1.095873	0.033813
521	U	0.161774	0.019862
522	U	0.415822	0.022796
523	G	0.921926	0.035941
524	U	0.173847	0.026183
525	C	0.70274	0.081724
526	A	0.801766	0.030921
527	A	0.667524	0.026702
528	U	0.163701	0.03164
529	C	0.5501	0.060731
530	A	0.14075	0.017538
531	G	0.826545	0.045504
532	A	0.187989	0.028026
533	C	0.291946	0.028678
534	G	0.778275	0.05447
535	A	0.16939	0.026622
536	U	0.460024	0.026284
537	U	0.251688	0.022994
538	C	0.676445	0.064009
539	A	0.807718	0.025976
540	A	1.076004	0.034159
541	U	0.496967	0.025519
542	U	0.244271	0.023654
543	U	0.411453	0.02055
544	G	0.711457	0.033691
545	C	0.231992	0.04173
546	C	0.372027	0.055625
547	A	0.194132	0.016867
548	G	0.84922	0.031982
549	U	0.430549	0.022411
550	G	0.675784	0.048935
551	A	0.575433	0.023698
552	U	0.277693	0.035359
553	C	0.615492	0.039737
554	U	0.220993	0.021386
555	G	0.581649	0.061126
556	A	0.297567	0.020173
557	U	0.28523	0.078045
558	C	0.480497	0.052734
559	U	0.417263	0.023801
560	A	0.990971	0.034333
561	U	0.197273	0.022856
562	U	0.407767	0.024456
563	G	0.676249	0.03868
564	C	0.039448	0.023976
565	A	0.232532	0.019793
566	G	0.684322	0.045599
567	A	0.355354	0.033085
568	U	0.211586	0.02583
569	U	0.398453	0.024567
570	G	0.879661	0.043396
571	G	0.71997	0.042108
572	G	0.407347	0.030748
573	U	0.279968	0.0206
574	G	0.728566	0.049067
575	C	0.710817	0.074929
576	U	1.269044	0.100611
577	U	1.75749	0.057689
578	U	0.799863	0.026625
579	U	0.623113	0.020021
580	G	1.008071	0.02611
581	U	0.0449	0.011562
582	A	1.052923	0.025124
583	G	1.023785	0.029999
584	U	0.160787	0.020991
585	C	0.66464	0.045003
586	A	0.180455	0.01526
587	G	0.762989	0.033544
588	C	0.113716	0.02755
589	U	0.47025	0.03576
590	G	0.458647	0.036221
591	C	0.057632	0.025955
592	A	0.325093	0.015525
593	G	0.778058	0.04107
594	U	0.177277	0.018759
595	U	0.730961	0.033537
596	C	0.350622	0.051544
597	C	0.620347	0.060192
598	U	1.255576	0.029667
599	U	0.83608	0.028567
600	C	0.692301	0.031509
601	U	0.446728	0.031174
602	C	0.567617	0.04007
603	C	0.235059	0.041666
604	U	0.467021	0.018965
605	U	0.601531	0.019546
606	G	1.989035	0.03277
607	U	0.095492	0.014544
608	G	0.248989	0.027578
609	C	0.054293	0.024891
610	A	0.476838	0.032859
611	U	2.0169	0.037349
612	U	2.205918	0.032285
613	U	0.214063	0.014698
614	U	0.400894	0.016839
615	G	1.451913	0.037874
616	A	0.298439	0.017075
617	U	0.189559	0.014298
618	G	0.358914	0.029207
619	C	0.218689	0.038581
620	C	0.318435	0.031467
621	U	0.191196	0.017919
622	G	0.608977	0.049866
623	A	0.080715	0.014549
624	A	0.169594	0.014809
625	A	0.113445	0.018233
626	C	0.131542	0.032324
627	C	0.399983	0.040816
628	A	0.208022	0.015476
629	U	0.681244	0.027758
630	A	0.415158	0.024299
631	C	0.113295	0.030455
632	C	0.5683	0.041699
633	A	0.582252	0.027369
634	C	0.275974	0.035552
635	C	0.178485	0.052439
636	C	0.320125	0.082876
637	A	0.469085	0.023412
638	U	0.307201	0.022368
639	C	0.277188	0.045429
640	G	1.031462	0.041902
641	A	0.900084	0.025926
642	U	0.763961	0.028677
643	G	0.599502	0.042235
644	A	0.817145	0.034629
645	G	0.43254	0.049723
646	A	0.602181	0.036049
647	C	0.348191	0.040591
648	C	0.18784	0.043523
649	C	0.761899	0.054722
650	U	0.565924	0.040903
651	C	0.227648	0.046307
652	C	0.151545	0.070278
653	C	0.323029	0.051522
654	A	0.172998	0.019663
655	U	0.184471	0.042651
656	C	0.356698	0.033274
657	C	0.305654	0.073758
658	A	0.634421	0.032742
659	U	0.972317	0.028103
660	U	0.138666	0.02227
661	C	1.317676	0.045468
662	U	nan	nan
663	C	0.402613	0.052223
664	U	0.392549	0.022914
665	A	0.992006	0.025614
666	U	0.12564	0.018694
667	G	0.934624	0.048807
668	A	0.32258	0.023012
669	A	0.41552	0.020711
670	U	0.183833	0.035287
671	C	0.342786	0.05006
672	C	0.347194	0.052983
673	A	0.073244	0.017265
674	G	0.69091	0.040676
675	C	0.189322	0.039441
676	A	1.164902	0.029336
677	A	0.507657	0.023508
678	U	0.28721	0.02061
679	U	0.50831	0.02201
680	G	0.186478	0.027407
681	C	0.142135	0.047879
682	U	0.919887	0.041365
683	C	0.416333	0.056254
684	C	0.423233	0.039132
685	C	0.505331	0.10571
686	A	0.33846	0.031237
687	A	0.629884	0.027508
688	A	0.114736	0.018734
689	A	0.194475	0.035066
690	G	0.416664	0.085391
691	C	0.203497	0.057163
692	C	0.212083	0.052696
693	C	0.352937	0.083657
694	C	0.208313	0.052027
695	C	0.127666	0.042006
696	U	0.691598	0.045855
697	C	0.273543	0.038333
698	C	0.173379	0.037416
699	G	1.28679	0.041669
700	U	0.288818	0.035636
701	C	0.46236	0.047744
702	U	1.209428	0.034295
703	U	0.173505	0.036193
704	C	0.418232	0.035484
705	U	0.701845	0.028682
706	G	0.689165	0.050813
707	G	1.118195	0.044983
708	U	0.150111	0.048391
709	C	0.681065	0.068304
710	U	0.795148	0.045348
711	U	0.435812	0.023307
712	U	0.527251	0.025062
713	G	0.756157	0.050085
714	G	0.392952	0.047005
715	A	0.682924	0.037491
716	U	1.208573	0.041539
717	U	0.05235	0.029458
718	C	1.305295	0.05375
719	U	0.060957	0.043151
720	C	0.980638	0.050867
721	U	1.165876	0.035291
722	G	1.716351	0.059981
723	G	0.685576	0.050951
724	G	0.548647	0.053616
725	A	0.434882	0.025457
726	C	0.556467	0.030939
727	A	0.8499	0.037699
728	U	0.159713	0.024972
729	U	1.093795	0.032441
730	U	0.11323	0.033641
731	C	0.934068	0.045834
732	U	0.322118	0.02511
733	C	0.547102	0.065456
734	A	1.284581	0.035999
735	U	0.959814	0.031071
736	U	0.624021	0.031366
737	C	0.631938	0.051289
738	C	0.392375	0.0418
739	U	0.789555	0.030312
740	G	1.246247	0.039385
741	U	0.238943	0.024183
742	A	0.340299	0.026729
743	G	0.339255	0.034948
744	C	0.178162	0.033954
745	C	0.31498	0.066537
746	A	0.254955	0.027073
747	A	0.936549	0.030818
748	A	0.243913	0.020538
749	A	0.903668	0.031622
750	G	2.385902	0.056445
751	G	2.046588	0.051885
752	A	0.482607	0.027633
753	G	0.466432	0.043052
754	G	0.505183	0.046167
755	C	0.426221	0.049463
756	U	0.313649	0.021985
757	U	0.490387	0.024292
758	G	0.602187	0.044209
759	G	0.422693	0.048675
760	C	0.579869	0.028046
761	U	0.485606	0.02384
762	G	1.684096	0.065157
763	U	0.771757	0.03951
764	U	0.300409	0.020393
765	U	0.368727	0.020767
766	G	1.171243	0.060808
767	A	0.103381	0.01674
768	C	0.417727	0.024926
769	A	0.280861	0.022082
770	U	1.32045	0.039515
771	A	1.032359	0.029356
772	U	0.897931	0.028934
773	C	1.006404	0.051432
774	G	0.705405	0.048869
775	G	0.417576	0.052465
776	G	0.371413	0.059801
777	G	0.410592	0.049758
778	G	0.154292	0.054736
779	C	0.121998	0.029293
780	A	0.686868	0.048878
781	U	0.465243	0.028381
782	U	0.52838	0.023122
783	U	1.1169	0.042817
784	C	0.22592	0.055437
785	C	0.314884	0.048941
786	C	0.169601	0.058418
787	C	0.248831	0.052466
788	A	1.091114	0.036691
789	C	0.325966	0.023848
790	C	0.414117	0.042786
791	G	1.186851	0.040357
792	U	0.538157	0.032391
793	U	0.340054	0.031137
794	C	0.902426	0.051168
795	U	0.787105	0.024633
796	A	0.488036	0.020559
797	G	1.68408	0.055412
798	A	1.227968	0.035807
799	A	0.989651	0.029983
800	U	0.050739	0.021347
801	U	0.705099	0.024842
802	G	1.528722	0.047273
803	A	1.348504	0.031812
804	U	0.497128	0.021271
805	G	2.50201	0.060331
806	U	0.947088	0.039396
807	U	0.645277	0.023172
808	U	0.39419	0.018918
809	U	0.361767	0.018116
810	G	1.001765	0.046812
811	G	1.186055	0.052734
812	A	1.571292	0.033668
813	A	0.682334	0.022941
814	U	0.544388	0.023057
815	G	0.753102	0.065959
816	G	0.718189	0.046791
817	C	0.413354	0.02838
818	A	0.178352	0.018568
819	G	2.547273	0.056071
820	A	0.039385	0.015874
821	G	1.074728	0.054073
822	A	1.25171	0.031111
823	A	0.530127	0.022794
824	C	0.243127	0.02834
825	U	0.410706	0.020541
826	G	1.10715	0.054003
827	A	0.142538	0.016855
828	C	0.250534	0.019092
829	U	0.395052	0.022733
830	A	0.924694	0.02611
831	U	0.663773	0.023447
832	C	0.584463	0.042158
833	G	0.979764	0.032502
834	U	0.318182	0.019869
835	G	1.0598	0.052345
836	C	0.37098	0.038353
837	C	0.5833	0.04493
838	C	0.464333	0.052828
839	C	0.420527	0.062137
840	C	0.276164	0.074451
841	A	0.128572	0.017127
842	C	0.102306	0.018721
843	U	0.385731	0.02045
844	A	0.563019	0.021268
845	U	0.236112	0.016879
846	G	1.420065	0.05039
847	A	0.424781	0.024467
848	A	0.745242	0.024915
849	A	0.115364	0.022599
850	G	0.432889	0.038287
851	C	0.182115	0.027779
852	A	0.949743	0.029369
853	A	0.652456	0.026385
854	U	0.882521	0.044842
855	C	0.326284	0.042261
856	C	0.451787	0.041095
857	C	0.351791	0.056164
858	C	0.249953	0.038724
859	U	0.883687	0.041243
860	C	0.220464	0.039377
861	C	0.241678	0.043995
862	A	0.735512	0.025928
863	C	0.122655	0.02924
864	A	0.72597	0.024467
865	A	0.306338	0.027402
866	U	0.302241	0.021489
867	U	0.525252	0.02194
868	A	0.522693	0.023807
869	G	2.120815	0.05461
870	A	0.122073	0.016173
871	G	0.678467	0.033231
872	U	0.045643	0.062
873	C	0.520177	0.048527
874	U	0.585524	0.027517
875	A	0.511267	0.023086
876	A	0.779853	0.029243
877	A	0.652965	0.027127
878	G	0.574754	0.043122
879	G	0.315775	0.045584
880	C	0.463213	0.027068
881	A	1.027898	0.0285
882	C	0.454485	0.024274
883	A	0.925858	0.027054
884	U	0.740977	0.029273
885	C	0.191192	0.049311
886	A	0.794467	0.024763
887	C	0.450256	0.022884
888	U	0.903596	0.035663
889	C	0.521952	0.045509
890	U	0.376409	0.023215
891	G	0.954639	0.048476
892	G	1.581283	0.053145
893	A	0.628907	0.025276
894	C	0.496589	0.026154
895	U	0.324028	0.048741
896	C	0.417829	0.057889
897	C	0.354233	0.047597
898	U	0.745002	0.032078
899	A	0.420075	0.019803
900	G	0.735805	0.034875
901	U	0.296181	0.020409
902	G	0.714368	0.054936
903	A	0.653991	0.036615
904	U	0.682312	0.027633
905	U	0.514231	0.055553
906	C	0.873046	0.052162
907	U	0.296334	0.041884
908	C	0.734246	0.050418
909	C	0.244955	0.047528
910	U	0.725078	0.055861
911	C	0.243974	0.038822
912	U	0.566662	0.026549
913	A	0.153347	0.021336
914	A	0.818493	0.032915
915	A	0.301546	0.020659
916	G	1.48983	0.057794
917	A	0.168388	0.02001
918	A	0.628931	0.024976
919	A	0.370904	0.021806
920	C	0.360591	0.031553
921	U	0.906324	0.032267
922	U	1.373603	0.035264
923	G	0.148731	0.034066
924	C	0.242437	0.039567
925	C	0.592681	0.096165
926	C	0.278157	0.063247
927	U	0.091572	0.030923
928	A	2.501273	0.051504
929	U	0.887916	0.039599
930	U	0.480982	0.023694
931	A	0.690582	0.029144
932	G	0.182293	0.061661
933	G	0.584164	0.098352
934	G	0.401961	0.08094
935	G	0.145639	0.057948
936	C	0.060111	0.028646
937	U	0.10279	0.01862
938	A	0.318696	0.020044
939	U	0.245608	0.022292
940	G	0.413271	0.052037
941	A	0.408622	0.023191
942	A	0.252335	0.019188
943	U	0.354949	0.021198
944	G	0.300633	0.035299
945	C	0.282344	0.026081
946	U	0.535571	0.048843
947	C	0.725164	0.056848
948	C	0.534605	0.044906
949	A	0.920848	0.031656
950	U	0.165536	0.020279
951	U	0.300111	0.028621
952	G	0.860464	0.043525
953	A	0.660333	0.028109
954	A	1.028817	0.031057
955	G	1.724581	0.073938
956	G	1.404489	0.044111
957	U	0.507669	0.029586
958	G	1.508728	0.070503
959	A	1.206773	0.036401
960	A	0.619432	0.024509
961	A	0.531975	0.026304
962	G	0.891609	0.034038
963	U	0.188615	0.026677
964	C	0.62522	0.061336
965	A	0.953855	0.031222
966	C	0.448289	0.028404
967	U	0.45754	0.024747
968	G	1.640595	0.043198
969	U	0.067708	0.018923
970	G	0.962593	0.036304
971	U	0.121501	0.030765
972	C	0.963052	0.068276
973	A	1.101764	0.035362
974	U	0.299769	0.024067
975	U	0.901298	0.03174
976	G	0.874618	0.055761
977	G	0.644553	0.050496
978	G	0.829093	0.055387
979	A	0.612464	0.024802
980	U	0.31358	0.022584
981	C	0.348904	0.042753
982	A	1.15126	0.032935
983	A	1.493219	0.03755
984	G	1.393715	0.050922
985	G	2.894251	0.068001
986	A	1.494333	0.03514
987	G	1.38864	0.040793
988	U	0.784061	0.028756
989	A	0.672978	0.023883
990	G	0.797474	0.040743
991	C	0.176186	0.027182
992	C	0.371204	0.052114
993	A	0.840523	0.025752
994	A	0.334408	0.029583
995	U	0.267303	0.018448
996	G	1.010525	0.049582
997	G	1.313614	0.054805
998	A	0.436546	0.022342
999	A	0.898963	0.027638
1000	A	0.892647	0.029992
1001	U	0.092704	0.016685
1002	U	0.568695	0.024303
1003	G	1.218771	0.059098
1004	A	0.872976	0.031752
1005	U	1.371499	0.03502
1006	U	0.077711	0.033009
1007	C	0.930054	0.049812
1008	U	0.579856	0.037647
1009	C	0.484414	0.054776
1010	C	0.70077	0.050691
1011	C	0.495307	0.081749
1012	U	0.513869	0.026321
1013	G	1.105192	0.051352
1014	A	1.295018	0.036871
1015	U	0.509996	0.024838
1016	U	0.370426	0.022307
1017	G	1.301914	0.036775
1018	U	nan	nan
1019	C	0.830881	0.049186
1020	C	0.610938	0.04932
1021	A	0.481799	0.057784
1022	U	0.606676	0.029482
1023	U	0.728182	0.02927
1024	C	0.561162	0.065937
1025	A	0.919498	0.030866
1026	C	0.410416	0.037896
1027	U	0.726912	0.026183
1028	U	0.934033	0.033731
1029	G	1.341918	0.037171
1030	U	0.943027	0.028365
1031	G	1.813365	0.049819
1032	G	1.039709	0.051778
1033	C	0.197731	0.026763
1034	C	0.382499	0.040023
1035	G	0.416953	0.029707
1036	U	0.459969	0.025169
1037	G	0.65288	0.036595
1038	C	0.129127	0.030963
1039	U	0.54555	0.035643
1040	C	0.73978	0.073585
1041	C	0.29391	0.037741
1042	C	0.428872	0.062536
1043	G	0.402803	0.047438
1044	G	0.583126	0.047176
1045	A	0.872706	0.031322
1046	C	0.5713	0.103385
1047	U	0.506171	0.023823
1048	U	1.282225	0.035274
1049	G	0.286779	0.064327
1050	G	0.574729	0.051656
1051	G	0.390985	0.061579
1052	G	0.63591	0.035614
1053	U	0.386713	0.031257
1054	G	0.64991	0.058334
1055	A	0.290228	0.060271
1056	A	0.185692	0.017296
1057	C	0.240328	0.038848
1058	G	0.813398	0.048448
1059	A	0.691929	0.028844
1060	U	0.143582	0.019473
1061	U	0.519711	0.022357
1062	G	1.587451	0.038559
1063	U	0.072848	0.018182
1064	U	0.392287	0.020224
1065	G	1.247728	0.049958
1066	A	0.543837	0.023108
1067	U	1.266492	0.032055
1068	A	1.084296	0.036985
1069	U	0.398689	0.026289
1070	U	0.285475	0.018736
1071	U	0.474462	0.021817
1072	C	0.640921	0.047725
1073	G	0.741264	0.051398
1074	A	0.332172	0.019483
1075	G	0.717167	0.033368
1076	C	0.185062	0.042533
1077	U	0.680906	0.027504
1078	U	0.66283	0.034645
1079	C	0.266695	0.033385
1080	C	0.308545	0.048112
1081	U	0.256086	0.021072
1082	A	1.060807	0.031742
1083	C	0.337114	0.025288
1084	U	0.675014	0.025674
1085	G	1.144618	0.036285
1086	U	0.658562	0.027651
1087	U	0.195914	0.016597
1088	A	1.027955	0.027748
1089	U	0.312757	0.021254
1090	C	0.597032	0.057552
1091	A	0.734789	0.024911
1092	A	0.967617	0.030497
1093	C	nan	nan
1094	U	0.551239	0.024998
1095	U	0.60018	0.027962
1096	G	1.509702	0.07813
1097	U	0.253532	0.030021
1098	U	0.34188	0.020991
1099	U	0.191028	0.034821
1100	C	0.481126	0.059924
1101	C	0.400732	0.04119
1102	A	0.898799	0.031347
1103	C	0.265245	0.038095
1104	U	1.017275	0.030862
1105	U	nan	nan
1106	C	0.391285	0.037091
1107	C	0.362922	0.055335
1108	A	0.579871	0.023756
1109	U	0.739126	0.02698
1110	A	0.483769	0.026469
1111	G	1.749746	0.052282
1112	A	0.166985	0.018449
1113	G	0.860484	0.035339
1114	U	0.178465	0.044615
1115	C	0.574021	0.046981
1116	U	1.284362	0.033075
1117	G	0.824731	0.052211
1118	G	1.218411	0.040633
1119	U	0.109301	0.050618
1120	C	0.483055	0.049937
1121	U	0.756102	0.026223
1122	G	1.078689	0.047131
1123	U	0.809326	0.02785
1124	U	0.588028	0.02351
1125	C	0.592039	0.056892
1126	G	0.838454	0.055736
1127	G	0.25742	0.02824
1128	U	0.092883	0.020159
1129	A	0.953241	0.027596
1130	G	1.130995	0.035639
1131	U	0.285029	0.028823
1132	C	0.573785	0.054708
1133	G	0.505338	0.046218
1134	A	0.433671	0.019279
1135	U	0.164698	0.046637
1136	C	0.497051	0.043574
1137	C	0.320239	0.053335
1138	A	0.428794	0.021446
1139	G	1.242426	0.054827
1140	A	1.179348	0.030375
1141	A	0.743503	0.028978
1142	U	0.382787	0.018608
1143	G	0.805984	0.057572
1144	G	0.78936	0.03698
1145	U	0.439394	0.029365
1146	G	1.056519	0.053089
1147	A	0.243789	0.020899
1148	A	0.889058	0.029878
1149	U	0.285522	0.023398
1150	U	1.05988	0.04338
1151	C	0.564913	0.06868
1152	C	0.631769	0.042997
1153	C	0.554992	0.090684
1154	C	0.205438	0.058418
1155	A	0.216693	0.018175
1156	A	0.765443	0.026036
1157	A	0.465809	0.020634
1158	C	0.249595	0.021878
1159	U	0.360509	0.020108
1160	A	0.716266	0.022881
1161	U	0.707631	0.029951
1162	C	0.54991	0.040942
1163	A	0.204282	0.018559
1164	G	2.074504	0.055362
1165	A	0.220805	0.017934
1166	G	0.872806	0.04397
1167	C	0.303681	0.024331
1168	U	0.605501	0.023529
1169	G	0.520256	0.055564
1170	G	nan	nan
1171	U	0.673266	0.038891
1172	U	0.545481	0.02473
1173	U	0.717256	0.025976
1174	G	1.16483	0.046298
1175	U	0.607553	0.031479
1176	U	0.302619	0.020698
1177	U	0.322831	0.032881
1178	C	0.784471	0.042986
1179	U	0.939107	0.03296
1180	G	1.584554	0.053709
1181	G	0.581997	0.050391
1182	G	0.492056	0.053633
1183	A	0.507023	0.072334
1184	U	0.2083	0.02836
1185	U	0.476374	0.023989
1186	U	0.106849	0.062223
1187	C	0.932539	0.041433
1188	U	0.250603	0.019842
1189	A	1.865253	0.037039
1190	U	0.064181	0.022121
1191	A	1.109182	0.027617
1192	U	0.287758	0.018461
1193	G	1.618852	0.059656
1194	A	1.156918	0.038445
1195	U	0.923527	0.031877
1196	U	0.581264	0.022251
1197	U	0.643091	0.022226
1198	G	0.878247	0.054313
1199	G	0.972385	0.03717
1200	U	0.268657	0.024882
1201	C	0.740724	0.061215
1202	A	1.221549	0.034458
1203	U	0.872072	0.03234
1204	U	0.141898	0.024757
1205	U	0.707261	0.023745
1206	G	1.620571	0.045822
1207	A	1.34089	0.035468
1208	G	1.453581	0.062388
1209	G	0.693016	0.049706
1210	G	0.981015	0.064297
1211	A	1.587201	0.034257
1212	A	0.542508	0.020919
1213	U	0.458886	0.020753
1214	G	0.908129	0.03533
1215	C	0.163765	0.032431
1216	C	0.510394	0.043665
1217	G	0.756061	0.048782
1218	C	0.268723	0.022824
1219	A	1.220794	0.030251
1220	U	0.292716	0.018053
1221	U	0.263084	0.016829
1222	G	1.058827	0.030646
1223	U	0.08247	0.042793
1224	C	0.628269	0.045871
1225	U	0.34292	0.035011
1226	G	0.937233	0.047925
1227	A	0.810682	0.024117
1228	A	1.053006	0.031163
1229	U	0.334591	0.022436
1230	U	0.494931	0.02341
1231	C	0.729666	0.051041
1232	G	1.596122	0.058862
1233	A	0.389956	0.023402
1234	C	0.34993	0.022783
1235	A	0.520855	0.021909
1236	G	0.990358	0.040407
1237	C	0.104241	0.021658
1238	A	0.474714	0.027931
1239	A	0.483426	0.029225
1240	C	0.200896	0.022932
1241	C	0.695504	0.043185
1242	A	0.851896	0.025221
1243	C	0.19706	0.060286
1244	U	0.528631	0.026199
1245	U	0.729876	0.031769
1246	C	0.481553	0.036678
1247	A	1.252134	0.047635
1248	U	0.459139	0.025862
1249	U	0.467826	0.020433
1250	U	0.372213	0.027132
1251	C	0.331983	0.033848
1252	C	0.367621	0.036203
1253	G	1.00689	0.048085
1254	C	0.070657	0.024384
1255	A	0.324082	0.016207
1256	U	0.709891	0.022091
1257	A	0.39671	0.021548
1258	G	1.281604	0.038355
1259	A	1.650845	0.033373
1260	A	0.729668	0.024156
1261	G	1.328813	0.051138
1262	G	0.725283	0.039534
1263	A	0.27348	0.016604
1264	A	1.076397	0.025286
1265	G	0.654427	0.041407
1266	A	0.111962	0.016631
1267	A	0.717504	0.029062
1268	C	0.178646	0.022385
1269	C	0.367654	0.036409
1270	U	0.719717	0.023513
1271	G	0.782083	0.046306
1272	A	0.92077	0.051998
1273	U	0.455166	0.035836
1274	C	0.436086	0.067431
1275	U	1.785265	0.033422
1276	U	0.101009	0.023001
1277	C	0.341613	0.03095
1278	U	0.744383	0.024046
1279	G	0.780338	0.037587
1280	C	0.225592	0.024645
1281	A	0.877359	0.02788
1282	G	1.318089	0.041322
1283	G	0.270521	0.054922
1284	C	0.272027	0.033756
1285	A	0.593133	0.028944
1286	C	0.235485	0.033888
1287	U	0.392246	0.021012
1288	U	0.520507	0.021047
1289	G	1.749395	0.041782
1290	U	0.166508	0.017055
1291	U	0.052738	0.015948
1292	G	1.0378	0.039885
1293	U	0.423109	0.022285
1294	U	0.269408	0.025043
1295	C	0.650279	0.047676
1296	C	0.54505	0.039777
1297	A	1.487588	0.033741
1298	U	0.140839	0.015654
1299	U	0.610137	0.021522
1300	G	1.10659	0.04749
1301	G	0.916751	0.057277
1302	U	0.341501	0.026916
1303	U	0.214182	0.030289
1304	C	0.389631	0.083992
1305	U	0.567408	0.023953
1306	U	0.483086	0.019592
1307	A	1.242817	0.031818
1308	U	0.899733	0.024175
1309	U	0.21102	0.024284
1310	C	0.526604	0.050906
1311	C	0.411459	0.04573
1312	A	2.432176	0.047404
1313	C	0.24209	0.01981
1314	U	0.589619	0.020349
1315	A	1.319247	0.026941
1316	U	0.172605	0.014881
1317	A	0.403298	0.018921
1318	G	0.352357	0.058393
1319	G	0.545281	0.031205
1320	U	1.338578	0.035539
1321	G	1.017926	0.060694
1322	A	0.377901	0.022521
1323	A	0.264365	0.014875
1324	A	0.59843	0.023335
1325	C	0.363063	0.027874
1326	C	0.423446	0.044191
1327	C	0.330875	0.037901
1328	A	0.690436	0.038264
1329	U	0.061462	0.018663
1330	U	0.183398	0.022041
1331	G	0.644668	0.046556
1332	A	0.325794	0.020573
1333	C	0.131644	0.030241
1334	U	0.601128	0.034891
1335	C	0.612205	0.073696
1336	U	0.62361	0.03108
1337	U	0.570645	0.019364
1338	U	0.105475	0.013521
1339	A	1.015609	0.025163
1340	U	0.194221	0.015589
1341	C	0.343612	0.036075
1342	G	0.532952	0.044568
1343	A	0.264396	0.018211
1344	C	0.241028	0.024379
1345	U	0.897583	0.033752
1346	C	0.501596	0.04011
1347	C	0.140165	0.029205
1348	U	0.42549	0.035043
1349	C	0.338868	0.047694
1350	C	0.264707	0.033135
1351	U	0.193598	0.022694
1352	G	0.227556	0.038629
1353	A	0.286334	0.036374
1354	C	0.343217	0.042616
1355	C	0.230451	0.05324
1356	C	0.079693	0.057332
1357	C	0.195266	0.06033
1358	C	0.184307	0.036256
1359	G	0.434643	0.032988
1360	A	0.253403	0.019964
1361	A	0.581132	0.023752
1362	G	0.533741	0.044992
1363	G	0.441156	0.049875
1364	A	0.649651	0.023754
1365	U	0.431454	0.033923
1366	C	0.403069	0.031251
1367	U	0.687763	0.02473
1368	G	1.226185	0.036988
1369	C	0.109704	0.04789
1370	C	0.272197	0.0375
1371	U	0.788062	0.027421
1372	C	1.267888	0.036135
1373	A	0.312897	0.020813
1374	G	1.232315	0.030404
1375	U	0.46334	0.022198
1376	G	1.002775	0.045103
1377	A	0.852795	0.031291
1378	U	0.355532	0.019339
1379	U	0.179823	0.039486
1380	C	0.337572	0.095648
1381	U	0.380943	0.024485
1382	U	0.12734	0.017855
1383	C	0.433946	0.033724
1384	A	1.538944	0.034388
1385	U	0.31634	0.023101
1386	U	0.904347	0.024887
1387	U	0.392847	0.021526
1388	A	0.811982	0.021636
1389	U	0.203391	0.015119
1390	G	0.688636	0.051054
1391	A	0.248201	0.017054
1392	A	0.273861	0.018547
1393	C	0.203465	0.034169
1394	U	0.686404	0.023586
1395	U	0.446764	0.031624
1396	C	0.222939	0.034807
1397	C	0.589297	0.036734
1398	C	0.314477	0.049503
1399	A	0.095999	0.022966
1400	G	1.005875	0.044457
1401	G	1.104488	0.040962
1402	A	0.582709	0.023651
1403	U	0.602525	0.02295
1404	A	0.28661	0.01637
1405	G	0.552273	0.039243
1406	C	0.109098	0.028409
1407	A	1.130257	0.027698
1408	C	0.081589	0.032499
1409	A	0.203873	0.015377
1410	C	0.108615	0.035381
1411	A	0.76403	0.023474
1412	U	0.610927	0.02298
1413	C	0.424601	0.034916
1414	G	0.960348	0.051389
1415	U	0.259449	0.021962
1416	U	0.896262	0.036837
1417	C	0.506287	0.046261
1418	C	0.330739	0.037196
1419	C	0.411099	0.112316
1420	U	0.420611	0.023416
1421	U	0.765173	0.04045
1422	C	0.484515	0.037596
1423	C	0.420431	0.039074
1424	C	nan	nan
1425	U	0.504748	0.028007
1426	U	0.598807	0.022792
1427	C	0.268325	0.034588
1428	G	1.476942	0.043715
1429	U	0.770233	0.030264
1430	U	0.30047	0.019337
1431	C	0.749763	0.056259
1432	G	1.042598	0.051729
1433	A	0.881302	0.02637
1434	U	0.382903	0.022658
1435	U	0.784442	0.037854
1436	A	0.856454	0.028774
1437	U	0.314859	0.0225
1438	C	0.740331	0.052549
1439	A	0.071087	0.021081
1440	A	0.862804	0.025917
1441	A	1.010782	0.042412
1442	U	0.814467	0.032976
1443	U	0.155583	0.018623
1444	U	0.479446	0.022104
1445	G	1.333325	0.060708
1446	A	0.566855	0.027214
1447	U	0.559216	0.031436
1448	U	0.196264	0.021158
1449	C	0.562592	0.062232
1450	A	0.895482	0.039098
1451	A	1.243577	0.036527
1452	A	0.447766	0.025968
1453	C	0.353336	0.064566
1454	U	0.306565	0.043386
1455	C	0.565475	0.046785
1456	C	0.378806	0.050662
1457	A	0.268792	0.024948
1458	G	0.85409	0.04755
1459	G	0.890819	0.064033
1460	A	1.077901	0.033657
1461	A	0.503061	0.045783
1462	U	0.136574	0.036995
1463	U	0.381296	0.02501
1464	G	0.709518	0.066765
1465	A	0.37121	0.020367
1466	U	0.312424	0.027809
1467	C	0.596412	0.056434
1468	A	0.977386	0.030877
1469	C	0.199385	0.037
1470	A	0.674999	0.029138
1471	U	0.185476	0.022511
1472	U	0.64901	0.031545
1473	G	0.589376	0.061914
1474	G	0.606587	0.05265
1475	G	0.188472	0.043966
1476	G	0.322825	0.042883
1477	A	1.219546	0.039565
1478	G	0.467527	0.047444
1479	G	0.405248	0.039503
1480	U	0.424582	0.051262
1481	C	0.31014	0.06431
1482	C	0.347066	0.041729
1483	U	0.495245	0.024439
1484	A	1.799644	0.038614
1485	U	0.561715	0.028507
1486	U	0.677859	0.02365
1487	A	1.745831	0.040517
1488	G	0.393242	0.092667
1489	G	0.473624	0.086472
1490	G	0.162633	0.110291
1491	U	0.700797	0.093182
1492	U	0.005582	0.077079
1493	C	0.433418	0.076288
1494	C	0.356204	0.038481
1495	U	0.185274	0.018015
1496	A	0.583708	0.025824
1497	G	0.623586	0.040834
1498	G	0.450196	0.043632
1499	A	0.06413	0.018704
1500	G	0.097207	0.069303
1501	C	0.119175	0.099312
1502	C	0.243692	0.051049
1503	C	0.2453	0.068885
1504	A	0.82732	0.026578
1505	C	0.146197	0.018925
1506	A	1.584945	0.032282
1507	U	0.338438	0.020883
1508	U	0.404961	0.018959
1509	G	0.756077	0.030794
1510	U	0.245229	0.040361
1511	C	0.532314	0.09193
1512	C	0.476004	0.04367
1513	C	0.326072	0.055246
1514	A	0.130657	0.018366
1515	G	0.187452	0.040467
1516	G	0.342105	0.031281
1517	U	0.164658	0.051874
1518	C	0.420558	0.042333
1519	U	0.696623	0.023221
1520	G	1.46971	0.046401
1521	U	0.631634	0.022433
1522	U	0.76223	0.034221
1523	G	0.520606	0.033201
1524	G	0.692291	0.12255
1525	C	0.080272	0.050105
1526	C	nan	nan
1527	U	0.772574	0.037206
1528	U	0.170942	0.018528
1529	U	0.162284	0.015629
1530	U	0.506539	0.028193
1531	C	0.343392	0.051006
1532	C	0.380154	0.040575
1533	C	0.646169	0.104995
1534	U	0.497774	0.024202
1535	U	0.585475	0.026697
1536	G	1.038883	0.046977
1537	G	0.877077	0.049159
1538	G	0.629817	0.033053
1539	U	0.282546	0.039435
1540	G	0.826893	0.041338
1541	C	0.059184	0.036134
1542	A	0.391564	0.020868
1543	G	1.114244	0.042073
1544	A	0.494083	0.0635
1545	U	0.781327	0.032026
1546	U	0.42847	0.018669
1547	U	0.306678	0.016791
1548	U	0.420823	0.023172
1549	C	0.57261	0.044178
1550	C	0.283674	0.032439
1551	C	0.424314	0.040374
1552	G	0.85195	0.041659
1553	A	0.311589	0.016408
1554	U	0.950766	0.025211
1555	A	1.236539	0.029723
1556	U	0.330518	0.02105
1557	U	0.503406	0.019928
1558	C	0.644507	0.043571
1559	G	1.854778	0.037968
1560	C	0.348477	0.027246
1561	G	1.060482	0.043107
1562	G	nan	nan
1563	U	0.33325	0.021773
1564	U	0.486618	0.019044
1565	U	0.082158	0.039482
1566	C	0.285275	0.037251
1567	C	0.297054	0.031333
1568	A	0.938743	0.02413
1569	C	0.355725	0.019403
1570	U	0.885733	0.025082
1571	G	1.495953	0.075869
1572	U	1.143333	0.030307
1573	U	0.27757	0.014686
1574	U	0.173267	0.040293
1575	C	0.378349	0.031518
1576	C	0.592252	0.037098
1577	G	2.183164	0.036688
1578	U	0.574024	0.020962
1579	G	0.73259	0.037749
1580	G	0.349813	0.034469
1581	C	0.098716	0.029998
1582	A	0.522954	0.027531
1583	U	0.38151	0.021561
1584	U	0.361799	0.019932
1585	C	0.451152	0.047083
1586	A	0.757707	0.020342
1587	C	0.160943	0.016076
1588	U	1.4282	0.026238
1589	A	0.110945	0.011628
1590	C	0.242537	0.03098
1591	U	0.84525	0.024787
1592	U	0.692055	0.026542
1593	C	0.288166	0.03468
1594	A	1.046466	0.02739
1595	A	0.906515	0.027553
1596	U	0.696105	0.055777
1597	C	0.423993	0.040492
1598	C	0.35969	0.039553
1599	C	0.132636	0.040643
1600	C	0.362144	0.062421
1601	C	0.157956	0.049927
1602	U	0.221071	0.037027
1603	C	0.306745	0.044661
1604	U	0.01698	0.050784
1605	C	0.425188	0.040224
1606	U	0.379433	0.023262
1607	G	1.792282	0.043869
1608	U	0.21447	0.019883
1609	U	0.180541	0.01671
1610	A	0.230663	0.016496
1611	G	0.746352	0.031234
1612	C	0.43742	0.032253
1613	G	1.126241	0.034903
1614	U	0.588358	0.025429
1615	G	0.837311	0.063461
1616	U	0.160805	0.027244
1617	U	0.30313	0.023077
1618	C	0.525944	0.066564
1619	A	0.815446	0.034808
1620	C	0.169862	0.027882
1621	C	nan	nan
1622	U	1.46232	0.053263
1623	U	0.343126	0.021447
1624	U	0.311516	0.017395
1625	G	1.18853	0.04315
1626	U	0.641611	0.026085
1627	U	0.192879	0.039821
1628	C	0.78212	0.054408
1629	C	0.554604	0.076132
1630	A	1.629637	0.054104
1631	U	0.494995	0.027952
1632	U	0.318987	0.022633
1633	U	0.821691	0.027965
1634	G	0.632539	0.038138
1635	C	0.101704	0.032309
1636	C	0.336902	0.06003
1637	A	0.866239	0.02794
1638	C	0.108024	0.029881
1639	A	0.100459	0.017627
1640	G	0.927465	0.038361
1641	C	0.096259	0.028733
1642	A	0.699514	0.024775
1643	U	0.587744	0.025047
1644	G	0.955082	0.064625
1645	G	0.684284	0.036193
1646	U	0.626498	0.026807
1647	G	0.929212	0.03336
1648	U	0.42917	0.093
1649	C	0.42189	0.06025
1650	C	0.488237	0.057172
1651	A	0.534188	0.021236
1652	A	0.173984	0.022518
1653	G	0.750129	0.049555
1654	A	0.297753	0.023032
1655	C	0.557288	0.027218
1656	A	0.387353	0.019457
1657	U	1.078062	0.04263
1658	A	1.62611	0.060358
1659	U	0.70251	0.033908
1660	U	0.658237	0.025764
1661	U	0.114304	0.022571
1662	U	0.290562	0.017588
1663	G	0.973726	0.033086
1664	U	0.080558	0.049907
1665	C	0.709099	0.056919
1666	U	0.547695	0.055747
1667	C	0.446673	0.054546
1668	C	0.930384	0.122277
1669	U	0.646977	0.044976
1670	U	0.380684	0.026557
1671	U	0.1723	0.022718
1672	A	0.205549	0.024255
1673	G	0.588418	0.049325
1674	C	0.293584	0.116112
1675	U	1.006327	0.048624
1676	U	0.694742	0.048593
1677	C	0.358786	0.065182
1678	A	1.047522	0.045035
1679	A	1.514051	0.052694
1680	U	0.228051	0.034651
1681	C	0.366208	0.06938
1682	A	0.790745	0.045692
1683	G	0.736781	0.073872
1684	C	0.113239	0.084036
1685	A	1.30417	0.056168
1686	C	0.082237	0.066255
1687	A	0.307005	0.045057
1688	C	0.187551	0.108202
1689	A	0.497849	0.038991
1690	G	0.871624	0.078712
1691	G	0.52142	0.086367
1692	C	5.680667	0.380672
1693	A	0.724991	0.043978
1694	A	0.529249	0.041815
1695	U	0.080592	0.03653
1696	G	1.369095	0.101969
1697	A	0.44966	0.043491
1698	A	0.069323	0.049584
1699	U	0.508605	0.044347
1700	A	0.499769	0.041187
1701	C	0.318874	0.048957
1702	C	0.622215	0.079917
1703	A	0.4096	0.037738
1704	G	1.816536	0.116419
1705	A	0.573715	0.040598
1706	A	0.971793	0.085777
1707	U	0.600318	0.055997
1708	U	1.218347	0.104356
1709	U	0.621846	0.046017
1710	G	2.381865	0.147512
1711	A	0.342027	0.043194
1712	G	1.129952	0.061907
1713	U	0.910561	0.052628
1714	G	1.514974	0.129396
1715	U	0.235957	0.05452
1716	U	0.5986	0.048687
1717	C	1.202145	0.154981
1718	A	1.396622	0.088317
1719	U	0.340916	0.057356
1720	U	0.591724	0.053992
1721	U	0.149587	0.068419
1722	U	0.135493	0.048753
1723	G	1.117104	0.115278
1724	U	0.39478	0.119446
1725	A	0.935712	0.132068
1726	U	0.533194	0.196549
1727	C	0.489424	0.221907
1728	C	0.607827	0.29145
1729	C	0.807474	0.279347
1730	C	0.304237	0.568539
1731	U	nan	nan
1732	G	nan	nan
1733	C	nan	nan
1734	U	nan	nan
1735	U	nan	nan
1736	U	nan	nan
1737	U	nan	nan
1738	G	nan	nan
1739	C	nan	nan
1740	U	nan	nan
