Nucleotide	Sequence	Norm_profile	Norm_stderr
1	A	nan	nan
2	G	nan	nan
3	U	nan	nan
4	A	nan	nan
5	G	nan	nan
6	A	nan	nan
7	A	nan	nan
8	A	0.739659	0.526457
9	C	0.074717	0.645833
10	A	0.66258	0.916576
11	A	1.170787	0.560166
12	G	0.085411	0.26779
13	G	0.257346	0.094246
14	U	0.151817	0.046136
15	A	0.1615	0.052421
16	G	2.090428	0.148492
17	U	0.295098	0.067284
18	U	0.147682	0.028286
19	U	0.068464	0.029508
20	U	0.048616	0.029244
21	U	0.790444	0.196232
22	U	0.103771	0.018239
23	A	0.253346	0.024557
24	C	0.186701	0.024986
25	U	0.141281	0.087707
26	C	0.470434	0.101923
27	C	0.220885	0.037755
28	A	0.191317	0.023256
29	G	0.261962	0.037495
30	C	0.038161	0.015888
31	U	0.249714	0.042164
32	C	0.198656	0.05853
33	U	0.286195	0.021102
34	A	0.518859	0.025283
35	U	0.549723	0.023523
36	G	0.654717	0.032962
37	U	0.065338	0.017938
38	U	0.187422	0.019241
39	G	0.709174	0.061656
40	A	0.036155	0.010009
41	C	0.411664	0.038725
42	A	0.24677	0.019681
43	A	1.209705	0.029357
44	A	0.220724	0.014722
45	A	0.317269	0.016166
46	U	0.118137	0.014311
47	G	0.859378	0.077355
48	A	0.080911	0.012532
49	C	0.138562	0.022297
50	U	0.132005	0.013084
51	A	0.486578	0.018809
52	U	0.503989	0.021456
53	C	0.558963	0.044523
54	G	0.793728	0.030823
55	U	0.20636	0.020371
56	C	0.385662	0.052223
57	A	0.310688	0.017204
58	A	0.473445	0.026008
59	C	0.166126	0.018071
60	A	0.438711	0.016392
61	U	0.04167	0.066306
62	C	0.281505	0.03079
63	C	0.659605	0.043204
64	A	0.299666	0.018222
65	C	0.096161	0.020985
66	A	0.030677	0.010928
67	G	0.240244	0.029662
68	C	0.108922	0.023505
69	A	0.428337	0.016439
70	C	0.332727	0.018912
71	U	0.440031	0.026219
72	C	0.472805	0.060315
73	U	0.202236	0.014571
74	G	0.265146	0.028911
75	C	0.083074	0.022968
76	U	0.198151	0.013365
77	G	1.793233	0.045697
78	U	0.291513	0.017481
79	U	0.189327	0.026658
80	C	0.665998	0.064246
81	C	0.308866	0.045179
82	U	0.127861	0.014182
83	G	0.175849	0.029335
84	C	0.266923	0.036424
85	C	0.428347	0.063777
86	G	0.474196	0.041294
87	A	0.065545	0.013227
88	U	0.9641	0.029646
89	A	1.442236	0.041791
90	U	0.385525	0.021895
91	U	0.197343	0.023418
92	C	0.393871	0.046094
93	U	0.369713	0.019234
94	U	0.526539	0.029382
95	C	0.311914	0.033285
96	C	0.374111	0.049672
97	C	0.455137	0.05274
98	U	0.105514	0.025529
99	C	0.294237	0.044084
100	A	0.562818	0.021103
101	U	0.959572	0.025758
102	A	0.728493	0.022223
103	G	0.504038	0.044277
104	A	0.195874	0.015221
105	C	0.249111	0.017096
106	U	1.096767	0.02758
107	C	1.238807	0.044129
108	A	0.631106	0.023853
109	G	0.926821	0.040004
110	G	0.300607	0.036974
111	C	0.24105	0.022261
112	A	0.605897	0.020425
113	C	0.2295	0.019232
114	U	0.913851	0.036898
115	C	0.320388	0.040801
116	C	0.364085	0.045032
117	U	0.78159	0.030357
118	U	0.356815	0.041449
119	C	0.275994	0.033156
120	C	0.368429	0.040098
121	G	0.921067	0.034468
122	U	0.349006	0.020537
123	A	0.619598	0.02807
124	G	1.275455	0.043685
125	A	0.757891	0.028345
126	A	0.521678	0.024252
127	G	0.333655	0.038629
128	G	0.076955	0.131633
129	C	0.404562	0.03417
130	C	0.623868	0.061662
131	C	0.246134	0.034509
132	U	0.835851	0.047282
133	C	0.370593	0.070385
134	U	0.426011	0.047372
135	U	0.433542	0.030231
136	U	0.222151	0.018879
137	U	0.267503	0.021506
138	C	0.560021	0.066148
139	A	1.023897	0.030659
140	A	0.747133	0.026564
141	U	0.144353	0.040641
142	C	0.478073	0.042487
143	C	0.473232	0.050236
144	G	0.584512	0.036466
145	U	0.507496	0.0275
146	A	1.253849	0.041544
147	U	0.334233	0.027503
148	U	0.249144	0.019265
149	U	0.240687	0.021384
150	A	0.399531	0.027824
151	A	0.225023	0.048711
152	G	0.706808	0.044017
153	G	0.726713	0.043892
154	C	0.458428	0.040732
155	G	0.622078	0.070131
156	A	0.842728	0.036201
157	C	0.170739	0.040276
158	G	0.496023	0.050629
159	A	0.222486	0.020294
160	U	0.800908	0.034184
161	A	0.60451	0.030001
162	A	1.079275	0.034333
163	A	0.320988	0.019307
164	U	0.356578	0.021707
165	G	0.184523	0.038386
166	C	0.228258	0.030413
167	A	0.692483	0.039662
168	U	0.630475	0.035896
169	U	0.159046	0.02002
170	U	0.208013	0.026368
171	G	1.332179	0.05144
172	A	0.416624	0.022166
173	A	1.699673	0.039325
174	G	1.65071	0.066742
175	A	0.105428	0.028596
176	A	0.738381	0.026426
177	A	0.02555	0.014695
178	A	0.123974	0.030357
179	G	1.122273	0.042875
180	A	0.464682	0.023744
181	U	1.00648	0.036783
182	G	0.754856	0.079928
183	A	0.383208	0.02663
184	U	0.291909	0.022927
185	C	0.668686	0.055823
186	A	0.312727	0.019953
187	A	0.330939	0.01961
188	G	1.336402	0.051117
189	A	0.225582	0.019075
190	A	0.269246	0.015829
191	U	0.110746	0.060561
192	C	0.45125	0.041459
193	C	0.313838	0.039958
194	A	0.73029	0.02457
195	C	0.299623	0.023685
196	A	0.337965	0.017503
197	A	0.013005	0.0103
198	U	1.319995	0.033988
199	A	0.469215	0.019516
200	U	0.431015	0.02184
201	C	0.415673	0.042399
202	A	0.559351	0.022448
203	A	0.11292	0.011851
204	G	0.257282	0.024568
205	U	0.213631	0.019847
206	G	0.285151	0.038321
207	C	0.117747	0.040974
208	A	0.134058	0.014354
209	A	0.333236	0.020483
210	G	0.479739	0.037028
211	A	0.346555	0.020137
212	U	0.545172	0.033575
213	C	0.583511	0.051333
214	C	0.443388	0.039535
215	C	0.331763	0.04067
216	A	0.679556	0.021559
217	A	0.688673	0.021579
218	U	0.583091	0.020283
219	G	1.499077	0.043492
220	A	0.163207	0.014922
221	U	0.592775	0.02116
222	G	0.492063	0.026608
223	C	0.152697	0.02983
224	U	0.910418	0.025419
225	U	0.280369	0.015554
226	G	1.502865	0.033819
227	C	0.524106	0.040463
228	G	1.525676	0.049319
229	G	0.508135	0.039563
230	C	0.167319	0.031691
231	A	1.639614	0.030682
232	A	0.449926	0.019368
233	U	0.815968	0.022078
234	A	0.888607	0.023314
235	A	0.213678	0.013149
236	C	0.291822	0.025667
237	G	0.798896	0.046568
238	A	1.804765	0.031986
239	G	0.20363	0.041467
240	A	0.783002	0.024883
241	G	1.283834	0.050774
242	G	0.514946	0.040307
243	A	0.458494	0.018097
244	U	0.31404	0.020237
245	C	0.504067	0.039923
246	A	0.505417	0.028024
247	C	0.510473	0.022574
248	U	0.741843	0.022917
249	U	0.645461	0.021345
250	G	1.349576	0.054085
251	A	0.59161	0.022593
252	A	0.517951	0.017367
253	U	0.358794	0.020368
254	C	0.459335	0.04262
255	G	1.327698	0.039876
256	C	0.262109	0.021643
257	U	1.026106	0.026221
258	G	0.350258	0.032235
259	C	0.294361	0.049167
260	A	1.761891	0.036011
261	U	0.31896	0.023525
262	U	0.127878	0.017465
263	U	0.19357	0.014417
264	G	0.191362	0.029494
265	C	0.199022	0.029408
266	A	0.528125	0.019465
267	C	0.198238	0.019358
268	U	0.73245	0.037192
269	C	0.4665	0.050817
270	C	0.417888	0.039241
271	C	0.453067	0.066293
272	A	0.566359	0.022221
273	U	0.749241	0.039622
274	C	0.377613	0.031094
275	C	0.551289	0.041734
276	G	1.493325	0.04648
277	U	0.553801	0.029358
278	U	0.808618	0.025398
279	U	0.339024	0.028546
280	C	0.295414	0.035874
281	U	0.257965	0.025347
282	G	0.54306	0.039135
283	A	0.588871	0.023823
284	U	0.394118	0.019544
285	A	1.197912	0.040019
286	G	0.742352	0.039191
287	G	0.747661	0.038758
288	C	0.264713	0.033107
289	C	0.251205	0.072141
290	U	0.210414	0.019545
291	G	0.481629	0.034931
292	C	0.027573	0.08303
293	A	0.140439	0.015206
294	A	0.445581	0.019103
295	A	0.376007	0.027135
296	U	0.467654	0.023372
297	U	0.387238	0.02853
298	U	0.111965	0.014662
299	U	0.478334	0.022822
300	C	0.455305	0.040412
301	A	0.72141	0.041096
302	A	0.240723	0.029005
303	G	2.692379	0.050293
304	A	0.163754	0.02418
305	A	0.179493	0.044015
306	G	1.190349	0.047087
307	A	0.583372	0.025765
308	U	0.544143	0.023468
309	C	1.312383	0.0513
310	A	0.111633	0.022846
311	U	0.55486	0.032148
312	C	nan	nan
313	U	0.665051	0.035681
314	U	0.728823	0.024076
315	U	0.123647	0.015
316	U	0.306553	0.019615
317	A	0.177698	0.023808
318	G	0.905837	0.049744
319	A	0.514742	0.025949
320	C	0.363556	0.025653
321	C	0.245939	0.035049
322	A	0.257364	0.016182
323	G	0.834197	0.033771
324	C	0.302269	0.022376
325	A	0.771376	0.025371
326	C	0.295681	0.019477
327	U	0.666577	0.020519
328	G	0.996538	0.038309
329	G	0.635481	0.040235
330	A	0.663329	0.025348
331	G	0.566306	0.03236
332	C	0.254696	0.021454
333	U	0.555202	0.018811
334	A	0.674574	0.023734
335	G	0.666213	0.040712
336	G	1.607759	0.042598
337	A	0.57505	0.020329
338	U	0.796216	0.022117
339	G	0.727214	0.038611
340	A	0.365378	0.017272
341	G	0.918498	0.025015
342	U	0.300808	0.03035
343	C	0.517201	0.044554
344	C	0.35085	0.040982
345	C	0.53636	0.043647
346	A	1.333824	0.024752
347	A	0.941009	0.027866
348	U	0.660901	0.018859
349	G	0.836307	0.040537
350	G	0.88603	0.027343
351	U	0.614781	0.029361
352	C	1.53235	0.081803
353	C	0.382543	0.032666
354	U	0.391102	0.022212
355	C	0.239015	0.029398
356	A	0.812431	0.022598
357	U	0.147366	0.015733
358	U	0.147582	0.024403
359	G	0.661855	0.025896
360	C	0.161111	0.045549
361	C	0.378024	0.030254
362	U	0.223703	0.021133
363	G	0.330331	0.02892
364	C	0.127283	0.020908
365	A	0.598925	0.023289
366	C	0.436068	0.02447
367	C	0.256214	0.043113
368	A	0.881417	0.020884
369	U	1.021625	0.029777
370	C	0.338004	0.027329
371	U	0.365733	0.019958
372	G	0.678729	0.031676
373	C	0.118589	0.03271
374	C	0.281654	0.032576
375	U	0.070986	0.014261
376	A	0.256592	0.016295
377	G	0.420824	0.026873
378	C	1.069251	0.054885
379	C	0.254781	0.038543
380	U	0.421858	0.01944
381	G	0.862395	0.046904
382	A	0.606072	0.020374
383	C	0.143808	0.023574
384	U	0.083587	0.015472
385	G	0.490464	0.04811
386	G	0.245517	0.039655
387	C	0.045744	0.026301
388	A	0.10606	0.01408
389	A	0.482139	0.02079
390	C	0.147114	0.035688
391	C	0.279795	0.030359
392	U	0.706775	0.049271
393	C	0.536483	0.03121
394	C	0.249661	0.029329
395	A	0.801911	0.023013
396	U	0.324395	0.018201
397	A	0.177667	0.017209
398	G	0.67377	0.028157
399	C	0.140518	0.032513
400	C	0.286468	0.029704
401	U	0.873789	0.036905
402	C	0.277653	0.024786
403	U	0.80291	0.023067
404	G	2.285232	0.039914
405	C	0.034997	0.038432
406	U	0.203002	0.015841
407	G	0.235195	0.02601
408	C	0.142815	0.031017
409	U	0.768338	0.023601
410	U	0.680796	0.026558
411	G	0.983526	0.041028
412	U	0.429288	0.026279
413	U	0.413338	0.022332
414	C	0.826214	0.071832
415	A	0.494678	0.023285
416	C	0.336776	0.02216
417	U	0.796127	0.030703
418	C	0.491917	0.059539
419	G	0.603217	0.047629
420	A	0.807481	0.030256
421	C	0.237181	0.030459
422	C	0.425704	0.044219
423	C	0.292453	0.037282
424	U	0.164233	0.021845
425	G	0.659999	0.041976
426	C	0.082682	0.037396
427	C	0.323699	0.054813
428	A	0.502012	0.023821
429	U	0.113711	0.028782
430	C	0.251544	0.028353
431	U	1.075179	0.030839
432	G	0.281353	0.032024
433	C	nan	nan
434	U	0.397558	0.049443
435	C	1.542115	0.057505
436	C	0.328735	0.04822
437	A	0.627636	0.026158
438	U	0.668827	0.027077
439	G	0.610198	0.042394
440	G	0.175665	0.059345
441	C	0.126307	0.055181
442	C	0.709318	0.049045
443	U	0.255577	0.023264
444	U	0.126118	0.018038
445	A	0.164894	0.019367
446	G	0.667986	0.036855
447	C	0.114919	0.031901
448	C	0.39977	0.042558
449	G	1.063673	0.039683
450	U	0.212396	0.019419
451	A	1.198873	0.036006
452	G	0.392141	0.027895
453	U	0.080098	0.022376
454	A	0.38324	0.021784
455	C	0.601761	0.029411
456	U	0.36519	0.027534
457	A	0.485477	0.030187
458	G	1.180241	0.039947
459	C	0.315941	0.039426
460	C	0.71583	0.045633
461	A	0.249125	0.020154
462	G	0.453871	0.027002
463	U	0.100965	0.028456
464	A	0.779937	0.030208
465	C	0.23898	0.032105
466	C	0.38714	0.068786
467	A	0.718934	0.024044
468	U	0.767583	0.032508
469	C	0.335812	0.034576
470	C	0.479664	0.039311
471	U	0.756654	0.02605
472	G	1.132254	0.038151
473	U	1.333537	0.03297
474	U	0.241633	0.027142
475	C	0.903731	0.049186
476	U	0.416637	0.024306
477	C	0.510112	0.044742
478	A	0.941932	0.025818
479	U	0.264996	0.017517
480	G	1.39855	0.033367
481	U	0.180237	0.037236
482	C	0.573455	0.043519
483	U	0.450965	0.021945
484	G	1.018207	0.0542
485	A	0.982379	0.027418
486	U	0.410987	0.023132
487	C	0.785297	0.051761
488	A	1.451573	0.031437
489	A	0.770455	0.023196
490	U	0.584526	0.024764
491	G	1.062415	0.053327
492	G	1.080599	0.048561
493	G	nan	nan
494	U	0.288713	0.026212
495	U	0.970808	0.027023
496	G	0.93041	0.049959
497	G	0.935175	0.04194
498	U	0.085247	0.018959
499	U	0.979101	0.026473
500	G	1.019798	0.032437
501	U	0.124749	0.017007
502	U	0.134854	0.013816
503	G	1.663446	0.034097
504	U	0.758828	0.02889
505	C	0.485426	0.049403
506	A	0.887171	0.024176
507	C	0.428792	0.027476
508	C	0.412893	0.070207
509	A	0.572668	0.020898
510	U	0.436063	0.03411
511	C	0.330364	0.027263
512	U	0.310394	0.020953
513	G	0.949863	0.028437
514	U	0.047442	0.050257
515	C	0.818586	0.08553
516	U	0.227133	0.01924
517	G	0.975705	0.030759
518	U	0.171153	0.020071
519	G	0.828661	0.045778
520	A	0.689563	0.023312
521	G	0.460981	0.047833
522	A	0.514599	0.022587
523	C	0.498846	0.025539
524	C	0.462269	0.041161
525	G	1.110139	0.039835
526	A	0.992603	0.027394
527	U	0.729913	0.021474
528	G	0.389206	0.03057
529	C	0.205545	0.032751
530	U	0.43053	0.021327
531	G	0.654347	0.044993
532	G	0.768565	0.042655
533	G	0.558232	0.056573
534	A	0.842729	0.025738
535	G	0.936476	0.028952
536	U	1.412688	0.033432
537	C	0.410205	0.044061
538	A	0.057422	0.012782
539	G	0.375163	0.03409
540	C	0.056656	0.029717
541	A	0.836558	0.02867
542	A	0.512474	0.018555
543	U	0.797136	0.032734
544	C	0.521391	0.033487
545	C	0.581876	0.039442
546	G	0.773849	0.037689
547	C	0.248877	0.019649
548	U	0.66557	0.030224
549	C	0.58284	0.065455
550	A	1.223814	0.029165
551	C	0.074307	0.018489
552	A	0.969904	0.024955
553	U	0.543016	0.024775
554	G	1.574855	0.033451
555	U	1.336942	0.028782
556	G	0.518754	0.055201
557	G	0.164375	0.030967
558	C	0.3256	0.028023
559	G	0.757588	0.042922
560	C	0.094201	0.026769
561	A	0.93586	0.026899
562	C	0.071245	0.023813
563	A	0.16861	0.017358
564	C	0.196047	0.02399
565	C	0.226102	0.049323
566	A	0.281077	0.02343
567	G	0.397427	0.037795
568	G	0.295582	0.054195
569	C	0.157267	0.032605
570	C	0.276151	0.131918
571	A	0.118806	0.018302
572	A	0.362061	0.019548
573	A	0.205901	0.016194
574	C	0.236995	0.022352
575	G	0.326568	0.033817
576	C	0.182117	0.032247
577	C	0.209297	0.036506
578	A	0.412237	0.020421
579	C	0.132879	0.095492
580	U	0.56977	0.026602
581	U	0.424253	0.022168
582	C	0.527044	0.053823
583	G	0.671916	0.054309
584	G	0.423513	0.028755
585	U	0.446364	0.023561
586	G	0.462275	0.05982
587	G	0.257912	0.029704
588	U	0.07904	0.025447
589	C	0.702805	0.05492
590	A	1.020766	0.030035
591	C	0.108255	0.017038
592	A	0.282277	0.016545
593	G	0.971185	0.043656
594	U	0.300844	0.021776
595	U	0.70715	0.031723
596	C	0.520133	0.070764
597	C	0.358308	0.035369
598	C	0.36756	0.067919
599	A	0.357092	0.039426
600	U	0.749759	0.027699
601	U	0.4351	0.032833
602	C	0.597861	0.040779
603	U	0.334759	0.018075
604	G	0.726541	0.037856
605	U	1.317349	0.033507
606	U	0.062726	0.012953
607	G	1.421459	0.034573
608	U	0.108985	0.016356
609	A	2.078851	0.037286
610	U	0.055428	0.017266
611	A	0.712832	0.023444
612	U	0.408042	0.019254
613	G	1.267687	0.042561
614	A	0.803221	0.028443
615	G	1.142525	0.038367
616	G	0.560063	0.04254
617	C	0.192887	0.041537
618	C	0.329789	0.032156
619	C	0.296315	0.04522
620	A	0.307941	0.017628
621	U	0.676222	0.024043
622	G	0.798299	0.034831
623	C	0.133961	0.028049
624	A	1.223916	0.032968
625	A	0.60591	0.01999
626	C	0.242256	0.028214
627	U	0.066099	0.015517
628	G	0.625738	0.043567
629	G	0.261012	0.06739
630	C	0.095419	0.029041
631	A	1.044785	0.026569
632	A	0.473275	0.021373
633	G	0.870447	0.028435
634	U	0.612073	0.031463
635	G	0.328715	0.034237
636	C	0.284064	0.026206
637	A	0.834809	0.02559
638	C	0.193702	0.024861
639	C	0.378728	0.048253
640	A	0.156774	0.015816
641	G	0.884952	0.030867
642	U	0.606968	0.023674
643	G	0.969202	0.044369
644	G	1.08889	0.04858
645	A	1.233492	0.029943
646	A	0.648587	0.02061
647	U	1.062732	0.024895
648	A	0.241424	0.013638
649	A	0.239386	0.015175
650	C	0.418939	0.01925
651	U	0.925186	0.024179
652	G	1.146122	0.045851
653	A	0.695669	0.033915
654	G	0.931389	0.028455
655	U	0.749734	0.022859
656	G	0.83694	0.037451
657	C	0.220986	0.030617
658	U	0.28962	0.020068
659	A	0.723739	0.022444
660	C	0.121587	0.026055
661	C	0.293037	0.037967
662	U	1.462235	0.045018
663	C	0.326876	0.045949
664	C	0.63958	0.044095
665	U	0.954725	0.028376
666	U	0.523384	0.023486
667	G	0.649208	0.037786
668	G	0.724622	0.053024
669	C	0.096919	0.035062
670	C	0.51129	0.058071
671	C	0.40101	0.073009
672	C	0.238749	0.035866
673	A	0.478149	0.025294
674	U	0.360858	0.034696
675	G	1.26468	0.044969
676	G	1.20183	0.057643
677	A	1.439504	0.038756
678	A	0.705504	0.022946
679	U	0.530122	0.025175
680	G	1.075858	0.033255
681	U	0.984218	0.029147
682	A	0.367252	0.018232
683	A	1.023914	0.033622
684	U	0.301657	0.023221
685	U	0.247922	0.018792
686	U	0.644528	0.038616
687	C	0.392823	0.040651
688	C	0.621318	0.039297
689	C	0.424249	0.084836
690	U	0.53372	0.067655
691	U	0.560037	0.026478
692	U	0.050877	0.014978
693	U	0.149939	0.01662
694	G	0.590248	0.064608
695	A	0.401268	0.022242
696	G	0.812804	0.030405
697	C	0.21966	0.049899
698	U	0.34828	0.023046
699	U	0.333732	0.028866
700	C	0.623568	0.039146
701	C	0.340912	0.036195
702	U	0.459591	0.021143
703	G	0.973965	0.031488
704	U	0.211153	0.018138
705	A	0.752752	0.02444
706	C	0.312359	0.023954
707	A	0.535774	0.020868
708	G	1.141545	0.047718
709	U	0.247935	0.027515
710	U	0.10885	0.015673
711	U	0.135068	0.028961
712	G	0.623004	0.057053
713	A	0.130518	0.018016
714	C	0.132664	0.020029
715	U	0.211505	0.01871
716	G	0.521584	0.037034
717	C	0.213708	0.032578
718	C	0.604259	0.047001
719	C	0.15255	0.040132
720	U	0.221056	0.01988
721	G	0.547874	0.028754
722	U	0.06813	0.065987
723	C	0.511009	0.058746
724	C	0.497233	0.057044
725	A	0.724741	0.024946
726	U	0.342712	0.020644
727	G	1.097391	0.038016
728	U	1.323135	0.031449
729	U	0.02766	0.020046
730	G	1.430673	0.058408
731	U	1.248432	0.03562
732	U	0.190878	0.016768
733	U	0.549906	0.025436
734	G	0.750062	0.045785
735	G	0.469986	0.039224
736	A	0.583913	0.02243
737	U	0.161686	0.027238
738	C	0.964439	0.039504
739	U	0.150634	0.052092
740	C	0.505173	0.041344
741	C	0.239639	0.034858
742	A	0.848209	0.027435
743	U	0.440427	0.02061
744	U	0.648149	0.031235
745	C	0.717125	0.052291
746	C	0.330706	0.036874
747	C	0.468325	0.079178
748	A	0.753599	0.024383
749	U	0.373993	0.019339
750	U	0.821583	0.02553
751	A	0.711142	0.024079
752	A	0.256631	0.016673
753	G	2.063134	0.05799
754	A	0.074531	0.01603
755	G	0.699394	0.036559
756	C	0.42772	0.025721
757	A	1.541596	0.04535
758	U	1.454241	0.044795
759	U	0.592421	0.021653
760	U	0.627321	0.022668
761	U	1.129707	0.027457
762	G	0.966434	0.049286
763	G	0.723322	0.047592
764	A	0.445588	0.024469
765	C	0.4653	0.069555
766	A	0.337697	0.019119
767	A	1.169764	0.031365
768	A	0.160614	0.019548
769	G	0.513633	0.02468
770	C	0.151666	0.022544
771	G	0.195983	0.019894
772	U	0.087126	0.043671
773	C	0.256791	0.024197
774	U	0.018044	0.013878
775	A	0.088021	0.01273
776	C	0.527239	0.022483
777	G	0.166118	0.027897
778	C	0.051894	0.021585
779	U	0.162301	0.015283
780	G	0.113192	0.033357
781	C	0.09601	0.028037
782	A	0.204254	0.020638
783	G	0.565872	0.023707
784	U	0.476484	0.036109
785	C	0.307095	0.043926
786	C	1.051889	0.045292
787	U	0.750404	0.032026
788	C	0.431429	0.034025
789	G	0.270886	0.051371
790	C	0.045044	0.020541
791	U	0.036049	0.02212
792	C	0.657636	0.069514
793	A	0.038879	0.010811
794	C	0.090346	0.027573
795	U	0.207539	0.022305
796	G	0.302656	0.050332
797	G	2.669591	0.065177
798	G	0.288965	0.039662
799	C	0.237428	0.022219
800	A	1.244228	0.028346
801	C	0.165916	0.025583
802	G	1.305407	0.112935
803	G	0.125801	0.022962
804	U	0.032207	0.019966
805	G	1.125475	0.112906
806	A	nan	nan
807	G	0.177871	0.035673
808	C	0.158386	0.033291
809	G	0.900854	0.029677
810	U	0.309983	0.025719
811	G	1.224312	0.059502
812	A	1.987729	0.038669
813	A	0.048939	0.02087
814	C	1.818893	0.050624
815	A	0.069881	0.017104
816	C	0.572343	0.042985
817	A	0.698474	0.030405
818	A	1.193995	0.037749
819	A	1.36258	0.038494
820	C	0.308113	0.036852
821	C	0.503869	0.053144
822	C	0.413937	0.047793
823	U	1.084764	0.050779
824	A	0.493129	0.028637
825	A	1.333536	0.038159
826	A	0.140258	0.016229
827	A	0.864983	0.034618
828	U	0.342003	0.023152
829	U	1.196929	0.043535
830	C	0.508202	0.061968
831	C	0.562106	0.047616
832	C	0.343843	0.057531
833	U	1.684556	0.042351
834	U	0.181994	0.022111
835	A	0.213099	0.023206
836	G	0.532022	0.030154
837	U	0.240027	0.026917
838	C	0.649086	0.062246
839	A	0.244681	0.023115
840	G	1.734763	0.058124
841	A	0.414272	0.028692
842	G	1.091489	0.074406
843	G	0.576236	0.037153
844	U	0.210385	0.022989
845	G	0.586184	0.080866
846	A	0.081428	0.018914
847	C	0.133403	0.029473
848	A	0.322709	0.021771
849	G	0.401816	0.049563
850	G	0.879663	0.05087
851	A	0.402626	0.031929
852	U	0.206271	0.018567
853	U	0.484231	0.022528
854	G	0.613763	0.060089
855	G	1.258027	0.043005
856	U	0.522011	0.034091
857	C	0.371883	0.069068
858	U	0.313438	0.023136
859	U	0.290599	0.021177
860	G	0.412257	0.027399
861	U	0.035971	0.039359
862	C	1.184228	0.143316
863	U	0.631093	0.035031
864	U	0.200347	0.017546
865	U	0.073041	0.016869
866	A	0.18076	0.015891
867	G	0.409771	0.035405
868	C	0.191053	0.028584
869	C	0.410657	0.044607
870	A	3.14946	0.052595
871	U	0.702268	0.034476
872	U	0.259521	0.045267
873	C	0.345679	0.047675
874	C	0.447507	0.056765
875	A	0.773354	0.030193
876	U	0.585557	0.033327
877	G	1.150759	0.057975
878	A	0.794473	0.031011
879	G	1.099784	0.039176
880	U	0.564917	0.027969
881	G	1.051521	0.042173
882	C	0.258729	0.067101
883	C	0.362743	0.043707
884	U	0.533823	0.032348
885	C	0.4889	0.053828
886	A	0.11632	0.016278
887	A	0.06136	0.025135
888	G	0.911968	0.049508
889	A	0.519223	0.026015
890	U	0.68767	0.030154
891	C	0.718599	0.054248
892	G	1.118329	0.072518
893	G	1.645563	0.043751
894	U	0.988417	0.034186
895	G	1.918861	0.065023
896	U	0.361863	0.03179
897	U	0.387906	0.032816
898	C	0.723769	0.065627
899	U	0.254443	0.023704
900	U	0.904583	0.042911
901	C	0.455934	0.046507
902	C	0.73656	0.052442
903	C	0.292017	0.065149
904	U	0.257433	0.025412
905	G	0.53783	0.046783
906	C	0.220298	0.041728
907	A	0.465396	0.034999
908	A	0.944469	0.033278
909	A	0.163851	0.021206
910	G	0.943154	0.052656
911	A	0.302755	0.020756
912	C	0.277379	0.024125
913	A	1.008323	0.032884
914	U	0.44562	0.033531
915	C	0.420396	0.066988
916	U	1.207219	0.037575
917	U	0.488575	0.026048
918	C	0.530269	0.035753
919	A	0.680303	0.025377
920	A	0.283919	0.018607
921	G	1.464229	0.040454
922	U	0.062345	0.039983
923	C	1.720051	0.058846
924	U	0.120574	0.061167
925	C	0.221564	0.030369
926	U	0.882827	0.028066
927	G	1.543162	0.042167
928	C	2.222674	0.044791
929	G	0.328929	0.033823
930	C	0.307856	0.03056
931	G	0.494032	0.048985
932	A	1.485521	0.034609
933	U	0.158957	0.031015
934	C	1.257859	0.049219
935	U	0.844747	0.026254
936	C	0.733255	0.048228
937	G	0.384999	0.0375
938	G	0.136049	0.034546
939	C	0.351845	0.074762
940	U	0.597496	0.042301
941	U	0.219849	0.024021
942	U	0.25242	0.024212
943	G	0.287922	0.04222
944	A	0.238078	0.028494
945	G	0.411088	0.057207
946	G	0.18113	0.039647
947	G	0.390121	0.055366
948	G	0.33209	0.051292
949	G	0.474153	0.055719
950	C	0.239765	0.048379
951	C	0.110017	0.035062
952	U	0.641366	0.033291
953	G	0.647711	0.046952
954	A	0.321612	0.021267
955	C	0.460543	0.032729
956	G	1.571272	0.058117
957	G	0.961836	0.05019
958	G	0.63198	0.045456
959	A	0.532215	0.02472
960	C	1.085923	0.034855
961	G	1.064	0.050712
962	A	0.217204	0.017289
963	U	1.531289	0.035
964	A	0.362752	0.020763
965	G	4.31563	0.071409
966	A	0.055829	0.018732
967	G	0.716063	0.049331
968	A	0.080606	0.016715
969	G	0.780458	0.063793
970	A	1.309641	0.03378
971	A	0.206132	0.016397
972	C	0.536291	0.028239
973	G	0.974957	0.035778
974	U	2.055471	0.040944
975	A	0.143065	0.014501
976	C	0.104457	0.021903
977	G	1.55984	0.058598
978	U	0.504634	0.029871
979	U	0.357929	0.020861
980	U	0.752956	0.029457
981	C	0.546744	0.053584
982	G	0.428189	0.059077
983	A	0.938162	0.033753
984	C	0.117662	0.033104
985	C	0.544144	0.047011
986	U	1.180065	0.035418
987	C	0.395344	0.043899
988	G	0.875065	0.062221
989	G	1.3832	0.052203
990	U	0.532736	0.028677
991	U	0.471617	0.03301
992	A	0.467693	0.024736
993	G	1.414418	0.050013
994	A	1.842797	0.044725
995	A	0.183125	0.018453
996	G	0.477095	0.057487
997	A	0.2691	0.02389
998	C	0.748583	0.043956
999	U	1.229601	0.041183
1000	C	0.387387	0.058061
1001	A	1.873217	0.050716
1002	U	0.378234	0.043755
1003	C	1.025051	0.080773
1004	U	0.199826	0.042514
1005	U	1.11726	0.041849
1006	U	0.314921	0.029089
1007	C	0.649167	0.069154
1008	A	1.184515	0.047031
1009	A	0.347877	0.030663
1010	U	0.990774	0.054787
1011	A	1.88564	0.072106
1012	U	0.191015	0.094921
1013	C	0.480403	0.14993
1014	U	0.718606	0.172447
1015	A	0.305537	0.093757
1016	C	0.650722	0.124923
1017	C	0.850534	0.25075
1018	U	1.31056	0.821891
1019	G	1.576794	1.130208
1020	C	nan	nan
1021	U	nan	nan
1022	U	nan	nan
1023	U	nan	nan
1024	U	nan	nan
1025	G	nan	nan
1026	C	nan	nan
1027	U	nan	nan
