Nucleotide	Sequence	Norm_profile	Norm_stderr
1	A	nan	nan
2	G	nan	nan
3	U	nan	nan
4	A	nan	nan
5	G	nan	nan
6	A	nan	nan
7	A	nan	nan
8	A	nan	nan
9	C	nan	nan
10	A	nan	nan
11	A	nan	nan
12	G	0.067746	0.06324
13	G	0.077186	0.056917
14	G	0.074011	0.046978
15	U	0.087829	0.044941
16	G	1.635492	0.118286
17	U	0.291984	0.046733
18	U	0.289816	0.031175
19	U	0.078526	0.026177
20	U	0.212033	0.039959
21	U	0.313087	0.025976
22	G	0.423803	0.051636
23	C	0.276337	0.039178
24	A	0.57004	0.027611
25	A	0.593681	0.036727
26	U	0.406109	0.029431
27	U	0.265824	0.020869
28	U	0.208595	0.020831
29	A	0.225254	0.017711
30	C	0.200033	0.025429
31	G	1.129982	0.075628
32	A	0.185417	0.023231
33	A	0.925131	0.033096
34	A	0.246766	0.018296
35	A	0.240503	0.020889
36	G	0.374659	0.025618
37	U	0.475788	0.033135
38	A	1.871002	0.044288
39	U	0.133327	0.016698
40	U	0.518353	0.024376
41	G	0.513577	0.055397
42	G	0.670613	0.051278
43	A	0.663605	0.033635
44	U	0.764881	0.03678
45	U	0.212977	0.018806
46	U	0.594333	0.024495
47	G	1.548447	0.040193
48	U	0.411177	0.022269
49	G	1.033522	0.050087
50	C	0.185205	0.045227
51	C	0.338255	0.043735
52	C	0.417675	0.08345
53	C	0.276852	0.076734
54	A	0.58866	0.025643
55	U	0.638779	0.026306
56	C	0.69125	0.047993
57	G	0.200344	0.066923
58	G	0.433457	0.049935
59	G	0.320421	0.074091
60	G	0.3467	0.035251
61	A	0.365045	0.025284
62	A	0.760031	0.027944
63	G	0.793904	0.043781
64	G	0.535782	0.05108
65	A	0.323653	0.017417
66	A	0.198871	0.019211
67	C	0.255699	0.023235
68	C	0.328784	0.046475
69	G	0.589305	0.045792
70	G	0.516226	0.047743
71	A	0.628057	0.030439
72	C	0.235216	0.037245
73	C	0.537797	0.054416
74	C	0.233468	0.054039
75	A	0.263129	0.0158
76	A	0.490592	0.020092
77	C	0.250113	0.027591
78	U	0.442514	0.023019
79	G	0.761501	0.047318
80	G	0.371467	0.045079
81	G	1.768188	0.057561
82	A	0.504226	0.025673
83	C	0.578479	0.027845
84	U	0.349754	0.027768
85	G	0.334192	0.046068
86	G	0.392458	0.037292
87	G	0.250864	0.036545
88	C	0.41799	0.072862
89	U	1.791634	0.037344
90	U	0.250126	0.042282
91	C	0.406197	0.037023
92	C	0.429709	0.070118
93	A	1.001743	0.031453
94	C	0.097255	0.015869
95	A	0.527671	0.021036
96	U	0.572516	0.023453
97	A	0.358564	0.016847
98	G	0.789639	0.029306
99	U	0.777251	0.02956
100	G	0.42603	0.03492
101	C	0.196969	0.03561
102	A	0.376168	0.018894
103	A	0.252618	0.016487
104	C	0.127363	0.015989
105	U	0.856993	0.024835
106	A	0.8619	0.025265
107	A	0.692456	0.021718
108	G	0.803619	0.033806
109	C	0.47698	0.024011
110	U	1.006475	0.030981
111	G	0.535666	0.029784
112	U	0.233758	0.019959
113	U	0.181605	0.013956
114	G	0.226477	0.027257
115	C	0.200489	0.028801
116	U	1.180808	0.038393
117	C	0.782734	0.083408
118	G	1.107171	0.038324
119	U	0.080694	0.070041
120	C	0.388869	0.043642
121	C	0.291428	0.063285
122	A	0.921369	0.036847
123	C	0.190274	0.032821
124	C	1.023582	0.07155
125	A	0.213756	0.029103
126	A	0.692873	0.02895
127	A	0.623291	0.025376
128	C	0.509412	0.028388
129	A	0.271824	0.018613
130	U	0.716475	0.039779
131	A	0.885124	0.053038
132	U	0.378895	0.030963
133	U	0.057189	0.013457
134	U	0.149302	0.016636
135	G	0.480392	0.046881
136	G	0.559671	0.042444
137	C	0.320198	0.079263
138	U	0.728091	0.030391
139	U	0.630005	0.035371
140	C	0.134702	0.063942
141	U	0.357086	0.023485
142	U	0.040065	0.031205
143	C	0.313789	0.037615
144	U	0.576701	0.030585
145	G	0.399964	0.056963
146	G	1.000088	0.048201
147	U	0.113622	0.033573
148	C	nan	nan
149	U	0.844492	0.033201
150	U	0.257188	0.029245
151	C	0.35564	0.054037
152	C	0.610654	0.049731
153	U	1.249675	0.056784
154	C	0.278701	0.070269
155	U	0.348844	0.027419
156	U	0.372578	0.023259
157	A	1.648263	0.04226
158	U	0.051628	0.017287
159	U	0.412036	0.023799
160	A	0.811847	0.03067
161	A	0.768277	0.03181
162	U	0.416895	0.02631
163	U	0.432167	0.028294
164	C	0.816726	0.085169
165	A	0.175215	0.018174
166	A	0.777124	0.029944
167	C	0.448769	0.029467
168	A	0.698839	0.030098
169	U	0.857777	0.032277
170	A	0.476454	0.025303
171	G	1.377394	0.063668
172	A	0.475424	0.034434
173	A	0.506799	0.024518
174	A	0.136626	0.020924
175	C	0.442237	0.037772
176	A	0.940803	0.04156
177	G	0.950875	0.066203
178	G	4.373079	0.083061
179	G	0.548063	0.071935
180	G	0.326182	0.182224
181	U	0.111506	0.022659
182	U	0.5286	0.025343
183	A	1.095833	0.034516
184	U	0.178044	0.016528
185	A	0.12392	0.014347
186	G	0.112035	0.035261
187	C	0.142344	0.051072
188	A	0.552115	0.024812
189	C	0.123711	0.03835
190	U	0.88075	0.033457
191	C	0.354031	0.068233
192	A	1.130977	0.03224
193	C	0.272802	0.025197
194	U	0.465591	0.023019
195	G	0.622293	0.037155
196	C	0.318467	0.045051
197	U	0.567543	0.03635
198	U	1.04799	0.037048
199	U	0.72944	0.03263
200	C	0.437637	0.063049
201	A	0.70448	0.028609
202	U	0.30205	0.07035
203	C	0.418215	0.057608
204	C	0.568028	0.049477
205	C	0.51773	0.065004
206	A	0.07956	0.019104
207	G	0.737193	0.030673
208	U	1.097294	0.034214
209	A	0.102556	0.01467
210	G	0.814623	0.033994
211	U	0.22367	0.026673
212	C	0.636847	0.056354
213	A	1.050871	0.032458
214	A	0.631168	0.027669
215	U	0.345307	0.023631
216	G	1.16051	0.071272
217	A	0.275316	0.022799
218	A	0.397359	0.028549
219	A	0.194714	0.019468
220	C	0.232141	0.021625
221	U	0.826053	0.039298
222	C	0.565866	0.056246
223	C	0.510137	0.047018
224	C	0.497235	0.070804
225	U	0.123008	0.022396
226	G	0.674335	0.05647
227	A	0.358538	0.024088
228	G	0.775092	0.030894
229	U	0.148754	0.019201
230	A	0.753015	0.048205
231	U	0.427629	0.037305
232	C	0.426566	0.043769
233	C	0.622612	0.067465
234	U	0.319174	0.021123
235	G	0.892725	0.078309
236	A	0.404816	0.022534
237	C	0.461404	0.040991
238	C	0.545539	0.064661
239	A	0.193869	0.017162
240	G	0.782767	0.044917
241	U	0.358105	0.024083
242	U	0.316806	0.027236
243	A	0.964421	0.028967
244	U	0.140129	0.019714
245	U	0.042736	0.019993
246	A	0.305402	0.02688
247	C	0.267865	0.023242
248	U	0.298046	0.028024
249	G	0.777707	0.03202
250	U	0.318599	0.02439
251	C	0.632938	0.076223
252	A	0.602326	0.025338
253	A	0.608357	0.026637
254	C	0.583123	0.02735
255	U	1.070626	0.033292
256	A	1.739604	0.046194
257	U	0.327557	0.02847
258	U	0.609583	0.026589
259	U	0.223094	0.027313
260	C	0.634541	0.045403
261	U	0.62776	0.02623
262	U	0.434692	0.021425
263	G	0.863741	0.039027
264	C	0.290119	0.03348
265	C	0.507935	0.067028
266	U	0.228905	0.032592
267	U	0.660473	0.027555
268	U	0.274907	0.022345
269	C	0.511049	0.057597
270	A	0.308419	0.020238
271	G	0.874088	0.031893
272	U	0.319685	0.025364
273	G	1.131713	0.086507
274	A	0.564011	0.029379
275	U	0.345537	0.023938
276	U	0.081739	0.030307
277	C	0.400289	0.049672
278	U	0.333898	0.022535
279	A	0.501812	0.02326
280	G	1.214341	0.05853
281	A	0.7328	0.029529
282	A	1.409316	0.051853
283	U	0.894301	0.032987
284	U	0.218965	0.021376
285	U	0.411268	0.025027
286	G	0.7323	0.052899
287	G	0.585038	0.065768
288	A	0.299398	0.024309
289	U	0.078754	0.052654
290	C	0.261044	0.042988
291	U	2.429951	0.047416
292	G	0.239965	0.027069
293	U	0.097448	0.067268
294	C	0.509034	0.069343
295	C	0.471933	0.049317
296	C	0.37175	0.049223
297	A	0.525329	0.023251
298	G	0.66916	0.042734
299	C	0.066893	0.045276
300	A	0.500971	0.026056
301	U	0.028424	0.014775
302	U	0.045923	0.011954
303	A	0.034566	0.025105
304	G	0.597722	0.053424
305	G	0.408192	0.031258
306	U	0.229918	0.021642
307	A	1.446334	0.035888
308	U	nan	nan
309	C	0.480297	0.095669
310	U	0.599334	0.029531
311	U	0.189447	0.020563
312	C	0.388972	0.049353
313	A	0.240086	0.0164
314	A	0.530757	0.022467
315	C	0.130028	0.025863
316	A	1.160531	0.032371
317	U	0.091859	0.036363
318	C	1.026711	0.04405
319	U	0.132731	0.021443
320	C	0.72086	0.083681
321	A	0.099454	0.024098
322	A	0.918861	0.028217
323	A	0.099324	0.014765
324	A	0.350164	0.024691
325	C	0.222996	0.027527
326	C	0.530958	0.048406
327	A	1.002641	0.029888
328	C	0.284721	0.031673
329	U	0.443486	0.024288
330	U	0.391706	0.032903
331	C	0.424009	0.035922
332	U	0.35905	0.020279
333	G	0.585442	0.049101
334	G	0.580307	0.056753
335	A	0.682619	0.029479
336	A	0.135402	0.016073
337	C	0.298241	0.029656
338	G	0.912612	0.046138
339	A	0.615441	0.025291
340	G	0.500879	0.04835
341	G	0.709923	0.070302
342	A	0.195605	0.028309
343	C	0.157132	0.030861
344	U	0.559447	0.025698
345	U	0.403957	0.022231
346	A	1.395943	0.036449
347	U	0.616648	0.02571
348	U	0.730183	0.027305
349	G	2.133315	0.04495
350	U	0.386184	0.023721
351	G	1.680702	0.041554
352	C	0.344175	0.036573
353	G	0.832546	0.047575
354	G	0.363639	0.057106
355	C	0.201472	0.037988
356	C	0.269788	0.038483
357	U	0.089885	0.017306
358	A	0.110825	0.015148
359	A	0.237147	0.019155
360	C	0.155526	0.023622
361	C	0.622749	0.068333
362	A	0.412483	0.020857
363	U	0.390857	0.023473
364	G	1.086477	0.035329
365	U	0.62846	0.027046
366	A	1.076598	0.032017
367	U	0.230405	0.022271
368	U	0.366018	0.018599
369	G	0.473479	0.032035
370	C	0.507983	0.031022
371	U	0.048916	0.017999
372	G	0.281044	0.051849
373	C	0.233189	0.027412
374	U	0.137285	0.017871
375	A	1.553161	0.036386
376	U	0.296678	0.048184
377	C	0.412985	0.039611
378	U	0.913948	0.029138
379	A	0.750795	0.026625
380	G	1.160233	0.054083
381	G	1.958543	0.074957
382	A	0.431684	0.023981
383	A	0.505868	0.021749
384	A	0.156993	0.028787
385	C	0.268037	0.024409
386	C	0.488351	0.049516
387	G	0.958841	0.056395
388	A	0.642237	0.023913
389	A	0.788517	0.026903
390	U	0.780478	0.038765
391	C	0.522765	0.063459
392	C	0.648352	0.102349
393	U	1.421536	0.051483
394	U	0.153035	0.018641
395	U	0.487598	0.024592
396	G	0.625289	0.051896
397	A	1.069	0.037865
398	C	0.171187	0.036261
399	C	0.424405	0.047944
400	C	0.47507	0.08881
401	C	0.20859	0.043363
402	A	1.715955	0.06429
403	G	0.986938	0.047086
404	G	0.959547	0.05876
405	A	0.324068	0.021545
406	G	0.272196	0.035159
407	C	0.18352	0.023508
408	U	1.227199	0.046386
409	C	0.440588	0.057619
410	C	0.257232	0.036076
411	C	0.44293	0.089271
412	G	0.838873	0.060187
413	G	0.394073	0.041079
414	G	0.267572	0.038192
415	C	0.032402	0.058728
416	U	0.971543	0.038228
417	U	0.257471	0.042649
418	C	0.37133	0.034556
419	C	0.26537	0.061364
420	A	0.322421	0.034845
421	G	1.441895	0.038065
422	U	0.818056	0.033674
423	A	0.744871	0.026852
424	A	0.705936	0.035542
425	U	0.583495	0.024776
426	C	0.418103	0.051719
427	G	1.115973	0.066026
428	G	0.912516	0.051637
429	G	0.842739	0.074265
430	U	0.31474	0.025832
431	U	2.939553	0.049205
432	G	1.363418	0.04203
433	U	0.076883	0.01992
434	U	0.565216	0.022236
435	A	0.696708	0.02666
436	C	0.518625	0.028453
437	A	0.480318	0.023388
438	G	1.724866	0.041963
439	U	0.061862	0.045823
440	C	1.126013	0.054915
441	U	0.215195	0.038047
442	C	0.581118	0.045847
443	C	0.184246	0.03463
444	U	0.214541	0.023604
445	A	1.037529	0.03699
446	U	0.076469	0.016895
447	U	0.17668	0.017036
448	G	0.892667	0.059208
449	A	1.246509	0.040327
450	U	0.961178	0.042704
451	U	0.324217	0.020944
452	U	0.261509	0.018853
453	G	0.66407	0.029172
454	U	0.091871	0.027802
455	C	0.745653	0.05429
456	U	0.207545	0.019516
457	G	0.928077	0.044682
458	A	0.941157	0.030581
459	U	0.846175	0.026414
460	G	1.033889	0.060755
461	G	1.36277	0.040407
462	U	0.075654	0.030283
463	C	0.330403	0.049504
464	U	0.326681	0.022066
465	G	0.728471	0.042192
466	C	0.072287	0.053678
467	U	0.481972	0.023812
468	U	0.21088	0.017881
469	G	0.945776	0.033359
470	U	0.015024	0.019418
471	G	0.724991	0.027859
472	U	0.117254	0.050545
473	C	0.697497	0.048332
474	U	0.11952	0.020327
475	G	1.575726	0.037496
476	U	0.748221	0.025881
477	G	1.308121	0.046029
478	A	1.075933	0.032955
479	G	0.6631	0.045472
480	G	0.509765	0.060903
481	A	0.172963	0.018586
482	C	0.203552	0.033754
483	U	0.318931	0.032202
484	C	0.378815	0.05373
485	C	0.898479	0.041738
486	C	0.699573	0.052097
487	G	1.330045	0.038738
488	U	0.55592	0.02458
489	G	0.599674	0.039875
490	C	0.252524	0.028899
491	A	0.358961	0.017403
492	U	0.392018	0.022199
493	A	0.374141	0.020017
494	G	1.398447	0.047987
495	A	0.063909	0.019041
496	U	0.99232	0.031753
497	A	0.451926	0.023115
498	U	0.069028	0.01363
499	U	0.262226	0.017681
500	G	1.131249	0.06449
501	A	0.68927	0.024915
502	C	0.441929	0.029092
503	U	0.370743	0.022629
504	U	0.451926	0.022849
505	G	1.032493	0.030782
506	U	0.172582	0.01748
507	A	0.547994	0.020901
508	U	0.201156	0.0145
509	G	0.169472	0.025741
510	C	0.088624	0.028636
511	U	0.359777	0.048838
512	C	1.608202	0.058589
513	C	0.635169	0.043531
514	A	1.467587	0.033681
515	U	0.450401	0.02377
516	G	1.074429	0.051008
517	G	0.820022	0.050503
518	C	0.173345	0.03197
519	A	1.086161	0.033603
520	U	0.243392	0.026404
521	U	0.664709	0.033126
522	C	0.530728	0.048792
523	A	0.387492	0.018333
524	U	0.576444	0.025197
525	A	0.806571	0.026368
526	U	0.014799	0.056236
527	C	0.896864	0.040533
528	U	0.241309	0.018997
529	A	1.470535	0.038137
530	U	0.558158	0.027191
531	U	0.600129	0.02403
532	U	0.704558	0.027955
533	C	0.545445	0.043269
534	G	0.969528	0.057494
535	A	0.869589	0.024542
536	U	0.259521	0.023354
537	C	0.515516	0.048504
538	A	0.986182	0.026356
539	C	0.599436	0.025648
540	U	0.538721	0.020732
541	G	0.501022	0.046367
542	G	0.883026	0.03376
543	U	0.336331	0.037292
544	C	0.532882	0.047971
545	U	0.884438	0.025622
546	G	0.982017	0.039926
547	U	0.35411	0.019478
548	U	0.424687	0.020233
549	G	0.31506	0.033591
550	G	0.538224	0.051351
551	C	0.260769	0.039175
552	C	0.226469	0.04194
553	C	0.35898	0.052222
554	C	0.371209	0.044299
555	U	0.390105	0.032657
556	U	0.598788	0.023276
557	G	0.483144	0.033845
558	C	0.22596	0.033989
559	C	0.232702	0.047332
560	A	0.537501	0.020018
561	A	0.910589	0.029721
562	U	0.497345	0.022724
563	U	0.758633	0.025233
564	G	0.915391	0.029266
565	U	0.330958	0.037009
566	C	0.46256	0.047297
567	C	0.069763	0.095121
568	C	0.341367	0.041369
569	U	0.798187	0.0276
570	G	0.961858	0.040494
571	C	0.12634	0.029173
572	A	0.705289	0.020647
573	U	0.931974	0.028908
574	A	0.644097	0.023793
575	C	1.55561	0.03872
576	A	0.039642	0.010977
577	C	0.082006	0.022832
578	A	0.342227	0.015978
579	A	0.30487	0.017743
580	G	0.375414	0.049872
581	U	0.152541	0.020561
582	U	0.480721	0.021874
583	A	0.748095	0.025014
584	C	0.381987	0.036923
585	U	0.719394	0.063755
586	U	1.543654	0.038291
587	U	0.13696	0.014294
588	U	0.403382	0.019705
589	G	1.543322	0.062706
590	A	0.817753	0.025692
591	A	0.679703	0.023261
592	U	0.460255	0.019244
593	C	0.539591	0.048148
594	G	1.225943	0.034879
595	U	0.210858	0.014465
596	G	0.114911	0.029457
597	C	0.377094	0.040894
598	C	0.925719	0.044227
599	C	0.17356	0.038433
600	A	0.320317	0.015865
601	U	0.458254	0.020344
602	A	0.276793	0.01699
603	G	0.020216	0.056235
604	C	0.037134	0.026829
605	A	0.087061	0.009837
606	C	0.278643	0.033964
607	G	0.771883	0.073394
608	A	0.084444	0.010566
609	G	0.147259	0.042784
610	C	0.142782	0.027197
611	A	0.441076	0.024507
612	U	0.15406	0.016293
613	U	0.225786	0.02193
614	C	0.320795	0.051203
615	C	0.307176	0.039054
616	U	0.376547	0.046842
617	C	0.242342	0.046023
618	U	0.310516	0.019574
619	A	0.399905	0.020528
620	U	0.237698	0.018659
621	G	0.507589	0.025989
622	U	0.107702	0.018205
623	G	0.375073	0.032174
624	C	0.291211	0.055193
625	C	0.263534	0.041249
626	U	0.121787	0.019788
627	G	0.39042	0.045421
628	G	0.471639	0.049572
629	C	0.216287	0.030304
630	U	0.214026	0.021164
631	G	0.409831	0.049897
632	A	0.573917	0.041605
633	C	0.156883	0.030866
634	C	0.260459	0.060514
635	C	nan	nan
636	U	0.912334	0.052849
637	U	1.21073	0.034763
638	U	0.325373	0.0187
639	U	1.047744	0.031079
640	A	0.549447	0.025347
641	G	0.419201	0.063796
642	G	0.532483	0.059806
643	G	0.23768	0.047533
644	C	nan	nan
645	U	0.615003	0.02918
646	U	0.346023	0.030602
647	C	0.299193	0.037165
648	C	0.309632	0.036096
649	U	0.309443	0.05188
650	C	nan	nan
651	U	0.415301	0.048441
652	U	1.098683	0.042121
653	U	0.293749	0.02021
654	U	0.118056	0.015094
655	A	1.930045	0.041653
656	U	0.039679	0.019322
657	U	0.006579	0.014628
658	A	0.577019	0.027414
659	U	0.073458	0.01589
660	U	0.207534	0.018271
661	A	0.393168	0.022656
662	G	1.340906	0.042615
663	U	0.579021	0.05749
664	C	0.480023	0.05869
665	C	0.589814	0.055004
666	C	0.156579	0.062507
667	U	0.165559	0.025114
668	U	0.131229	0.022394
669	G	1.18958	0.041422
670	U	0.072862	0.022208
671	G	1.267402	0.078022
672	A	0.324931	0.029009
673	A	1.347884	0.038906
674	A	0.122404	0.020398
675	A	0.181199	0.018579
676	U	0.925092	0.033827
677	A	0.156155	0.015448
678	C	0.435262	0.047289
679	A	0.155861	0.025932
680	A	0.928927	0.031743
681	A	0.447191	0.025783
682	A	0.743809	0.033457
683	C	0.116723	0.03314
684	C	0.460153	0.099236
685	U	1.296463	0.067617
686	U	0.508153	0.027791
687	U	0.418897	0.036305
688	G	1.382709	0.041204
689	U	0.224334	0.020913
690	A	2.157383	0.045345
691	U	0.179334	0.019088
692	G	2.23461	0.059072
693	U	0.262259	0.021548
694	G	1.341772	0.045264
695	C	0.262219	0.032188
696	C	0.539749	0.046216
697	U	0.401714	0.024794
698	G	0.755574	0.047909
699	G	0.742411	0.050559
700	C	0.077258	0.031068
701	U	0.283913	0.021389
702	A	0.745149	0.028015
703	C	0.250858	0.043411
704	U	0.348814	0.025248
705	U	0.377541	0.021402
706	G	0.506108	0.041423
707	C	0.365802	0.029568
708	U	0.470959	0.025404
709	G	0.415787	0.053873
710	A	0.519717	0.023197
711	U	0.466073	0.034188
712	C	0.404337	0.050642
713	C	0.701727	0.060566
714	A	0.64299	0.031818
715	U	0.735169	0.028755
716	C	0.40313	0.046878
717	G	0.912127	0.06146
718	G	1.333838	0.046761
719	U	0.487664	0.030049
720	C	0.729315	0.086014
721	A	0.940223	0.029836
722	U	0.276189	0.026631
723	C	0.286919	0.041389
724	A	1.210979	0.033673
725	C	0.19499	0.025329
726	U	1.845126	0.042957
727	A	0.183446	0.017758
728	C	0.129763	0.02935
729	U	0.254798	0.02159
730	A	0.207888	0.018006
731	C	1.084626	0.037093
732	A	0.043191	0.020783
733	C	0.178938	0.034006
734	A	0.525186	0.025184
735	G	0.882013	0.055889
736	G	0.507767	0.081189
737	U	0.388821	0.027463
738	U	nan	nan
739	C	0.455732	0.064398
740	C	0.309533	0.042793
741	A	0.785802	0.034888
742	U	0.262126	0.020824
743	U	0.4284	0.024345
744	G	0.955477	0.036176
745	U	0.090511	0.019631
746	G	0.78486	0.0642
747	A	0.215265	0.02031
748	C	0.359601	0.032707
749	A	0.088361	0.016852
750	U	0.815393	0.033549
751	A	0.115199	0.014869
752	C	1.083166	0.039898
753	A	0.034485	0.010355
754	C	0.129028	0.02543
755	A	0.370787	0.027421
756	U	0.254814	0.023968
757	U	0.718519	0.029696
758	C	0.534414	0.068834
759	A	0.204421	0.01917
760	G	1.061855	0.056705
761	A	0.809316	0.032551
762	C	0.339269	0.025664
763	U	0.265031	0.032727
764	C	0.178642	0.065929
765	U	0.198184	0.018951
766	U	0.268838	0.018637
767	G	0.569103	0.034931
768	C	0.337196	0.0397
769	G	0.730322	0.037162
770	U	0.314287	0.024831
771	U	0.070879	0.049849
772	C	0.431973	0.054876
773	U	0.07017	0.017261
774	A	0.245372	0.01926
775	A	0.171509	0.017801
776	G	1.13785	0.05648
777	A	0.189664	0.020929
778	A	0.319114	0.023278
779	U	0.266185	0.018971
780	G	0.287534	0.080314
781	U	0.215415	0.028169
782	U	0.153323	0.024259
783	U	0.09638	0.030655
784	C	0.411758	0.058693
785	U	0.558122	0.03133
786	U	2.202916	0.045153
787	G	0.807821	0.042783
788	C	0.311537	0.05413
789	C	0.411042	0.048362
790	C	0.494914	0.069552
791	A	1.115762	0.033913
792	U	0.387939	0.024692
793	G	2.040128	0.180053
794	U	0.702577	0.046719
795	U	0.972506	0.035639
796	U	0.15523	0.019773
797	U	0.139508	0.018395
798	U	0.215228	0.016824
799	A	1.724309	0.042569
800	U	0.257952	0.031905
801	U	0.464447	0.023668
802	G	1.703568	0.044288
803	U	0.461511	0.025679
804	G	1.823571	0.077752
805	G	0.902375	0.04301
806	U	0.033901	0.016967
807	A	1.54177	0.040036
808	G	1.577019	0.046285
809	U	0.526368	0.026397
810	G	0.700308	0.048599
811	A	0.456022	0.026414
812	G	0.437663	0.041836
813	C	0.23382	0.039401
814	C	nan	nan
815	U	0.498735	0.031619
816	U	0.701751	0.028684
817	C	0.355467	0.045092
818	G	0.703355	0.060256
819	G	0.676011	0.035603
820	U	0.13106	0.02528
821	C	0.787621	0.08989
822	A	0.45257	0.021866
823	U	0.286712	0.024474
824	A	0.259383	0.020706
825	G	0.882906	0.03651
826	U	0.391892	0.023008
827	A	1.357692	0.034438
828	U	0.035747	0.017848
829	A	0.301697	0.018605
830	C	0.452199	0.028104
831	U	0.829658	0.029267
832	G	1.747649	0.042896
833	U	0.133992	0.0303
834	A	0.632717	0.026401
835	G	0.516334	0.042047
836	C	0.329304	0.033515
837	U	0.585704	0.022941
838	G	1.013777	0.041842
839	U	0.283141	0.024452
840	U	0.355181	0.021141
841	G	0.257683	0.03995
842	C	0.230382	0.037474
843	A	0.42817	0.022675
844	U	0.282496	0.021334
845	U	0.561639	0.024764
846	A	0.78429	0.02752
847	U	0.409954	0.025833
848	C	0.812084	0.056191
849	A	0.604085	0.026901
850	U	0.165795	0.021113
851	U	1.282886	0.03618
852	A	1.125779	0.047832
853	U	0.216608	0.024015
854	U	0.17682	0.01839
855	U	0.56849	0.037613
856	C	0.401399	0.050672
857	C	0.60166	0.05176
858	C	0.408357	0.052879
859	U	0.638562	0.029479
860	G	1.070073	0.053961
861	C	0.184697	0.03691
862	A	1.253589	0.036988
863	C	0.151281	0.04379
864	A	0.08784	0.014587
865	C	0.303567	0.028362
866	A	0.441974	0.031141
867	A	1.35822	0.035382
868	A	0.732143	0.027243
869	U	0.386373	0.021497
870	G	0.63466	0.057046
871	G	0.697117	0.037234
872	U	0.315099	0.028603
873	C	0.471774	0.063586
874	A	0.92181	0.034549
875	U	0.959038	0.03181
876	U	0.726257	0.027607
877	C	0.618534	0.059151
878	G	1.842299	0.044442
879	U	0.253256	0.100655
880	C	0.737252	0.048469
881	C	0.357987	0.049144
882	G	0.770292	0.046019
883	A	0.680247	0.026983
884	U	0.675701	0.025192
885	G	0.351171	0.036666
886	C	0.160598	0.035901
887	C	0.380558	0.063645
888	G	0.740861	0.039079
889	U	0.907697	0.033561
890	C	0.730689	0.051615
891	A	0.585902	0.023327
892	U	0.562222	0.02626
893	G	0.397735	0.049996
894	G	0.156284	0.045531
895	C	0.141937	0.0343
896	A	0.723595	0.025087
897	A	0.368792	0.021888
898	C	0.652589	0.02827
899	U	1.146144	0.032013
900	A	0.609287	0.023901
901	G	0.963537	0.034822
902	U	0.96592	0.031136
903	G	1.390894	0.046849
904	C	0.513669	0.035948
905	U	1.123611	0.033377
906	G	0.667627	0.048658
907	G	0.402235	0.06328
908	A	0.759889	0.02793
909	C	0.370863	0.027855
910	C	0.277712	0.044171
911	A	0.598319	0.024387
912	U	0.707879	0.044587
913	C	0.260858	0.037977
914	C	0.169829	0.036342
915	C	0.181864	0.036517
916	A	0.81491	0.027162
917	C	0.19681	0.023432
918	G	0.817846	0.045506
919	C	0.168577	0.038159
920	A	0.256503	0.022212
921	A	0.861221	0.028142
922	A	0.370109	0.027012
923	G	0.754402	0.049775
924	G	1.288668	0.049062
925	A	0.423662	0.023171
926	A	0.35995	0.021304
927	G	0.71915	0.03169
928	U	0.097685	0.033475
929	C	0.554187	0.079726
930	A	0.978124	0.030249
931	C	0.313926	0.023352
932	U	0.857221	0.027398
933	A	2.751866	0.048575
934	U	1.368405	0.035654
935	U	0.685008	0.025708
936	G	0.980341	0.042617
937	C	0.178274	0.024963
938	U	0.434786	0.023697
939	A	0.877209	0.029121
940	A	0.862396	0.028155
941	C	0.115544	0.019487
942	U	0.576866	0.025513
943	A	0.732099	0.025999
944	C	0.324489	0.025986
945	A	0.298914	0.01892
946	G	0.749038	0.045719
947	G	1.735471	0.055117
948	A	0.892787	0.034496
949	G	0.653247	0.053001
950	G	0.445757	0.044787
951	G	0.693366	0.045515
952	C	nan	nan
953	U	0.494142	0.030684
954	U	0.449505	0.058677
955	C	0.297207	0.058201
956	C	0.287851	0.045226
957	U	0.622398	0.039206
958	A	0.825703	0.030716
959	A	0.498396	0.02708
960	A	1.128971	0.032843
961	G	0.763547	0.044753
962	G	1.290999	0.058803
963	A	0.522671	0.027488
964	G	1.294242	0.167041
965	U	0.146114	0.024798
966	U	0.471921	0.030076
967	G	1.049567	0.05248
968	A	0.41908	0.022085
969	U	0.835654	0.028526
970	A	0.387768	0.019148
971	U	0.294432	0.025843
972	C	0.680003	0.046506
973	A	1.392037	0.032322
974	A	0.741088	0.02987
975	U	0.356414	0.04486
976	C	0.359439	0.09301
977	C	0.39752	0.044229
978	U	0.884891	0.090435
979	C	0.359677	0.074353
980	U	0.27584	0.025117
981	C	0.605844	0.066208
982	A	0.176395	0.024208
983	A	0.758924	0.029672
984	G	1.277751	0.050649
985	G	0.827099	0.060437
986	C	0.428576	0.033242
987	A	1.172406	0.031841
988	G	0.692522	0.06598
989	U	0.576735	0.029373
990	U	0.631526	0.04302
991	C	0.558469	0.050313
992	U	0.418577	0.022512
993	G	0.903293	0.032756
994	U	0.293341	0.021846
995	C	0.796402	0.061676
996	G	1.143919	0.041495
997	U	0.647812	0.029299
998	G	0.828421	0.032777
999	U	0.169747	0.021987
1000	A	1.690316	0.043462
1001	U	0.552797	0.027438
1002	U	0.368058	0.021016
1003	G	1.58721	0.049335
1004	U	0.886471	0.034373
1005	U	0.120941	0.069628
1006	C	0.540327	0.057282
1007	C	0.504253	0.048851
1008	A	1.055923	0.038131
1009	U	0.358661	0.024611
1010	U	1.202976	0.034457
1011	C	0.73597	0.056273
1012	G	2.202936	0.065472
1013	A	1.466017	0.038339
1014	G	1.24634	0.042559
1015	U	0.568917	0.027268
1016	G	0.749939	0.040022
1017	C	0.369969	0.051232
1018	U	0.352327	0.027308
1019	U	0.283441	0.021496
1020	G	1.337535	0.052081
1021	U	0.417638	0.031554
1022	U	0.432477	0.021819
1023	U	0.03984	0.045189
1024	C	0.512781	0.043405
1025	U	0.504539	0.03542
1026	A	1.056737	0.029029
1027	A	0.710521	0.026411
1028	U	0.529956	0.022659
1029	G	0.781382	0.051694
1030	G	0.982533	0.04003
1031	U	0.409061	0.025689
1032	C	0.871142	0.058872
1033	G	1.123208	0.05051
1034	U	0.528433	0.025925
1035	U	0.697844	0.039491
1036	C	0.489525	0.051383
1037	C	0.622303	0.053594
1038	U	0.732017	0.027918
1039	U	0.623597	0.02346
1040	G	1.155018	0.062455
1041	G	1.009603	0.039124
1042	U	0.898908	0.029635
1043	G	0.67592	0.041363
1044	C	0.327506	0.033363
1045	A	1.034928	0.028922
1046	A	nan	nan
1047	U	0.135004	0.025973
1048	G	0.24567	0.038743
1049	C	0.258719	0.036288
1050	A	0.196173	0.016437
1051	U	0.629508	0.0324
1052	A	0.791369	0.032161
1053	C	0.15113	0.024147
1054	A	0.499985	0.020868
1055	U	0.51112	0.03901
1056	C	0.481559	0.048982
1057	C	0.285156	0.039328
1058	U	0.436121	0.022454
1059	A	0.261065	0.028211
1060	C	1.310678	0.031006
1061	A	0.503551	0.025876
1062	C	0.157743	0.043876
1063	C	0.407346	0.05215
1064	C	0.055578	0.129015
1065	U	0.482531	0.027754
1066	A	1.240717	0.029968
1067	A	0.916488	0.024161
1068	U	0.531048	0.024046
1069	G	0.510481	0.048194
1070	G	0.42861	0.061754
1071	G	0.148142	0.07125
1072	U	0.154394	0.026469
1073	C	0.511583	0.057388
1074	A	0.661881	0.021915
1075	C	0.064537	0.023677
1076	A	0.341996	0.040037
1077	U	0.159879	0.015772
1078	G	1.160961	0.046452
1079	A	0.129587	0.018886
1080	U	1.198111	0.03167
1081	A	0.113647	0.034737
1082	C	0.526258	0.02507
1083	A	0.038236	0.01252
1084	U	0.703654	0.020581
1085	A	0.277268	0.015927
1086	C	0.233111	0.034999
1087	G	0.733824	0.044076
1088	G	1.160168	0.116361
1089	U	0.182917	0.017003
1090	U	0.646191	0.041594
1091	C	0.440668	0.052286
1092	C	0.365694	0.033195
1093	C	0.411579	0.065001
1094	U	0.324654	0.020809
1095	U	0.425978	0.018689
1096	G	1.593477	0.033475
1097	U	0.179917	0.018457
1098	U	nan	nan
1099	A	0.46333	0.018559
1100	C	0.621003	0.024998
1101	U	0.117383	0.016078
1102	A	0.987189	0.025123
1103	U	0.491004	0.021084
1104	U	0.039215	0.011446
1105	A	0.252929	0.015271
1106	C	0.39431	0.026215
1107	U	0.577685	0.021512
1108	U	0.304154	0.016241
1109	G	0.811735	0.051343
1110	U	0.284278	0.023428
1111	U	0.334028	0.020183
1112	C	0.819711	0.056795
1113	A	0.836383	0.024506
1114	C	0.708169	0.107799
1115	U	0.427541	0.030675
1116	U	0.514558	0.023339
1117	U	0.241251	0.025258
1118	C	0.38256	0.050324
1119	A	0.585925	0.021803
1120	C	0.347268	0.022712
1121	C	0.514612	0.069385
1122	A	0.182277	0.018971
1123	A	0.867111	0.024075
1124	A	0.694277	0.02358
1125	U	0.365582	0.053429
1126	C	0.800552	0.063128
1127	U	0.813634	0.028725
1128	U	0.407886	0.018469
1129	A	1.18116	0.028229
1130	U	0.060604	0.012776
1131	A	0.182241	0.016503
1132	G	0.270958	0.033309
1133	C	0.437327	0.032708
1134	A	1.15067	0.034139
1135	U	0.184478	0.018048
1136	U	0.445366	0.020064
1137	G	0.790208	0.028854
1138	U	0.29351	0.037774
1139	C	0.582943	0.059415
1140	C	0.765428	0.08112
1141	U	0.632744	0.026095
1142	U	0.079417	0.020108
1143	A	0.110574	0.015786
1144	G	0.510154	0.033059
1145	C	0.159375	0.048749
1146	U	0.360485	0.024206
1147	A	0.937427	0.032764
1148	C	0.339595	0.043186
1149	C	0.475568	0.05235
1150	A	0.880251	0.035662
1151	C	0.216642	0.048777
1152	U	0.433049	0.034423
1153	A	0.615706	0.037749
1154	C	0.358994	0.042546
1155	C	0.647771	0.105343
1156	C	0.898755	0.130326
1157	A	0.364472	0.033362
1158	U	0.608339	0.052799
1159	C	0.459014	0.064597
1160	C	0.391159	0.090155
1161	U	0.424053	0.035222
1162	U	0.423738	0.036144
1163	C	0.308771	0.058652
1164	A	0.345058	0.027666
1165	A	0.720321	0.039286
1166	C	0.479948	0.048133
1167	U	0.716194	0.069429
1168	U	0.311009	0.04116
1169	U	0.356019	0.029127
1170	G	0.577708	0.086572
1171	C	0.210596	0.045487
1172	A	0.552361	0.028601
1173	U	0.686654	0.046901
1174	A	0.581665	0.031831
1175	A	0.610185	0.035102
1176	G	0.434142	0.065885
1177	C	0.776532	0.110201
1178	U	0.502358	0.074265
1179	U	1.1722	0.05157
1180	U	0.104627	0.028973
1181	U	0.501221	0.037707
1182	G	1.196426	0.05707
1183	U	0.24468	0.029458
1184	U	0.469504	0.030825
1185	C	0.948607	0.108078
1186	A	0.332272	0.031211
1187	G	1.279864	0.06671
1188	C	0.21276	0.103558
1189	A	0.848949	0.040768
1190	U	0.746943	0.039654
1191	U	0.424698	0.041902
1192	A	0.105981	0.026279
1193	G	1.171802	0.067134
1194	A	0.46306	0.055438
1195	U	0.535205	0.039417
1196	A	0.899129	0.041309
1197	A	0.718251	0.052767
1198	U	0.437622	0.042331
1199	U	0.714139	0.036429
1200	U	0.160011	0.026275
1201	U	0.303874	0.027984
1202	G	0.617459	0.04757
1203	C	nan	nan
1204	U	0.915085	0.04271
1205	U	0.481593	0.040035
1206	C	0.712531	0.059653
1207	G	1.132172	0.064742
1208	C	0.224544	0.036642
1209	U	0.69155	0.038551
1210	G	0.764409	0.053307
1211	C	0.307209	0.062731
1212	C	0.276948	0.052993
1213	U	1.077374	0.071695
1214	C	0.269992	0.044762
1215	U	0.338966	0.031992
1216	G	1.278005	0.075212
1217	U	0.211142	0.041664
1218	U	0.624445	0.039384
1219	U	0.112099	0.066495
1220	C	1.012302	0.076002
1221	U	0.532463	0.064179
1222	U	1.017972	0.04382
1223	U	0.201198	0.026464
1224	A	1.684915	0.054445
1225	U	0.277206	0.030092
1226	U	0.422697	0.029864
1227	G	1.04691	0.065892
1228	A	0.998636	0.051124
1229	U	0.096286	0.024786
1230	G	0.934136	0.088907
1231	A	0.046533	0.022562
1232	C	0.445696	0.045237
1233	A	0.281913	0.026856
1234	G	1.912351	0.060251
1235	U	0.774652	0.107778
1236	G	1.708643	0.093947
1237	G	0.58528	0.054201
1238	U	0.402871	0.039911
1239	A	1.344518	0.051609
1240	U	0.1468	0.028319
1241	U	0.378266	0.028093
1242	G	0.915374	0.05953
1243	U	0.0894	0.029307
1244	U	0.198138	0.035327
1245	G	0.818445	0.081831
1246	A	0.07683	0.029055
1247	C	0.546874	0.041222
1248	A	0.080269	0.018538
1249	U	0.909383	0.055108
1250	A	0.867884	0.039896
1251	U	0.116953	0.024664
1252	G	1.530913	0.05563
1253	U	0.029422	0.02696
1254	G	1.035927	0.07743
1255	U	0.744908	0.05302
1256	U	0.488147	0.034132
1257	U	0.10997	0.028239
1258	U	0.401446	0.033645
1259	C	0.510344	0.063917
1260	A	0.840692	0.036973
1261	A	0.862278	0.040978
1262	U	0.261104	0.028793
1263	U	0.881427	0.048085
1264	A	1.065485	0.052991
1265	A	0.283358	0.026304
1266	C	0.414951	0.044032
1267	G	1.113136	0.049014
1268	U	1.010808	0.043479
1269	C	0.51276	0.07008
1270	G	1.195986	0.053259
1271	U	0.768208	0.042346
1272	G	0.520053	0.062521
1273	U	0.816674	0.04234
1274	U	0.05865	0.019574
1275	G	0.800156	0.061963
1276	U	0.400783	0.032567
1277	U	0.25546	0.047937
1278	C	0.879299	0.079722
1279	U	0.274262	0.0304
1280	G	1.738058	0.064029
1281	U	0.035458	0.034096
1282	G	0.604731	0.043458
1283	U	0.792091	0.040544
1284	U	0.201486	0.026705
1285	A	1.152074	0.047608
1286	U	0.267957	0.025833
1287	G	0.348067	0.052866
1288	C	0.257935	0.096786
1289	U	0.736657	0.039509
1290	U	0.211497	0.026662
1291	G	1.780658	0.063525
1292	U	0.173255	0.028466
1293	G	0.377813	0.060251
1294	C	0.564732	0.05154
1295	A	0.566589	0.035211
1296	C	0.259469	0.044258
1297	G	0.651528	0.045189
1298	U	0.196703	0.096155
1299	C	0.450894	0.05741
1300	C	0.493667	0.0934
1301	A	0.414751	0.028186
1302	A	1.089597	0.091095
1303	U	0.813046	0.052185
1304	U	0.476668	0.033351
1305	U	0.107751	0.022206
1306	U	0.17097	0.02327
1307	U	0.163714	0.023244
1308	A	1.098849	0.044572
1309	U	0.189737	0.036684
1310	C	0.813898	0.058292
1311	U	0.484861	0.032645
1312	U	0.569815	0.03049
1313	G	0.749643	0.073927
1314	G	0.833071	0.05013
1315	U	0.19655	0.039236
1316	C	0.741151	0.084575
1317	A	1.123498	0.047774
1318	U	0.147322	0.026127
1319	U	0.607714	0.03317
1320	G	1.951731	0.060296
1321	U	0.101806	0.024048
1322	U	0.041565	0.016941
1323	G	1.192267	0.053577
1324	U	0.512393	0.036103
1325	U	0.285542	0.04417
1326	C	0.820743	0.097645
1327	U	0.43547	0.051803
1328	U	0.439264	0.028534
1329	U	0.468084	0.030446
1330	A	0.549419	0.029664
1331	A	0.601572	0.033115
1332	G	0.766147	0.040422
1333	U	0.735599	0.045646
1334	G	0.456668	0.040326
1335	U	0.23267	0.036014
1336	A	1.129247	0.048462
1337	A	0.717229	0.036856
1338	U	0.414653	0.031856
1339	G	1.114038	0.070964
1340	A	0.558138	0.03633
1341	G	0.487824	0.088571
1342	A	0.174228	0.037146
1343	C	0.300652	0.034194
1344	A	0.667747	0.054693
1345	U	0.261626	0.031184
1346	U	0.354315	0.034634
1347	C	0.533034	0.079824
1348	A	0.183983	0.023355
1349	G	0.582299	0.049809
1350	C	0.144158	0.052191
1351	A	0.228951	0.026766
1352	C	0.26568	0.035118
1353	C	0.591814	0.067036
1354	A	0.807779	0.031781
1355	C	0.074475	0.027062
1356	A	0.557897	0.030167
1357	U	0.198809	0.031951
1358	U	0.173296	0.020393
1359	G	0.394542	0.049249
1360	G	0.452197	0.046594
1361	A	0.092913	0.017614
1362	U	0.513152	0.029542
1363	A	0.850746	0.032088
1364	U	0.522012	0.026672
1365	U	0.640706	0.036613
1366	C	0.536891	0.053546
1367	C	0.614158	0.047056
1368	U	0.333993	0.023085
1369	A	0.984688	0.03263
1370	U	0.384703	0.027434
1371	C	0.607288	0.060804
1372	A	0.266331	0.018383
1373	G	1.294965	0.037203
1374	U	1.428092	0.038615
1375	A	0.846543	0.030251
1376	G	1.664095	0.061144
1377	G	0.934789	0.066909
1378	U	0.121903	0.025397
1379	U	0.764158	0.029927
1380	G	1.154611	0.050634
1381	A	0.615866	0.026833
1382	A	0.899145	0.030866
1383	G	1.238528	0.052783
1384	A	0.290642	0.021074
1385	U	0.73468	0.029534
1386	A	0.325194	0.021963
1387	C	0.332902	0.025874
1388	U	0.836014	0.034
1389	C	0.63659	0.061689
1390	A	0.332039	0.022262
1391	G	0.941696	0.037068
1392	U	0.665796	0.028385
1393	G	0.829094	0.050972
1394	C	0.219892	0.03365
1395	U	0.692792	0.029351
1396	A	0.952353	0.032559
1397	U	0.092155	0.022364
1398	G	0.477735	0.043571
1399	G	0.603801	0.057712
1400	C	0.352315	0.035545
1401	C	0.358207	0.043158
1402	A	0.477764	0.023857
1403	C	0.22606	0.030989
1404	U	0.462288	0.041359
1405	C	0.520137	0.070891
1406	C	0.849558	0.049455
1407	A	0.040745	0.014151
1408	G	2.371418	0.067201
1409	A	0.07908	0.024149
1410	G	0.336651	0.050373
1411	A	0.084547	0.017304
1412	G	0.337925	0.032182
1413	U	0.458665	0.026599
1414	G	1.045655	0.044092
1415	C	0.258224	0.035898
1416	G	1.244497	0.070896
1417	A	0.655168	0.028741
1418	A	0.538685	0.025634
1419	U	1.638614	0.043582
1420	A	0.063139	0.01267
1421	A	1.433432	0.069918
1422	U	1.222818	0.05178
1423	U	1.001752	0.036192
1424	U	0.142251	0.017814
1425	U	0.20661	0.01931
1426	U	0.397091	0.022727
1427	G	1.487934	0.071745
1428	A	1.130077	0.038431
1429	U	0.391833	0.023265
1430	U	0.548011	0.028292
1431	A	0.483599	0.032796
1432	G	1.298494	0.063317
1433	G	0.935829	0.062287
1434	A	0.76623	0.04381
1435	U	0.970133	0.043398
1436	U	0.464247	0.030924
1437	C	2.583353	0.064755
1438	A	0.863773	0.046306
1439	U	0.884588	0.038044
1440	U	0.19211	0.038517
1441	C	1.509581	0.074245
1442	U	0.247362	0.043014
1443	C	0.523667	0.098432
1444	A	0.37992	0.040366
1445	A	1.298002	0.07875
1446	U	0.523516	0.076978
1447	C	0.470462	0.151874
1448	A	0.163357	0.097929
1449	C	0.133032	0.108035
1450	C	0.501105	0.150005
1451	C	0.949426	0.289422
1452	U	0.244334	0.47321
1453	G	nan	nan
1454	C	nan	nan
1455	U	nan	nan
1456	U	nan	nan
1457	U	nan	nan
1458	U	nan	nan
1459	G	nan	nan
1460	C	nan	nan
1461	U	nan	nan
