Nucleotide	Sequence	Norm_profile	Norm_stderr
1	A	nan	nan
2	G	nan	nan
3	U	nan	nan
4	A	nan	nan
5	G	nan	nan
6	A	nan	nan
7	A	nan	nan
8	A	nan	nan
9	C	0.311966	1.059999
10	A	nan	nan
11	A	nan	nan
12	G	0.840113	0.34022
13	G	0.404948	0.290034
14	G	2.389953	0.529024
15	U	0.325624	0.135485
16	A	0.763792	0.109085
17	U	0.377422	0.058028
18	U	0.243738	0.071257
19	U	0.080858	0.042632
20	U	0.251526	0.037189
21	U	0.230098	0.062321
22	C	0.887163	0.077106
23	U	0.756837	0.055127
24	U	0.223454	0.030741
25	U	0.570117	0.037616
26	A	1.256207	0.052376
27	A	1.455318	0.052189
28	U	0.630285	0.038426
29	U	0.31049	0.026693
30	G	0.787679	0.046792
31	U	0.33966	0.031885
32	U	0.069968	0.021063
33	A	0.758618	0.059508
34	U	0.060677	0.021684
35	A	0.287091	0.029637
36	C	0.204484	0.030464
37	U	0.281491	0.056525
38	C	0.297431	0.085041
39	C	0.193408	0.058682
40	U	0.540103	0.053235
41	C	0.35226	0.05792
42	U	0.281753	0.028842
43	G	0.201628	0.044325
44	C	0.08837	0.030589
45	A	0.77518	0.040204
46	U	0.152916	0.020601
47	U	0.209945	0.022507
48	G	0.646048	0.044139
49	U	0.082718	0.058105
50	C	0.532202	0.051358
51	U	0.196437	0.0701
52	C	0.307895	0.04853
53	C	0.347956	0.051284
54	G	0.745526	0.04541
55	A	0.557934	0.024803
56	A	0.510759	0.026518
57	G	0.673021	0.055747
58	A	0.435922	0.025395
59	A	0.928555	0.02858
60	A	0.26467	0.016777
61	U	0.549444	0.02758
62	A	0.134947	0.016463
63	A	0.167192	0.016857
64	G	0.491327	0.061125
65	A	0.37488	0.03268
66	C	0.289443	0.034015
67	C	0.405088	0.056525
68	C	0.375734	0.097691
69	C	0.243056	0.052418
70	U	0.222975	0.022456
71	C	0.439341	0.058141
72	G	0.458112	0.030427
73	U	0.149176	0.018104
74	U	0.361501	0.019569
75	A	0.902295	0.029175
76	U	0.264835	0.021769
77	U	0.430359	0.020803
78	C	0.782624	0.051383
79	A	0.467616	0.021755
80	U	0.283869	0.01903
81	G	1.281094	0.033569
82	U	0.131303	0.027401
83	C	0.771316	0.054667
84	A	0.69584	0.027556
85	A	0.924924	0.033525
86	A	0.208813	0.022239
87	G	0.942854	0.044854
88	G	0.711603	0.036673
89	A	0.053975	0.018221
90	A	0.362093	0.024135
91	G	0.363876	0.050251
92	G	0.228128	0.046104
93	C	0.151208	0.021082
94	A	0.30359	0.015617
95	C	0.104433	0.02704
96	G	0.605825	0.047839
97	A	1.347419	0.028823
98	U	0.538392	0.0212
99	C	0.733242	0.05053
100	G	0.570945	0.04552
101	G	0.450642	0.04208
102	G	0.326635	0.081013
103	U	0.424361	0.024427
104	U	0.37346	0.020041
105	C	0.36304	0.051831
106	G	0.434835	0.023933
107	U	0.087566	0.018237
108	C	0.71698	0.057693
109	G	0.330039	0.046612
110	C	nan	nan
111	C	nan	nan
112	U	0.298464	0.028612
113	U	0.163151	0.016609
114	U	0.105357	0.014444
115	U	0.226745	0.014387
116	C	0.540203	0.05452
117	G	0.514454	0.026511
118	U	0.02186	0.065256
119	C	0.298128	0.038779
120	C	0.394442	0.045866
121	G	0.904368	0.045964
122	A	1.048472	0.027377
123	G	0.326057	0.056171
124	A	0.300285	0.022245
125	G	0.174085	0.045393
126	C	0.112879	0.022572
127	U	0.426891	0.022294
128	C	0.46697	0.051313
129	G	0.603526	0.033347
130	A	0.383327	0.023889
131	A	0.548466	0.022278
132	G	0.465274	0.042217
133	A	0.191111	0.022199
134	C	0.240098	0.026426
135	U	0.290998	0.040868
136	C	0.173627	0.060113
137	C	0.421109	0.049969
138	C	0.281659	0.053839
139	C	0.411205	0.040694
140	G	0.709668	0.058317
141	C	0.114584	0.040453
142	C	0.268878	0.046801
143	C	0.263336	0.082209
144	C	0.253604	0.049022
145	U	0.097822	0.023413
146	G	0.386995	0.042919
147	G	0.72733	0.04866
148	A	0.395695	0.033655
149	A	0.836132	0.026727
150	A	0.424285	0.028583
151	G	0.918003	0.050272
152	A	0.066284	0.026196
153	C	0.792709	0.029173
154	A	0.066354	0.019653
155	C	0.12614	0.030539
156	A	0.660323	0.023342
157	U	0.181898	0.027418
158	C	0.283132	0.036629
159	U	0.91665	0.029186
160	U	0.435282	0.04697
161	C	0.264819	0.054747
162	A	0.501162	0.031483
163	G	0.466446	0.04492
164	G	1.094141	0.040163
165	U	0.250151	0.028972
166	C	0.520726	0.058822
167	U	0.29719	0.029456
168	G	0.418205	0.039911
169	G	0.316369	0.047206
170	C	0.066433	0.036038
171	A	0.4765	0.041023
172	U	0.572804	0.030862
173	U	0.374932	0.01966
174	U	0.287558	0.017304
175	U	0.150213	0.033618
176	C	0.998105	0.042445
177	C	0.42341	0.050811
178	A	0.68737	0.023384
179	U	1.330887	0.033531
180	C	0.14819	0.043136
181	A	0.295721	0.01842
182	U	0.509025	0.03354
183	C	0.353848	0.034677
184	C	0.44842	0.055273
185	U	0.808463	0.0307
186	U	0.411141	0.02109
187	A	1.391513	0.031527
188	U	0.605652	0.023951
189	A	0.901827	0.031208
190	A	1.281982	0.031722
191	U	0.101365	0.031385
192	C	1.22014	0.045683
193	U	0.178921	0.021237
194	C	0.237563	0.039666
195	A	0.156198	0.016999
196	G	0.63501	0.042251
197	U	1.344353	0.0358
198	U	0.130818	0.046913
199	C	1.005622	0.050636
200	U	0.389478	0.022792
201	C	0.454847	0.042759
202	A	0.705454	0.023974
203	U	0.27643	0.019147
204	G	1.429814	0.036016
205	U	0.005349	0.062505
206	C	0.581546	0.04224
207	U	0.377696	0.025951
208	G	0.815026	0.038393
209	A	0.666816	0.024647
210	A	0.326035	0.020055
211	G	0.311815	0.063475
212	U	0.348315	0.023505
213	U	0.338808	0.024859
214	C	0.506861	0.045989
215	U	0.522961	0.021568
216	G	0.796827	0.037119
217	C	0.178736	0.045372
218	C	0.014799	0.119638
219	U	0.58416	0.030622
220	U	0.553828	0.035388
221	C	0.328541	0.030729
222	U	0.087924	0.029613
223	G	1.459553	0.038803
224	U	0.021186	0.021965
225	G	0.973736	0.078015
226	U	0.217913	0.025052
227	U	0.355413	0.021519
228	U	0.286495	0.028014
229	C	0.546357	0.041985
230	C	0.305171	0.035805
231	U	0.382867	0.023247
232	G	0.863881	0.032966
233	U	0.187445	0.027719
234	A	0.06233	0.020771
235	A	1.141332	0.032976
236	A	0.414904	0.022932
237	U	0.501535	0.024566
238	G	0.726425	0.039138
239	C	0.177598	0.047342
240	C	0.549032	0.047613
241	G	0.356557	0.064392
242	C	0.095303	0.085099
243	C	0.320935	0.067884
244	A	0.226003	0.019529
245	U	0.819319	0.02952
246	A	1.17703	0.034844
247	A	0.658057	0.023574
248	U	0.230193	0.016952
249	G	0.57329	0.04473
250	G	0.236187	0.039968
251	U	0.1691	0.025295
252	U	0.721073	0.022665
253	G	0.397467	0.030446
254	C	0.065701	0.029152
255	U	0.624528	0.034211
256	C	0.439183	0.092911
257	U	0.094796	0.048687
258	C	0.332972	0.074638
259	U	0.058858	0.025109
260	C	0.79178	0.046297
261	A	0.279081	0.0196
262	A	1.577	0.032447
263	A	0.557106	0.022302
264	U	0.585906	0.027257
265	G	0.647641	0.044243
266	G	0.852613	0.039837
267	G	0.226077	0.043046
268	A	0.901204	0.031518
269	G	0.438616	0.038481
270	G	nan	nan
271	U	0.051241	0.021525
272	U	1.214636	0.030181
273	U	nan	nan
274	C	1.110254	0.038573
275	U	0.011839	0.041437
276	C	0.328045	0.050372
277	U	0.626107	0.022099
278	G	0.367677	0.03361
279	C	0.272782	0.026149
280	A	0.949933	0.023953
281	C	0.169878	0.020946
282	U	0.368377	0.030195
283	G	0.831008	0.043001
284	A	1.368875	0.027981
285	G	0.371977	0.069191
286	A	1.083944	0.027545
287	A	0.699081	0.02137
288	U	0.617662	0.022353
289	G	1.685207	0.03285
290	U	0.932076	0.028062
291	G	2.508174	0.048216
292	G	0.961329	0.045527
293	G	0.558649	0.043011
294	C	0.210182	0.022711
295	U	0.486291	0.020437
296	G	0.876498	0.025545
297	U	0.134377	0.017218
298	A	0.549396	0.018542
299	C	0.29903	0.027092
300	G	1.044231	0.036101
301	C	0.211163	0.02189
302	U	0.379296	0.018648
303	G	1.101006	0.043923
304	A	1.351229	0.042347
305	U	0.725523	0.029432
306	U	0.479089	0.019062
307	U	0.396385	0.015966
308	G	0.873374	0.025191
309	U	0.30598	0.021289
310	C	0.561357	0.042141
311	C	0.426121	0.036716
312	U	0.588938	0.025617
313	G	0.231382	0.035079
314	C	0.07242	0.036554
315	A	0.095489	0.012559
316	G	0.506533	0.029384
317	A	0.29635	0.018783
318	U	0.756586	0.020152
319	G	1.34634	0.033822
320	C	0.087468	0.067423
321	U	0.718522	0.032255
322	C	0.522657	0.062595
323	U	0.012618	0.030844
324	C	0.415545	0.046269
325	U	0.191362	0.017316
326	G	0.716343	0.034834
327	C	0.08783	0.026607
328	U	0.179497	0.035382
329	G	0.882891	0.043272
330	A	0.84848	0.037344
331	U	0.284384	0.027666
332	U	0.381999	0.02068
333	U	0.239219	0.015973
334	G	1.374463	0.032729
335	U	0.028543	0.018194
336	G	0.770386	0.049498
337	U	0.149072	0.022213
338	U	0.705132	0.035253
339	C	0.558335	0.05155
340	C	0.384657	0.052673
341	C	0.283969	0.043389
342	U	1.109757	0.041188
343	C	0.315703	0.03566
344	C	0.289525	0.047465
345	G	0.65356	0.043363
346	C	0.051934	0.104597
347	U	0.33771	0.027419
348	U	0.456212	0.034934
349	C	0.501355	0.03524
350	U	0.903323	0.027882
351	G	0.677818	0.051007
352	G	0.61895	0.054684
353	U	0.550822	0.030754
354	U	0.372973	0.043492
355	C	0.6117	0.057429
356	U	0.689526	0.029301
357	U	0.476508	0.034183
358	A	0.843942	0.032321
359	U	0.712703	0.028779
360	G	0.825786	0.047166
361	G	0.573905	0.046309
362	C	0.207757	0.059371
363	C	0.308038	0.041171
364	C	0.207185	0.080849
365	A	0.466532	0.026365
366	A	0.114567	0.01932
367	U	0.703102	0.033214
368	A	0.705027	0.033833
369	U	0.321559	0.033757
370	C	0.36516	0.041472
371	U	0.783116	0.034613
372	G	0.787749	0.045613
373	C	0.139664	0.038071
374	U	1.007888	0.038461
375	C	0.475689	0.063422
376	C	0.271183	0.055618
377	U	1.002854	0.039846
378	C	0.308253	0.076528
379	A	0.556892	0.025966
380	A	0.623616	0.028556
381	U	0.659443	0.038392
382	U	0.173011	0.031446
383	C	0.607581	0.075753
384	A	1.015233	0.032593
385	A	0.348017	0.031176
386	G	2.973923	0.078373
387	A	0.083234	0.023507
388	G	0.343245	0.031815
389	U	0.363449	0.033486
390	A	0.590693	0.027785
391	C	0.272901	0.034049
392	U	0.449987	0.029407
393	G	0.946345	0.054123
394	G	0.628816	0.05107
395	A	0.754914	0.038383
396	U	0.802267	0.031244
397	U	0.192854	0.069789
398	C	0.397286	0.045055
399	C	0.635577	0.048012
400	A	1.137405	0.035635
401	U	0.27984	0.023899
402	U	0.323872	0.021491
403	G	0.954798	0.035737
404	U	0.098651	0.028091
405	C	0.991389	0.054272
406	U	nan	nan
407	C	0.582678	0.046803
408	C	0.303933	0.049856
409	A	1.009111	0.03068
410	U	0.394368	0.023092
411	G	0.670972	0.047923
412	U	0.724923	0.037025
413	U	0.299845	0.044363
414	C	1.279758	0.062874
415	U	0.546892	0.033469
416	C	0.45466	0.05108
417	A	1.620241	0.044409
418	U	0.509574	0.036882
419	U	0.133942	0.017371
420	U	0.337777	0.020963
421	G	0.906093	0.047154
422	A	0.294512	0.022168
423	A	0.317414	0.020941
424	G	0.399602	0.042414
425	C	0.1945	0.026474
426	A	0.963206	0.031153
427	A	0.745225	0.026037
428	U	0.423612	0.039853
429	C	0.450436	0.040266
430	U	0.28212	0.021372
431	G	0.774501	0.063162
432	A	0.578815	0.024447
433	A	0.317917	0.020377
434	C	0.201523	0.022772
435	U	0.620456	0.027355
436	C	0.386061	0.049365
437	C	0.125111	0.045119
438	U	1.340344	0.050344
439	C	0.550619	0.038716
440	U	0.743551	0.027294
441	G	1.043124	0.061289
442	G	1.368802	0.041051
443	U	0.360917	0.031905
444	G	0.548344	0.049484
445	G	0.574367	0.048673
446	A	0.119309	0.021544
447	C	0.215034	0.024871
448	A	0.675022	0.025082
449	G	0.977681	0.046065
450	U	0.356949	0.023519
451	U	0.674739	0.026102
452	G	0.456569	0.026926
453	U	0.085569	0.028734
454	C	0.302309	0.060047
455	C	0.332985	0.060658
456	U	0.800645	0.047674
457	C	0.329449	0.047402
458	U	0.462841	0.021578
459	U	0.552197	0.024702
460	G	0.597573	0.051029
461	G	0.435829	0.062707
462	G	0.45074	0.064088
463	A	0.463793	0.023524
464	C	0.202745	0.0266
465	C	0.501359	0.046402
466	A	1.966585	0.039479
467	C	0.344904	0.023653
468	U	1.021078	0.042533
469	C	0.38693	0.065587
470	U	0.923013	0.031608
471	U	0.835653	0.028018
472	G	0.473382	0.031154
473	C	0.580372	0.056169
474	U	0.793683	0.033722
475	C	0.616861	0.05565
476	C	0.181803	0.045453
477	U	0.920656	0.05616
478	C	0.400973	0.039277
479	U	0.035883	0.014328
480	G	0.426377	0.053356
481	A	0.819414	0.02791
482	U	0.058533	0.013277
483	G	1.215657	0.048933
484	A	0.407195	0.022072
485	A	0.246693	0.024611
486	G	0.484141	0.032409
487	C	0.22826	0.044053
488	U	0.160718	0.025751
489	U	0.259528	0.021005
490	G	1.143065	0.066525
491	A	0.199925	0.022048
492	C	0.818143	0.030809
493	A	0.351327	0.019523
494	C	0.109967	0.026895
495	U	0.957914	0.040331
496	C	0.516894	0.065543
497	U	0.520717	0.027104
498	C	0.3975	0.060811
499	A	0.33114	0.020761
500	G	1.079038	0.048629
501	A	1.179533	0.032278
502	U	0.303355	0.034738
503	C	0.478243	0.047044
504	U	1.186153	0.040912
505	U	0.118262	0.019935
506	C	0.333251	0.044377
507	A	0.366702	0.023319
508	A	1.520991	0.036576
509	A	0.893021	0.028914
510	U	0.886253	0.028082
511	G	1.185563	0.037835
512	C	0.679311	0.036877
513	G	0.605565	0.053074
514	G	0.279952	0.079664
515	C	0.213928	0.036685
516	A	0.236195	0.019072
517	G	1.911359	0.058292
518	A	0.258642	0.02002
519	G	1.203436	0.037025
520	U	0.387153	0.025354
521	G	0.970273	0.059784
522	A	0.345784	0.027705
523	C	0.75865	0.032497
524	A	0.684588	0.024151
525	U	0.219255	0.025059
526	G	0.318876	0.050771
527	C	0.270449	0.037132
528	C	0.286793	0.058249
529	A	0.439105	0.02247
530	U	0.322365	0.06229
531	C	0.572367	0.03875
532	C	0.37232	0.04424
533	A	0.560685	0.022019
534	U	0.727357	0.026305
535	A	1.340916	0.034909
536	C	0.623364	0.040305
537	C	0.573237	0.051447
538	A	0.341187	0.02003
539	G	0.616654	0.074651
540	U	0.063965	0.01742
541	U	0.570577	0.02626
542	G	1.017802	0.062514
543	A	0.432926	0.025095
544	C	0.199882	0.051755
545	U	0.272952	0.060248
546	U	0.687409	0.035785
547	U	0.707629	0.027702
548	U	0.406588	0.020692
549	A	1.111898	0.037875
550	U	0.617687	0.023705
551	G	1.46971	0.038848
552	U	0.118651	0.016707
553	G	0.777291	0.041895
554	C	0.365777	0.034497
555	U	0.672036	0.028024
556	G	0.699466	0.049031
557	G	0.965599	0.052528
558	A	0.944542	0.080308
559	U	0.694657	0.035112
560	U	0.581536	0.029013
561	U	0.199877	0.017937
562	U	0.191724	0.029135
563	C	1.498714	0.060848
564	U	1.035774	0.042694
565	U	0.607553	0.02933
566	U	1.197922	0.035273
567	G	2.562854	0.061156
568	G	0.645074	0.05507
569	G	0.337722	0.123461
570	U	0.053806	0.038553
571	C	0.393514	0.038309
572	U	0.244143	0.023291
573	G	0.843663	0.05016
574	A	0.556814	0.022665
575	U	1.038997	0.028398
576	A	0.19136	0.025196
577	A	0.304282	0.018269
578	G	0.843035	0.050572
579	A	0.451034	0.023834
580	C	0.218895	0.021941
581	U	0.385155	0.022378
582	G	1.198739	0.041823
583	A	0.44862	0.020449
584	A	0.797079	0.024737
585	G	0.662295	0.048292
586	A	0.113155	0.01958
587	C	0.102317	0.06107
588	U	0.241876	0.019398
589	U	0.38773	0.021561
590	G	0.646383	0.069299
591	A	0.150565	0.017136
592	C	0.214029	0.019061
593	U	0.279744	0.016957
594	G	1.003568	0.04752
595	U	0.875146	0.037162
596	U	1.118847	0.029126
597	U	0.503151	0.020651
598	U	0.926111	0.025634
599	G	0.615457	0.040527
600	G	0.605462	0.068968
601	A	1.19051	0.030723
602	G	0.725197	0.03823
603	C	0.324149	0.024592
604	A	0.251883	0.01908
605	G	0.646604	0.034768
606	G	0.542135	0.059246
607	C	0.233957	0.028957
608	G	0.653749	0.043912
609	G	0.487745	0.075875
610	A	0.251496	0.021861
611	A	0.815535	0.022675
612	A	0.929435	0.02707
613	G	0.754689	0.035565
614	G	0.90238	0.046581
615	A	0.384301	0.020012
616	U	0.482513	0.024515
617	C	0.502345	0.046053
618	A	1.036778	0.025123
619	A	0.861921	0.061514
620	U	1.155542	0.027753
621	U	1.207855	0.035296
622	C	0.49641	0.041969
623	C	0.361182	0.03649
624	G	0.710871	0.051996
625	A	0.395447	0.023339
626	C	0.375673	0.019677
627	U	1.593942	0.02782
628	A	0.634061	0.022426
629	G	0.366437	0.044942
630	G	0.395343	0.052592
631	G	0.606174	0.057902
632	A	0.882236	0.024773
633	G	0.831248	0.027674
634	U	0.442013	0.022131
635	A	1.086676	0.026362
636	U	0.715668	0.03135
637	C	0.57597	0.048743
638	C	0.348591	0.046039
639	C	0.24724	0.051735
640	U	0.434313	0.040372
641	C	0.166561	0.058125
642	U	0.066946	0.031859
643	C	0.214059	0.079999
644	U	nan	nan
645	C	0.269709	0.050573
646	U	0.171703	0.021718
647	C	0.333672	0.054091
648	A	0.422314	0.024449
649	A	0.624699	0.018592
650	A	0.136245	0.02452
651	G	1.159002	0.030394
652	U	0.490456	0.022535
653	C	0.944698	0.049001
654	G	0.748296	0.027994
655	U	0.261843	0.01601
656	A	0.938754	0.023047
657	U	0.293993	0.026465
658	C	0.318888	0.031416
659	C	0.315691	0.036209
660	A	1.194856	0.028145
661	C	0.409994	0.022502
662	U	0.721046	0.022059
663	G	0.760957	0.034474
664	G	0.896935	0.037446
665	C	0.190677	0.023733
666	C	0.395731	0.031003
667	A	1.19538	0.026916
668	C	0.062281	0.022216
669	A	0.300243	0.020033
670	G	2.14728	0.051656
671	A	0.370526	0.021926
672	A	1.001881	0.024169
673	A	0.167216	0.018824
674	G	0.468665	0.027589
675	U	nan	nan
676	C	0.460167	0.040891
677	C	0.296002	0.037931
678	A	0.711929	0.02428
679	U	1.479382	0.030265
680	A	0.325676	0.016126
681	C	1.32225	0.031228
682	A	0.02483	0.013671
683	C	0.129642	0.016097
684	A	0.060011	0.0117
685	C	0.078562	0.019696
686	A	0.406994	0.019203
687	A	0.256768	0.017659
688	G	0.759289	0.035227
689	C	0.314674	0.023481
690	A	0.43559	0.024155
691	G	1.169236	0.044931
692	G	0.256449	0.036209
693	C	0.050642	0.025968
694	A	0.369124	0.022772
695	G	0.320931	0.037516
696	G	0.319055	0.042525
697	C	0.067784	0.02555
698	A	0.82696	0.026208
699	G	0.304105	0.037905
700	G	0.549291	0.052417
701	A	0.283936	0.024689
702	C	0.118392	0.056548
703	U	0.268421	0.019756
704	U	0.653166	0.023496
705	A	0.557102	0.023318
706	U	0.217181	0.018881
707	G	0.604739	0.040267
708	A	0.151001	0.019902
709	G	0.413721	0.033962
710	C	0.07768	0.034455
711	C	0.28837	0.033579
712	A	0.909075	0.030144
713	C	0.423308	0.024456
714	U	0.532259	0.022264
715	G	0.467472	0.03832
716	A	0.790111	0.02633
717	U	0.677198	0.045879
718	C	0.401234	0.046018
719	C	0.459659	0.041484
720	C	0.428467	0.083053
721	C	0.252624	0.044279
722	U	0.355091	0.0246
723	C	0.177833	0.058763
724	A	0.243373	0.019432
725	G	1.561758	0.047654
726	A	1.695822	0.032455
727	A	0.591286	0.029561
728	U	0.749992	0.029728
729	G	1.55332	0.048812
730	A	2.385546	0.03768
731	G	0.502235	0.061774
732	A	nan	nan
733	G	0.751565	0.047147
734	C	0.47491	0.029959
735	A	0.068151	0.017274
736	G	0.650491	0.043038
737	A	0.420005	0.02539
738	C	0.339038	0.022441
739	C	0.559917	0.043204
740	G	0.971941	0.031156
741	U	0.492443	0.023187
742	G	0.625629	0.032683
743	C	0.065056	0.053676
744	A	1.147717	0.026011
745	A	0.337276	0.020131
746	G	1.317494	0.050954
747	A	1.863248	0.040512
748	A	0.509479	0.022037
749	A	0.086956	0.034353
750	G	1.435774	0.036595
751	A	0.46192	0.019664
752	U	0.707224	0.026153
753	G	1.377001	0.043157
754	A	1.35644	0.026855
755	G	0.396717	0.044912
756	A	0.901284	0.024977
757	U	0.135261	0.02676
758	C	0.34072	0.050293
759	U	1.055775	0.02827
760	U	0.312364	0.019544
761	C	0.3135	0.036443
762	A	1.050195	0.0233
763	A	1.079089	0.037648
764	U	0.384053	0.020726
765	U	0.345049	0.018135
766	U	0.345107	0.01826
767	C	0.321675	0.032423
768	A	0.187837	0.017148
769	G	1.073581	0.036616
770	C	0.135167	0.036491
771	A	1.060571	0.02912
772	U	0.44099	0.019264
773	U	0.71307	0.031353
774	C	0.398795	0.048489
775	C	0.771342	0.034479
776	C	0.317617	0.063343
777	A	0.233177	0.017771
778	G	0.778526	0.036298
779	G	0.816157	0.036707
780	A	0.251894	0.055613
781	U	0.121957	0.016291
782	U	0.245286	0.024085
783	C	0.418368	0.041125
784	C	0.407918	0.043245
785	G	0.403342	0.040693
786	G	0.219389	0.032626
787	C	nan	nan
788	U	0.335722	0.022707
789	U	0.492564	0.019283
790	U	0.263941	0.025012
791	C	0.302617	0.041777
792	C	0.385766	0.043585
793	C	0.420084	0.044305
794	U	0.097665	0.022267
795	C	0.253566	0.035943
796	A	0.542842	0.022995
797	C	0.207527	0.021665
798	C	0.419991	0.030425
799	U	0.291256	0.021047
800	G	0.42783	0.037171
801	G	0.582109	0.031838
802	U	0.096115	0.065271
803	C	0.471866	0.037753
804	C	0.262491	0.040459
805	A	0.419255	0.01751
806	U	1.052907	0.026641
807	C	0.362593	0.054921
808	A	0.976044	0.023389
809	U	0.173818	0.016134
810	U	0.496762	0.016886
811	G	0.59619	0.026419
812	C	0.257097	0.031333
813	U	1.166837	0.025907
814	C	0.651552	0.042226
815	G	1.280924	0.033121
816	U	0.238773	0.022768
817	U	0.903303	0.021478
818	G	0.524149	0.025638
819	U	0.066905	0.016223
820	G	0.270421	0.083094
821	C	0.035173	0.029285
822	U	0.033629	0.020331
823	G	0.148005	0.047117
824	C	0.046591	0.045517
825	U	0.088438	0.012046
826	G	0.480131	0.05599
827	U	0.199711	0.031419
828	U	0.095748	0.013356
829	U	0.012882	0.04337
830	G	0.642156	0.048565
831	A	0.007085	0.028126
832	A	0.206032	0.013111
833	A	0.438205	0.06309
834	U	0.09852	0.015313
835	U	0.13656	0.013504
836	U	1.110951	0.035256
837	C	0.297433	0.048507
838	C	0.324354	0.033168
839	C	0.284388	0.044545
840	C	0.453087	0.06474
841	U	0.068372	0.016786
842	U	1.821435	0.042862
843	G	0.703473	0.050306
844	A	0.093408	0.016676
845	G	0.41224	0.05705
846	A	0.102687	0.017169
847	A	0.068013	0.016078
848	U	0.03944	0.01673
849	G	0.462295	0.023862
850	U	0.259613	0.023071
851	U	2.087521	0.034117
852	A	0.267842	0.01403
853	C	1.387467	0.045463
854	A	0.081408	0.010443
855	C	0.117467	0.019975
856	A	0.139288	0.018761
857	U	0.257835	0.021551
858	U	0.068388	0.032422
859	C	0.329927	0.034085
860	U	0.121126	0.049696
861	C	0.468442	0.055074
862	U	0.05499	0.033181
863	C	0.487894	0.075723
864	G	1.55	0.02958
865	U	0.496187	0.018285
866	A	1.210781	0.022395
867	U	0.73183	0.023234
868	G	0.931694	0.032434
869	C	0.21132	0.035311
870	A	1.000204	0.020387
871	A	0.843659	0.022098
872	U	0.558647	0.02019
873	U	0.539966	0.022539
874	C	0.788448	0.042372
875	U	0.2688	0.016191
876	U	0.391679	0.015316
877	G	1.031971	0.036117
878	U	0.828695	0.024781
879	U	0.100021	0.025308
880	C	1.294055	0.044679
881	U	0.304089	0.028091
882	C	0.350245	0.032122
883	C	0.361274	0.039087
884	G	1.644251	0.041647
885	C	0.237135	0.027405
886	C	0.338234	0.041133
887	C	0.262004	0.045488
888	A	0.910605	0.043252
889	U	0.93522	0.027552
890	U	0.182786	0.015271
891	U	0.093123	0.012303
892	U	0.219025	0.017511
893	C	0.35338	0.043857
894	G	1.046316	0.037836
895	C	0.172007	0.035004
896	C	0.19221	0.028898
897	U	0.752837	0.033739
898	C	0.25996	0.033628
899	U	0.199622	0.041339
900	C	0.349394	0.033761
901	C	0.19315	0.036625
902	A	0.084439	0.022708
903	G	1.065457	0.039715
904	A	0.165209	0.02222
905	A	0.755811	0.019894
906	A	0.274772	0.024734
907	U	0.754131	0.020718
908	U	0.213626	0.030278
909	C	0.492115	0.045704
910	C	0.457719	0.040411
911	G	0.766323	0.042214
912	A	0.386947	0.01751
913	U	0.585773	0.023272
914	C	0.707616	0.038858
915	A	0.829194	0.021807
916	U	0.147522	0.031623
917	U	0.417165	0.016985
918	G	0.508512	0.033227
919	A	0.24758	0.018156
920	U	0.360747	0.030358
921	C	0.607043	0.037137
922	C	0.359489	0.043621
923	C	0.400247	0.03541
924	U	0.546725	0.023985
925	C	0.285276	0.027593
926	G	0.989694	0.032052
927	C	0.458469	0.028803
928	U	0.38249	0.035822
929	U	0.355938	0.017442
930	G	0.810642	0.054569
931	A	0.214494	0.014888
932	U	0.231168	0.018576
933	C	0.723228	0.042244
934	A	0.213007	0.018991
935	U	0.336852	0.03933
936	C	0.319869	0.02713
937	C	0.366193	0.046747
938	G	1.321952	0.046737
939	A	0.435696	0.031372
940	A	0.595104	0.018272
941	U	0.313192	0.01935
942	C	0.827311	0.041044
943	A	0.18847	0.012717
944	A	0.700292	0.024342
945	U	1.002312	0.02432
946	U	0.059185	0.039818
947	C	0.454535	0.034645
948	C	0.615887	0.032482
949	A	0.60079	0.019739
950	U	0.201714	0.015627
951	U	0.146082	0.012961
952	A	0.723802	0.021538
953	C	0.260542	0.026746
954	C	0.627712	0.051285
955	A	0.85241	0.02506
956	U	0.170963	0.016681
957	U	0.524236	0.018877
958	G	1.17036	0.037799
959	U	0.358233	0.023827
960	U	0.283678	0.039656
961	C	0.564323	0.05939
962	C	0.324522	0.046936
963	A	0.087578	0.01781
964	A	1.087244	0.039854
965	C	0.314078	0.029068
966	C	0.22467	0.045166
967	C	0.30944	0.070013
968	C	0.634018	0.136618
969	U	0.181168	0.027193
970	U	0.444738	0.023866
971	U	0.297959	0.022489
972	C	0.44587	0.047988
973	A	0.896212	0.029338
974	C	0.156889	0.019126
975	U	0.309742	0.025462
976	G	0.346	0.039332
977	C	nan	nan
978	U	0.045947	0.028556
979	G	0.133589	0.038689
980	C	0.020059	0.029195
981	U	2.750583	0.046924
982	C	0.59822	0.065441
983	C	0.332188	0.049351
984	A	0.294032	0.017952
985	G	0.244893	0.036182
986	C	0.034138	0.042941
987	A	0.056182	0.013993
988	G	0.195126	0.080563
989	C	0.257467	0.047583
990	C	0.318158	0.045722
991	C	0.388808	0.07195
992	C	0.220657	0.064314
993	A	0.011337	0.02165
994	G	0.718376	0.044866
995	A	1.34551	0.03825
996	C	0.139219	0.085645
997	C	0.174713	0.043153
998	U	0.394826	0.044458
999	C	0.273314	0.039694
1000	C	nan	nan
1001	U	0.223759	0.022602
1002	U	0.130989	0.02652
1003	G	0.991424	0.047359
1004	G	0.890543	0.043174
1005	A	0.56191	0.036449
1006	A	0.857546	0.03345
1007	G	1.745178	0.054019
1008	A	0.232626	0.035005
1009	G	0.747892	0.109668
1010	U	0.031922	0.018285
1011	U	0.593233	0.024645
1012	G	0.421221	0.058469
1013	A	0.07606	0.020869
1014	A	0.386176	0.022715
1015	C	0.160716	0.032802
1016	C	0.306296	0.066556
1017	U	0.491405	0.027964
1018	U	0.513281	0.021856
1019	G	0.479405	0.035018
1020	C	0.09925	0.033174
1021	A	0.554288	0.020795
1022	U	0.680001	0.027997
1023	C	0.481985	0.041784
1024	A	0.06898	0.022906
1025	G	2.553562	0.055767
1026	A	0.049226	0.024457
1027	G	0.556412	0.048875
1028	A	0.343139	0.02268
1029	G	0.611656	0.043895
1030	C	0.455554	0.029376
1031	A	1.223655	0.028852
1032	C	0.083627	0.031306
1033	A	0.567973	0.020518
1034	U	0.643081	0.029621
1035	C	0.464437	0.037692
1036	C	0.226942	0.038036
1037	U	0.1034	0.027741
1038	G	0.145727	0.084258
1039	G	0.562222	0.080935
1040	G	0.383437	0.07225
1041	G	0.388065	0.033666
1042	U	0.105441	0.096572
1043	C	0.820788	0.035986
1044	C	1.67792	0.083735
1045	A	0.387528	0.018803
1046	U	0.752304	0.037022
1047	C	0.22776	0.065579
1048	C	0.306534	0.069198
1049	C	0.275412	0.042897
1050	A	0.061889	0.028777
1051	G	0.195729	0.022275
1052	U	0.668289	0.02402
1053	A	0.215125	0.016026
1054	C	0.351654	0.026308
1055	G	0.660663	0.042472
1056	C	0.098641	0.032314
1057	A	0.76803	0.026419
1058	C	0.365207	0.022806
1059	A	1.018411	0.028211
1060	A	0.149536	0.033874
1061	G	0.521582	0.029238
1062	U	0.673033	0.030121
1063	G	0.605284	0.047882
1064	C	0.278996	0.038892
1065	C	0.376594	0.063443
1066	C	0.245822	0.074961
1067	U	0.402371	0.030749
1068	U	0.470634	0.023878
1069	G	1.124411	0.047337
1070	U	1.566462	0.049278
1071	U	0.110506	0.027667
1072	C	1.833192	0.061485
1073	U	nan	nan
1074	C	0.565296	0.047013
1075	U	0.368651	0.025159
1076	G	0.791042	0.047518
1077	A	0.465812	0.026637
1078	U	0.971467	0.038673
1079	A	0.748101	0.03322
1080	U	0.450256	0.023335
1081	G	1.123833	0.035936
1082	U	0.17343	0.025506
1083	A	0.436091	0.057472
1084	G	0.459703	0.041509
1085	C	0.42577	0.033015
1086	A	0.917792	0.027733
1087	U	1.042882	0.034896
1088	C	0.319554	0.053098
1089	A	0.585141	0.0291
1090	U	1.122321	0.036467
1091	U	0.502169	0.028164
1092	C	0.468723	0.048032
1093	A	0.625441	0.026094
1094	G	1.405988	0.056702
1095	G	0.838329	0.095332
1096	U	0.096923	0.071596
1097	U	0.84004	0.030028
1098	G	0.805874	0.049874
1099	G	1.040697	0.058157
1100	A	0.97757	0.035004
1101	A	0.425054	0.021562
1102	U	0.484191	0.024332
1103	G	0.766024	0.041225
1104	C	0.269813	0.039476
1105	C	0.601649	0.060991
1106	A	0.456533	0.02403
1107	G	1.219891	0.060975
1108	A	0.768275	0.030717
1109	U	1.087096	0.038655
1110	C	1.256948	0.057814
1111	A	0.108883	0.020065
1112	U	0.037628	0.02562
1113	C	0.468817	0.045427
1114	A	0.225206	0.027099
1115	A	2.114957	0.0435
1116	A	0.749259	0.035988
1117	U	0.379468	0.028121
1118	G	0.513229	0.055931
1119	G	0.44155	0.055225
1120	G	0.38016	0.043163
1121	U	0.710832	0.034331
1122	G	0.407334	0.045379
1123	A	0.303017	0.028319
1124	G	0.476707	0.054672
1125	A	0.281731	0.024315
1126	C	0.238741	0.039154
1127	C	0.391879	0.049763
1128	A	0.169863	0.02382
1129	G	0.726848	0.043939
1130	C	0.106234	0.030885
1131	A	0.155687	0.01613
1132	G	0.602434	0.041495
1133	U	0.141789	0.021328
1134	U	0.722217	0.025619
1135	G	0.641235	0.030333
1136	C	0.326638	0.044717
1137	G	0.704824	0.034339
1138	U	0.177997	0.039879
1139	C	0.837621	0.091754
1140	U	2.065318	0.042221
1141	U	0.098938	0.032931
1142	C	0.687049	0.034915
1143	U	nan	nan
1144	C	0.58263	0.070185
1145	C	0.27495	0.037931
1146	A	0.559892	0.022827
1147	U	0.514946	0.021583
1148	U	0.978697	0.025512
1149	A	1.725801	0.038452
1150	U	0.926011	0.028293
1151	U	0.313536	0.019166
1152	U	0.529539	0.018964
1153	G	0.634586	0.030488
1154	C	0.301176	0.031765
1155	U	0.170746	0.038429
1156	U	0.351367	0.021309
1157	G	0.74038	0.045411
1158	A	0.333469	0.01877
1159	C	0.185003	0.022011
1160	G	0.890838	0.040858
1161	C	0.239565	0.028439
1162	C	0.198514	0.063216
1163	A	0.083091	0.016518
1164	A	1.215171	0.02794
1165	A	1.053212	0.029822
1166	U	0.761805	0.02767
1167	U	0.439765	0.032705
1168	C	1.094801	0.053308
1169	U	0.225703	0.019689
1170	U	0.002733	0.082912
1171	C	0.376767	0.031181
1172	U	0.49357	0.020302
1173	A	0.614803	0.021775
1174	A	0.998958	0.026444
1175	U	0.209358	0.025872
1176	C	1.395386	0.039666
1177	U	0.436832	0.027937
1178	C	0.416982	0.054101
1179	C	0.281734	0.0577
1180	U	0.327698	0.036667
1181	C	0.060909	0.07306
1182	U	0.804709	0.048743
1183	U	1.369116	0.039809
1184	U	0.369474	0.018006
1185	G	0.834263	0.028829
1186	U	0.075455	0.023216
1187	C	0.766839	0.068065
1188	A	0.297169	0.016928
1189	U	0.365268	0.052512
1190	A	0.232835	0.019408
1191	G	0.495989	0.037005
1192	A	0.046564	0.039442
1193	G	0.485625	0.055013
1194	G	0.779803	0.06456
1195	A	0.19655	0.018489
1196	U	0.266639	0.022293
1197	C	0.501983	0.053106
1198	A	0.458006	0.018856
1199	A	0.742192	0.026111
1200	U	1.335859	0.030133
1201	U	0.112962	0.028945
1202	C	1.312921	0.04253
1203	U	0.068387	0.043618
1204	C	0.268586	0.047009
1205	U	0.436928	0.02259
1206	C	0.391422	0.050394
1207	A	1.163404	0.026117
1208	U	0.150028	0.038396
1209	C	0.491917	0.062264
1210	C	0.542702	0.073383
1211	A	0.670932	0.05852
1212	U	0.349422	0.020583
1213	U	0.485982	0.019476
1214	U	0.691133	0.030983
1215	C	0.361385	0.037751
1216	C	0.36965	0.033943
1217	C	0.259682	0.051839
1218	A	1.78235	0.034113
1219	U	0.165923	0.030915
1220	C	1.139753	0.03443
1221	U	0.066401	0.029945
1222	C	0.19779	0.046706
1223	U	0.67127	0.027491
1224	C	0.420506	0.040292
1225	C	0.283799	0.059125
1226	U	0.296006	0.02834
1227	C	0.307258	0.047934
1228	C	0.24936	0.032206
1229	U	0.313124	0.021462
1230	G	0.916498	0.027854
1231	U	0.03425	0.016477
1232	A	0.615187	0.022669
1233	G	0.895753	0.038572
1234	A	0.771148	0.028676
1235	U	0.15715	0.031214
1236	U	0.495713	0.032571
1237	G	0.691672	0.042378
1238	G	0.405303	0.040994
1239	A	0.419939	0.050719
1240	C	0.45727	0.047728
1241	C	0.291555	0.051362
1242	C	0.238165	0.054518
1243	C	0.18458	0.053186
1244	C	0.173252	0.047321
1245	U	0.106391	0.023493
1246	G	0.710837	0.030964
1247	U	0.119419	0.036196
1248	C	0.270569	0.061044
1249	U	1.138616	0.03432
1250	U	0.031779	0.049849
1251	C	0.11917	0.053712
1252	U	0.524628	0.021566
1253	U	0.225351	0.017595
1254	A	0.329585	0.021617
1255	G	0.637858	0.042937
1256	G	0.722127	0.04379
1257	A	0.572096	0.031315
1258	U	0.265193	0.036473
1259	C	0.727834	0.086772
1260	U	0.31806	0.028815
1261	U	0.607789	0.029857
1262	U	0.269025	0.028156
1263	C	0.302106	0.044498
1264	C	0.252375	0.041388
1265	C	0.464824	0.062974
1266	A	0.065393	0.01416
1267	G	0.494769	0.03422
1268	C	0.118297	0.031924
1269	A	0.194578	0.047666
1270	C	0.185088	0.020782
1271	U	nan	nan
1272	G	0.337588	0.041693
1273	G	0.534479	0.052444
1274	G	0.233648	0.048373
1275	A	0.067672	0.034067
1276	U	0.537947	0.020959
1277	G	0.345246	0.030498
1278	C	0.102124	0.03185
1279	U	0.761831	0.029705
1280	C	0.596054	0.066396
1281	U	1.055273	0.028681
1282	U	0.086471	0.036589
1283	C	0.259445	0.040863
1284	C	0.302519	0.084594
1285	A	0.152135	0.014522
1286	G	1.174217	0.037493
1287	A	0.245634	0.020338
1288	U	0.718658	0.023303
1289	A	0.954357	0.034634
1290	U	0.780234	0.027855
1291	U	0.264133	0.016737
1292	U	0.433779	0.017998
1293	G	1.717074	0.049155
1294	U	0.129216	0.025542
1295	U	0.513081	0.020058
1296	U	0.092702	0.038239
1297	C	0.682481	0.034355
1298	U	0.198876	0.03743
1299	C	0.610977	0.043092
1300	C	0.248976	0.039708
1301	U	0.816737	0.037634
1302	C	0.213596	0.039721
1303	U	0.494901	0.027039
1304	C	0.444979	0.051953
1305	A	1.076415	0.029488
1306	U	0.049628	0.030695
1307	C	0.396931	0.036656
1308	A	0.115351	0.025014
1309	A	1.153361	0.031501
1310	A	0.443015	0.022196
1311	U	0.334247	0.017556
1312	G	0.69701	0.035922
1313	C	0.078775	0.042869
1314	C	0.914574	0.047312
1315	G	0.551277	0.049675
1316	A	0.44877	0.020967
1317	G	0.472455	0.053308
1318	A	nan	nan
1319	G	0.671064	0.062166
1320	A	0.064025	0.040658
1321	A	0.375339	0.022116
1322	C	0.240839	0.036551
1323	C	0.479455	0.038307
1324	A	0.735439	0.044901
1325	U	1.55695	0.031033
1326	U	0.105362	0.021053
1327	C	0.546861	0.037563
1328	U	0.031467	0.035206
1329	C	0.416362	0.056564
1330	U	0.119326	0.05795
1331	C	0.468961	0.044066
1332	U	0.778775	0.024913
1333	A	0.999564	0.023344
1334	U	0.141018	0.015648
1335	U	0.113341	0.016034
1336	G	1.210337	0.026247
1337	U	0.216728	0.01527
1338	U	0.07382	0.010895
1339	A	0.827627	0.019568
1340	U	0.429009	0.015646
1341	G	0.762281	0.028635
1342	C	0.348318	0.029808
1343	U	0.159911	0.011686
1344	G	1.322156	0.048501
1345	U	0.904553	0.050436
1346	U	0.680168	0.018015
1347	U	0.244382	0.014027
1348	U	0.453793	0.020628
1349	G	1.182462	0.044062
1350	A	0.622099	0.021816
1351	A	0.669114	0.018679
1352	U	0.238366	0.024933
1353	C	0.490036	0.047162
1354	A	0.048481	0.013311
1355	G	0.523961	0.028126
1356	C	0.130972	0.049749
1357	C	0.483324	0.02897
1358	U	1.322012	0.038234
1359	C	0.315335	0.028895
1360	C	0.304032	0.03186
1361	C	0.305054	0.078125
1362	U	0.521504	0.02819
1363	U	0.588083	0.023332
1364	C	0.365604	0.02737
1365	A	0.424119	0.017598
1366	U	0.229695	0.015627
1367	A	0.289324	0.015032
1368	G	0.859257	0.032154
1369	U	0.176277	0.021675
1370	C	0.609163	0.041761
1371	G	0.805307	0.035254
1372	C	0.10947	0.018056
1373	U	0.303888	0.017161
1374	G	1.006668	0.039134
1375	A	0.348982	0.018432
1376	G	0.977925	0.091504
1377	U	0.399554	0.024699
1378	U	0.258754	0.019988
1379	U	0.182245	0.015363
1380	G	0.525038	0.037729
1381	A	0.190635	0.017326
1382	G	nan	nan
1383	U	0.181095	0.019635
1384	U	0.331761	0.018904
1385	C	0.886562	0.041569
1386	A	0.318441	0.016027
1387	G	1.397109	0.028152
1388	U	0.553856	0.021565
1389	G	0.824043	0.034735
1390	C	0.124822	0.034155
1391	A	0.756696	0.024586
1392	C	0.033494	0.025765
1393	A	0.540173	0.017638
1394	U	0.336992	0.028794
1395	C	0.30737	0.025275
1396	U	0.361597	0.018989
1397	G	1.001182	0.024012
1398	U	0.298906	0.020405
1399	A	0.974626	0.021747
1400	U	0.075698	0.017253
1401	G	0.832446	0.022119
1402	U	0.073175	0.012017
1403	A	0.419398	0.024333
1404	G	1.128434	0.039939
1405	A	0.498132	0.022757
1406	A	0.778978	0.021226
1407	U	0.116211	0.046889
1408	C	0.819014	0.034615
1409	U	0.604024	0.026455
1410	C	2.455442	0.065234
1411	C	0.436008	0.031146
1412	C	0.585982	0.041185
1413	G	0.513972	0.038739
1414	A	0.211228	0.018525
1415	U	0.537205	0.02191
1416	U	0.156	0.040521
1417	C	0.420496	0.036263
1418	C	0.267663	0.048223
1419	A	1.018847	0.025061
1420	C	0.182244	0.02691
1421	C	0.261248	0.04579
1422	A	0.959596	0.026475
1423	A	0.230491	0.020248
1424	C	0.146365	0.048885
1425	C	0.439573	0.044276
1426	A	0.634598	0.035484
1427	U	1.072742	0.037294
1428	U	0.249406	0.047427
1429	C	1.215132	0.048487
1430	U	0.549921	0.043595
1431	C	0.466111	0.071752
1432	C	0.518896	0.043525
1433	C	0.292533	0.089416
1434	A	0.210347	0.032877
1435	A	0.380932	0.035903
1436	C	0.260395	0.026018
1437	A	0.289003	0.02238
1438	G	1.376593	0.04737
1439	A	0.157273	0.032201
1440	U	0.68567	0.026684
1441	G	0.5228	0.037508
1442	C	0.197292	0.039558
1443	U	0.845473	0.069831
1444	C	0.609061	0.06942
1445	U	0.453679	0.027773
1446	G	1.14926	0.058864
1447	A	1.263805	0.049966
1448	U	0.169919	0.028005
1449	U	nan	nan
1450	U	0.673026	0.029316
1451	C	0.541406	0.045931
1452	A	0.274338	0.020173
1453	G	1.213925	0.038483
1454	U	0.524658	0.036922
1455	G	0.603687	0.05441
1456	G	0.432543	0.057702
1457	C	0.087227	0.047061
1458	A	0.487531	0.036791
1459	U	0.245997	0.03328
1460	U	0.31832	0.027471
1461	C	0.361692	0.037709
1462	U	0.246983	0.037211
1463	G	0.452124	0.041454
1464	G	0.249564	0.036506
1465	C	0.259952	0.030162
1466	G	0.564989	0.053588
1467	U	0.34306	0.027924
1468	U	1.365569	0.048293
1469	C	0.471684	0.070493
1470	C	0.599431	0.045087
1471	C	0.363723	0.084792
1472	C	0.273068	0.088814
1473	A	0.893775	0.032084
1474	C	0.399618	0.078174
1475	C	0.262693	0.051475
1476	A	0.185974	0.016861
1477	G	0.639319	0.058225
1478	U	0.237757	0.029542
1479	U	0.228455	0.02715
1480	U	0.15438	0.035747
1481	C	0.656879	0.043577
1482	C	0.291128	0.050418
1483	A	0.807457	0.028093
1484	U	0.553475	0.035294
1485	C	0.336643	0.033985
1486	U	0.474388	0.023323
1487	G	0.536185	0.041073
1488	C	0.309472	0.031077
1489	U	0.880419	0.032745
1490	C	0.964846	0.122124
1491	A	0.591614	0.024346
1492	U	2.391072	0.046189
1493	A	0.622143	0.026282
1494	A	0.285974	0.018892
1495	G	0.579279	0.04688
1496	A	0.337078	0.021421
1497	U	0.116041	0.01517
1498	C	0.696613	0.07482
1499	G	0.397888	0.085142
1500	U	0.486654	0.036484
1501	U	0.058182	0.015148
1502	U	0.197159	0.016247
1503	G	0.497484	0.058845
1504	G	0.345276	0.030135
1505	U	0.102933	0.014719
1506	G	0.290204	0.045463
1507	C	0.155433	0.040435
1508	C	0.348828	0.052257
1509	U	0.190524	0.020344
1510	U	0.269065	0.022563
1511	G	0.953639	0.058348
1512	A	1.868654	0.043249
1513	G	0.303211	0.0568
1514	A	0.357781	0.022887
1515	C	0.165191	0.02965
1516	G	0.230213	0.048394
1517	C	0.204826	0.050164
1518	C	0.290127	0.054894
1519	A	0.248587	0.018711
1520	U	0.315375	0.020239
1521	G	0.976662	0.051317
1522	A	0.193467	0.017872
1523	U	0.679608	0.032255
1524	G	5.923841	0.074513
1525	U	1.117016	0.036802
1526	G	2.939513	0.074248
1527	G	0.74582	0.046524
1528	A	0.928686	0.033367
1529	U	0.680653	0.028432
1530	G	3.566174	0.070356
1531	U	0.169019	0.037128
1532	C	0.365393	0.119416
1533	A	0.32069	0.026827
1534	C	0.191858	0.025764
1535	U	0.436995	0.02852
1536	C	0.454844	0.064768
1537	G	3.078748	0.094364
1538	G	2.313708	0.055533
1539	U	2.538002	0.059071
1540	G	0.818566	0.068851
1541	A	0.638625	0.031516
1542	G	0.393437	0.031362
1543	U	0.111806	0.025255
1544	G	0.621076	0.073216
1545	A	0.353479	0.032048
1546	U	0.220942	0.028977
1547	U	0.460494	0.033684
1548	A	0.487312	0.035653
1549	U	0.147344	0.12408
1550	C	0.36813	0.090392
1551	U	0.340429	0.086966
1552	A	0.63971	0.12014
1553	C	0.259814	0.119952
1554	C	0.576435	0.200913
1555	C	0.514648	0.363496
1556	U	0.856888	0.533113
1557	G	1.502431	0.645869
1558	C	1.127631	0.857747
1559	U	1.159927	0.750385
1560	U	0.757265	0.753185
1561	U	0.383893	0.601818
1562	C	1.209004	0.846582
1563	G	1.847108	1.294457
1564	C	nan	nan
1565	U	nan	nan
