Nucleotide	Sequence	Norm_profile	Norm_stderr
1	A	nan	nan
2	G	nan	nan
3	U	nan	nan
4	A	nan	nan
5	G	nan	nan
6	A	nan	nan
7	A	nan	nan
8	A	nan	nan
9	C	nan	nan
10	A	nan	nan
11	A	0.545351	0.549001
12	G	1.151463	0.556301
13	G	nan	nan
14	G	0.24609	0.162253
15	U	1.156089	0.261279
16	G	2.033838	0.34504
17	U	0.698794	0.13566
18	U	0.175289	0.056819
19	U	0.145555	0.039858
20	U	0.262971	0.092063
21	U	0.077093	0.050732
22	U	0.151567	0.050425
23	A	1.104166	0.099873
24	U	0.277394	0.070243
25	C	0.66269	0.116644
26	A	0.221287	0.046917
27	U	0.107446	0.049023
28	U	0.694098	0.073161
29	A	0.801613	0.077131
30	A	0.776036	0.079693
31	A	0.815802	0.069068
32	U	1.0888	0.195681
33	A	0.368341	0.060794
34	A	0.214725	0.064978
35	G	0.373339	0.074874
36	C	0.381929	0.066041
37	U	0.585503	0.068495
38	G	1.000372	0.127397
39	A	0.215083	0.038418
40	A	0.476118	0.050398
41	A	0.244573	0.037703
42	C	0.329827	0.099948
43	G	0.611479	0.105952
44	A	0.607991	0.052207
45	G	1.317991	0.114231
46	A	0.538055	0.066781
47	A	0.798718	0.066061
48	A	0.295001	0.074403
49	G	0.404193	0.061754
50	U	0.285985	0.047218
51	U	0.153513	0.063661
52	C	0.392085	0.093246
53	U	0.273386	0.036661
54	U	0.182104	0.030846
55	A	1.015643	0.123658
56	U	0.047905	0.076162
57	C	1.256027	0.085651
58	U	0.068523	0.04899
59	C	0.214525	0.106014
60	U	0.412153	0.048033
61	U	0.339805	0.034981
62	G	0.5943	0.09632
63	C	0.393102	0.070044
64	U	0.695747	0.077318
65	C	0.513805	0.145998
66	U	0.261078	0.030321
67	A	0.412675	0.044678
68	C	0.305793	0.133502
69	U	0.246222	0.037615
70	U	0.352673	0.039811
71	C	0.47803	0.084397
72	A	0.389925	0.040736
73	A	0.227379	0.053602
74	G	0.304216	0.06189
75	C	0.702053	0.088447
76	A	0.091538	0.018587
77	G	0.241971	0.034758
78	U	0.613078	0.046073
79	A	0.048822	0.021365
80	G	0.455878	0.052588
81	U	0.132036	0.029248
82	U	0.359691	0.039061
83	G	0.958901	0.053378
84	U	0.603152	0.069279
85	A	0.458352	0.038925
86	A	0.47445	0.056198
87	G	0.678044	0.062412
88	G	0.285595	0.045014
89	C	0.063558	0.064181
90	U	0.190014	0.031403
91	U	0.20174	0.030824
92	G	0.291862	0.060124
93	C	0.224216	0.072603
94	A	0.326361	0.027258
95	U	0.550474	0.038518
96	A	0.735317	0.041417
97	A	0.895017	0.041731
98	A	0.662423	0.036911
99	U	0.307952	0.030851
100	G	0.801699	0.045935
101	U	0.346469	0.040845
102	U	0.289077	0.029579
103	A	1.177582	0.049922
104	U	0.375612	0.037916
105	U	0.300849	0.028975
106	U	0.25008	0.022692
107	G	0.204748	0.049366
108	C	0.216483	0.046819
109	U	0.433737	0.036018
110	C	0.943493	0.135089
111	A	0.18184	0.035513
112	A	0.750859	0.04599
113	A	0.147623	0.019709
114	A	0.225414	0.025677
115	C	0.30258	0.029217
116	U	0.656485	0.036572
117	A	1.033783	0.105331
118	U	1.459186	0.057533
119	U	0.111075	0.039352
120	C	1.298566	0.074587
121	U	0.037854	0.079603
122	C	0.628469	0.081317
123	U	0.274674	0.03204
124	G	0.7764	0.042593
125	U	0.369251	0.031634
126	A	1.017238	0.042032
127	A	0.767902	0.045802
128	U	0.169317	0.056587
129	C	0.898921	0.07565
130	U	0.901411	0.051753
131	U	0.253741	0.026819
132	U	0.126371	0.025894
133	A	0.141178	0.020758
134	G	0.569282	0.039015
135	U	0.046889	0.098764
136	C	0.941725	0.067722
137	U	0.409596	0.032041
138	A	0.96562	0.040523
139	U	0.58362	0.037146
140	G	0.869917	0.043186
141	U	0.304034	0.03464
142	C	0.707957	0.088988
143	G	0.473834	0.058407
144	C	0.089887	0.034391
145	A	0.706656	0.036812
146	C	0.282911	0.061618
147	U	0.40555	0.032799
148	U	0.398246	0.048493
149	C	0.408111	0.056794
150	U	0.322557	0.034055
151	U	0.41413	0.036551
152	C	0.271811	0.057433
153	A	0.628956	0.034161
154	A	1.038418	0.041325
155	U	0.122111	0.033528
156	C	0.398596	0.076456
157	A	0.081111	0.024152
158	G	0.633001	0.056822
159	C	0.132152	0.054992
160	C	0.276372	0.073799
161	A	0.727803	0.041006
162	C	1.1256	0.171655
163	C	0.051472	0.109845
164	U	0.280362	0.034283
165	U	0.341795	0.029314
166	A	1.386152	0.07391
167	U	0.530742	0.04328
168	U	0.352315	0.029887
169	U	0.13574	0.049718
170	C	0.563336	0.08938
171	U	0.409794	0.037624
172	U	0.230733	0.037989
173	C	0.348796	0.105312
174	A	0.12165	0.04644
175	A	0.43709	0.028557
176	A	0.259192	0.035121
177	C	0.157891	0.060309
178	U	0.450393	0.03517
179	U	0.312224	0.054366
180	C	0.449086	0.048749
181	U	0.171744	0.026658
182	G	1.072214	0.112184
183	A	0.11872	0.028791
184	C	0.139862	0.033092
185	U	0.302893	0.035597
186	C	0.44664	0.098972
187	A	0.865604	0.037208
188	A	0.96505	0.041736
189	U	0.253429	0.03175
190	U	0.541311	0.036143
191	G	0.94131	0.065332
192	U	0.566741	0.043379
193	U	0.071183	0.059113
194	C	0.957936	0.085286
195	U	0.275824	0.041724
196	C	0.395084	0.064805
197	G	0.695344	0.068627
198	C	0.170473	0.042084
199	C	0.531593	0.116678
200	A	0.49191	0.066879
201	U	0.731522	0.052369
202	U	0.170565	0.029427
203	U	0.205496	0.027369
204	U	0.340576	0.040605
205	C	0.496356	0.087226
206	C	0.344249	0.061818
207	G	0.720921	0.091483
208	U	0.277711	0.039789
209	U	0.289728	0.028494
210	U	0.459064	0.044295
211	C	0.539471	0.061804
212	U	0.636834	0.047083
213	G	1.370852	0.072029
214	C	0.083186	0.08708
215	U	1.154162	0.072699
216	U	0.678913	0.036043
217	U	0.515964	0.032578
218	G	1.375563	0.066883
219	G	0.779856	0.061247
220	A	1.090339	0.051975
221	G	0.45355	0.069354
222	G	0.215412	0.082104
223	G	0.452606	0.091449
224	A	0.341342	0.031323
225	G	0.196361	0.032893
226	U	1.218812	0.046052
227	G	0.993803	0.060836
228	G	1.423863	0.068402
229	A	1.051086	0.043252
230	G	0.436864	0.063289
231	G	1.118023	0.055471
232	U	0.15278	0.053946
233	C	0.3708	0.051514
234	U	0.150094	0.037859
235	C	0.439445	0.115522
236	C	0.225525	0.061942
237	C	0.318711	0.080336
238	A	0.794969	0.045242
239	U	0.584996	0.040212
240	C	0.477103	0.086372
241	C	0.383514	0.051315
242	U	0.427153	0.037342
243	C	0.213838	0.047275
244	A	1.146939	0.037903
245	U	0.375107	0.027144
246	U	1.375463	0.039644
247	A	0.698765	0.031439
248	C	0.271058	0.027389
249	U	0.666981	0.030127
250	G	0.675831	0.044152
251	C	0.103183	0.052121
252	U	1.002431	0.038752
253	U	0.766132	0.039572
254	C	0.767516	0.04616
255	U	nan	nan
256	C	0.643434	0.077757
257	C	0.312741	0.050964
258	A	0.20926	0.018556
259	A	0.264633	0.020122
260	G	0.587368	0.047832
261	C	0.286129	0.03582
262	G	0.706522	0.066649
263	A	0.331652	0.021895
264	A	0.789184	0.044468
265	U	0.239611	0.078367
266	C	1.288466	0.056573
267	U	nan	nan
268	C	0.356601	0.048199
269	U	0.379268	0.025139
270	G	1.029106	0.037575
271	U	0.473182	0.029218
272	A	1.060062	0.033186
273	G	1.96008	0.066551
274	A	0.15345	0.021614
275	G	0.680588	0.091639
276	U	0.210896	0.03704
277	U	0.507359	0.029105
278	U	0.568232	0.040027
279	C	0.608636	0.055962
280	A	0.257733	0.025408
281	G	2.763886	0.065618
282	A	0.061474	0.019774
283	G	0.619466	0.061129
284	A	0.323719	0.024268
285	C	0.509186	0.071881
286	U	0.553036	0.028967
287	C	0.484671	0.056305
288	G	0.770236	0.092489
289	A	0.66454	0.031985
290	A	0.699445	0.03101
291	C	0.408302	0.032397
292	U	0.549134	0.027982
293	G	2.561433	0.063089
294	U	0.05508	0.018521
295	G	0.264526	0.031374
296	U	0.663238	0.030105
297	U	0.241687	0.020354
298	A	0.999179	0.034525
299	U	0.553255	0.031488
300	C	0.741136	0.054848
301	A	1.042393	0.036778
302	U	1.368316	0.040674
303	U	0.122979	0.053896
304	C	1.114835	0.056546
305	C	0.363993	0.063217
306	A	0.923262	0.036896
307	U	0.409568	0.027239
308	U	0.872644	0.033444
309	C	0.837031	0.059438
310	A	0.770666	0.036025
311	A	0.353827	0.029729
312	G	0.261546	0.027779
313	U	0.07341	0.040482
314	C	0.251508	0.068829
315	C	0.203415	0.047227
316	U	0.140968	0.05164
317	C	0.249025	0.050596
318	C	0.258836	0.045612
319	G	1.205627	0.05614
320	A	0.725081	0.029756
321	U	1.836849	0.051821
322	G	0.439388	0.061066
323	A	0.25531	0.023386
324	G	0.255139	0.060343
325	G	0.329268	0.065116
326	A	0.128828	0.065126
327	C	0.279357	0.040017
328	C	0.386226	0.070505
329	C	0.258718	0.064077
330	C	0.307934	0.046494
331	A	0.8147	0.030143
332	A	0.597912	0.028393
333	U	0.18516	0.027513
334	U	0.510288	0.02704
335	G	0.649682	0.043064
336	C	0.344191	0.031065
337	A	1.257881	0.075975
338	U	0.955414	0.045688
339	U	0.615538	0.029053
340	U	0.080053	0.020394
341	U	0.083055	0.015751
342	U	0.273684	0.023165
343	G	1.026056	0.07059
344	A	0.237855	0.021253
345	C	0.16005	0.023735
346	A	0.427943	0.02433
347	U	0.408721	0.038587
348	C	0.207287	0.054285
349	C	0.627201	0.05092
350	U	1.048367	0.038229
351	C	1.508518	0.097261
352	A	1.839971	0.042926
353	U	0.128718	0.022637
354	C	0.312024	0.045077
355	A	0.196523	0.021295
356	G	0.615649	0.033137
357	U	1.687306	0.044737
358	A	0.833235	0.030498
359	U	0.487049	0.024858
360	G	0.70817	0.035119
361	U	0.181084	0.045734
362	C	0.416459	0.058713
363	C	0.437556	0.048122
364	U	0.431191	0.026876
365	G	0.918318	0.05323
366	G	1.118541	0.051764
367	A	1.404254	0.041021
368	A	1.094997	0.036814
369	G	2.537562	0.072007
370	A	0.178227	0.021989
371	G	0.607296	0.042273
372	A	1.664716	0.043276
373	A	0.85874	0.033905
374	G	1.022088	0.061095
375	G	0.333155	0.066392
376	C	0.138318	0.049289
377	A	1.039538	0.030657
378	A	0.633814	0.030475
379	U	0.770191	0.029535
380	G	1.167311	0.068005
381	G	1.101849	0.043765
382	U	0.391407	0.039406
383	G	1.376131	0.067331
384	A	0.284983	0.020017
385	A	0.823908	0.028979
386	A	0.92691	0.043686
387	U	0.418216	0.026777
388	U	0.532731	0.025531
389	U	0.424794	0.027481
390	C	0.556289	0.050194
391	G	0.493107	0.040218
392	C	0.363804	0.029571
393	C	0.419944	0.05206
394	G	0.910591	0.068093
395	A	0.431626	0.023803
396	C	0.512567	0.030141
397	A	0.873422	0.038274
398	A	0.955438	0.031811
399	U	0.270311	0.023937
400	U	0.683129	0.026226
401	G	0.481363	0.03144
402	C	0.407319	0.028306
403	U	0.955568	0.040254
404	C	0.617665	0.062954
405	C	0.453651	0.055808
406	U	1.178641	0.039984
407	U	0.85311	0.046584
408	C	nan	nan
409	U	0.556836	0.02871
410	U	1.086856	0.033709
411	C	0.659606	0.046065
412	G	0.96357	0.060568
413	G	0.920625	0.038678
414	U	0.628243	0.038923
415	G	1.548916	0.068515
416	A	0.72144	0.030575
417	A	0.919444	0.029331
418	A	0.324729	0.021753
419	G	0.530781	0.039502
420	C	0.213991	0.038126
421	C	0.342836	0.044094
422	C	0.420087	0.047823
423	U	0.541235	0.027131
424	G	0.932078	0.066815
425	A	0.96431	0.030747
426	G	0.769288	0.051559
427	C	0.730123	0.035899
428	A	0.215106	0.018062
429	G	0.717999	0.038012
430	U	1.220603	0.037494
431	A	1.362305	0.037432
432	U	0.74482	0.028018
433	U	1.052369	0.034894
434	A	0.622809	0.025841
435	G	1.610073	0.041767
436	U	0.905809	0.03386
437	G	1.580437	0.042194
438	U	0.105477	0.064934
439	C	0.985575	0.056447
440	U	0.137667	0.060948
441	C	0.520513	0.049635
442	C	0.315697	0.040125
443	A	0.26381	0.018515
444	G	1.268511	0.051411
445	C	0.288445	0.03559
446	C	0.496386	0.04808
447	G	1.243376	0.064998
448	A	0.58854	0.025058
449	U	0.781973	0.031317
450	C	0.408894	0.055518
451	G	0.332447	0.055018
452	A	0.259874	0.019119
453	A	0.981889	0.029741
454	G	1.064054	0.061135
455	A	0.65439	0.027227
456	U	0.732217	0.034851
457	C	0.482506	0.071588
458	A	1.515876	0.036986
459	C	0.095492	0.020849
460	A	0.190272	0.018399
461	C	0.456616	0.026585
462	U	0.562431	0.02537
463	G	0.880063	0.046488
464	A	1.100672	0.032576
465	A	0.493406	0.023265
466	G	0.441256	0.064208
467	U	0.559065	0.03084
468	U	0.62278	0.029937
469	C	0.883963	0.067259
470	G	0.667177	0.041632
471	C	0.161182	0.055686
472	U	0.239974	0.031587
473	U	0.568837	0.030594
474	U	0.437889	0.022836
475	C	0.360104	0.044872
476	A	0.222559	0.018245
477	G	1.908886	0.050001
478	C	0.089484	0.038442
479	A	0.674869	0.033793
480	U	0.427766	0.023438
481	G	1.259044	0.05575
482	A	0.212593	0.018794
483	U	0.347692	0.022199
484	G	0.854287	0.047299
485	U	0.555322	0.032683
486	U	0.274803	0.035563
487	C	0.555201	0.065851
488	U	0.943039	0.032295
489	U	0.356399	0.021311
490	A	1.044191	0.030334
491	U	nan	nan
492	C	0.529045	0.043517
493	C	0.555588	0.047794
494	A	0.821939	0.026552
495	U	0.412999	0.025119
496	G	1.134289	0.055783
497	A	0.506639	0.021765
498	U	0.904805	0.027092
499	C	0.60144	0.04863
500	G	0.882928	0.03993
501	C	0.29683	0.026024
502	C	1.198653	0.037138
503	U	0.644238	0.022998
504	G	0.688652	0.048403
505	G	0.49869	0.037006
506	U	nan	nan
507	C	0.575805	0.044312
508	C	0.37886	0.03828
509	A	0.749552	0.036291
510	U	0.470959	0.024564
511	U	0.396464	0.030001
512	C	0.473104	0.039284
513	U	0.604477	0.02172
514	G	1.027713	0.047356
515	A	0.337739	0.016894
516	U	1.198932	0.027112
517	A	0.278742	0.016571
518	C	0.393165	0.022203
519	A	0.39461	0.018655
520	G	1.635771	0.042528
521	A	1.718328	0.035337
522	G	0.528001	0.050527
523	G	0.914242	0.039117
524	G	0.555828	0.075447
525	A	0.25618	0.017638
526	G	0.256986	0.044846
527	C	0.234907	0.034869
528	C	0.256967	0.032848
529	U	0.447811	0.020915
530	G	0.810656	0.038176
531	C	0.089211	0.024136
532	U	0.166206	0.017404
533	A	1.649239	0.035751
534	C	0.504438	0.072369
535	U	0.558687	0.05418
536	U	1.527054	0.039531
537	U	0.295265	0.01807
538	U	0.486402	0.021102
539	U	0.257394	0.014053
540	G	0.482632	0.030673
541	C	0.449309	0.077591
542	U	1.058355	0.044148
543	U	0.281479	0.016175
544	U	0.848046	0.025229
545	G	1.152123	0.0483
546	G	0.08599	0.05904
547	C	0.238111	0.022688
548	A	0.899558	0.02458
549	U	0.583867	0.022433
550	G	0.824436	0.055549
551	A	0.490716	0.020632
552	G	0.186408	0.036377
553	C	0.436302	0.024984
554	A	1.045041	0.026751
555	U	0.326193	0.024491
556	G	0.709344	0.05276
557	A	0.094118	0.01446
558	A	0.431434	0.023127
559	C	0.384113	0.038041
560	C	0.43694	0.04135
561	A	0.312144	0.015944
562	G	1.62015	0.035023
563	U	0.421037	0.091894
564	C	1.351271	0.050216
565	U	0.155994	0.049549
566	C	0.328381	0.109045
567	U	3.271676	0.092538
568	U	0.13838	0.014042
569	G	0.444865	0.047948
570	A	0.098888	0.013563
571	C	0.198439	0.026463
572	A	1.157243	0.027789
573	U	0.159649	0.031553
574	C	1.536014	0.040998
575	U	0.05089	0.041309
576	C	0.197589	0.071148
577	U	1.266586	0.032629
578	U	0.200942	0.017832
579	C	1.702294	0.052244
580	A	0.546897	0.019621
581	A	0.233267	0.015712
582	G	1.451363	0.050906
583	A	0.131902	0.01689
584	G	0.590372	0.051304
585	U	0.311748	0.026826
586	C	0.671877	0.080768
587	A	0.412931	0.031868
588	U	0.469567	0.028771
589	G	1.541335	0.040755
590	U	0.270287	0.032615
591	C	0.591839	0.08423
592	A	1.162482	0.040281
593	G	1.450152	0.060266
594	U	0.34579	0.028818
595	U	1.1475	0.041439
596	A	0.680125	0.038595
597	G	1.485823	0.073701
598	G	2.092681	0.058759
599	U	0.250221	0.028471
600	A	0.899294	0.03524
601	G	0.404998	0.035453
602	C	0.473985	0.047695
603	G	1.123951	0.046473
604	U	0.782469	0.036791
605	G	0.682553	0.060826
606	A	0.291453	0.029171
607	A	0.32513	0.025916
608	G	0.668733	0.056119
609	C	0.958234	0.045519
610	A	0.507383	0.031769
611	G	1.432634	0.074486
612	G	0.420546	0.042725
613	U	0.141925	0.024327
614	A	0.380497	0.027226
615	C	0.480542	0.035189
616	A	0.679233	0.033199
617	G	0.977977	0.0511
618	A	0.265878	0.034406
619	G	0.519226	0.051544
620	G	0.117524	0.097818
621	C	0.042528	0.04611
622	A	0.653202	0.028884
623	A	0.476764	0.028427
624	U	0.329728	0.033624
625	A	0.305218	0.029363
626	G	0.486038	0.038915
627	U	0.283327	0.030587
628	C	0.750185	0.087249
629	A	0.555663	0.045313
630	U	0.499817	0.048691
631	U	0.432931	0.027493
632	U	0.126488	0.026408
633	U	0.330262	0.024121
634	G	1.327616	0.067256
635	A	0.523081	0.027377
636	G	0.651133	0.040288
637	U	0.370365	0.0288
638	G	0.2973	0.044702
639	C	0.087832	0.12865
640	C	0.352296	0.063203
641	U	0.130555	0.03346
642	C	0.425461	0.08181
643	A	0.978662	0.033215
644	U	0.643186	0.032594
645	C	0.35976	0.04976
646	G	1.010674	0.059515
647	G	0.449994	0.050364
648	A	0.534043	0.040375
649	U	0.585078	0.029187
650	U	0.353841	0.038994
651	C	0.525228	0.082599
652	U	0.513251	0.028105
653	U	0.644921	0.039919
654	C	0.455943	0.048781
655	C	0.005631	0.082917
656	U	0.383725	0.032277
657	U	0.593999	0.030067
658	C	0.298212	0.062979
659	A	0.301906	0.021412
660	G	1.086906	0.056672
661	A	0.534382	0.027112
662	A	0.602372	0.026775
663	U	0.364417	0.032848
664	C	0.475846	0.046791
665	C	0.53445	0.046168
666	G	0.780895	0.045656
667	C	0.336302	0.028401
668	U	0.769491	0.054493
669	C	0.627266	0.060826
670	C	0.524467	0.057707
671	A	1.269886	0.033469
672	C	0.182646	0.022064
673	U	0.412498	0.022221
674	A	1.193832	0.032043
675	U	0.594495	0.031449
676	C	0.537041	0.043092
677	U	0.294025	0.022262
678	G	1.46955	0.071255
679	U	0.682941	0.039134
680	U	0.423848	0.023205
681	U	0.329973	0.023587
682	U	0.289368	0.037343
683	C	0.672231	0.043595
684	C	0.452705	0.040941
685	A	0.24895	0.019129
686	G	1.205182	0.048083
687	C	0.246427	0.028173
688	A	1.310107	0.032487
689	C	0.40044	0.0309
690	G	1.70476	0.062925
691	A	0.914067	0.032682
692	G	1.051721	0.039063
693	U	0.602197	0.027587
694	G	0.880304	0.046046
695	G	0.555526	0.050048
696	C	0.255366	0.026745
697	U	0.473399	0.024661
698	G	1.364272	0.071796
699	U	0.486627	0.027933
700	U	0.797957	0.027619
701	U	0.948067	0.031424
702	C	0.444915	0.04721
703	G	0.760417	0.045549
704	A	0.729846	0.026088
705	U	0.537272	0.024669
706	G	1.540026	0.039106
707	U	0.204135	0.057403
708	C	0.550989	0.050598
709	C	0.547238	0.043643
710	A	0.317127	0.019717
711	G	1.285035	0.05873
712	A	1.07466	0.033863
713	C	0.288103	0.033319
714	C	0.29073	0.044916
715	A	1.058269	0.031184
716	A	0.370781	0.021485
717	G	2.220367	0.059582
718	A	0.135053	0.019858
719	G	0.859827	0.032929
720	U	0.806561	0.029667
721	G	1.436665	0.047627
722	C	0.384282	0.032987
723	U	0.436582	0.021256
724	G	0.975594	0.036629
725	C	0.205899	0.03745
726	C	0.54548	0.040147
727	U	0.79001	0.039431
728	C	nan	nan
729	U	0.899722	0.032166
730	U	0.650967	0.031499
731	C	0.484179	0.056698
732	C	0.614563	0.046496
733	U	0.842084	0.054463
734	C	0.159652	0.058091
735	U	0.245465	0.02295
736	U	0.529222	0.024998
737	A	0.491011	0.035142
738	G	1.556747	0.053953
739	A	nan	nan
740	G	0.436172	0.054046
741	A	0.783622	0.035709
742	U	0.322056	0.026265
743	U	0.668686	0.02534
744	U	0.306528	0.032321
745	C	0.617292	0.038484
746	U	0.760638	0.02781
747	G	0.624629	0.050331
748	A	1.228187	0.034232
749	U	0.135908	0.038448
750	C	1.10209	0.052476
751	U	0.546158	0.026378
752	C	0.331572	0.0479
753	G	0.418513	0.059831
754	G	0.43384	0.039786
755	C	0.231586	0.039077
756	G	0.894125	0.047725
757	A	0.242699	0.0245
758	A	0.162513	0.021226
759	G	0.292561	0.046358
760	C	0.146883	0.037171
761	C	0.301565	0.058946
762	G	0.643735	0.061392
763	G	0.730413	0.04159
764	U	0.498613	0.036655
765	C	0.762481	0.087105
766	A	0.367999	0.026114
767	A	0.620655	0.031644
768	G	1.736321	0.065165
769	G	2.046264	0.079659
770	A	1.56509	0.044742
771	A	1.253071	0.042184
772	U	0.900001	0.037548
773	G	0.419708	0.056809
774	G	0.340814	0.07423
775	G	0.408299	0.064529
776	G	0.335504	0.060583
777	C	0.144461	0.032868
778	A	0.530459	0.029788
779	U	0.448069	0.033167
780	C	0.186455	0.076538
781	A	0.938594	0.042076
782	C	0.213054	0.041831
783	C	0.619984	0.08009
784	C	0.267286	0.047358
785	A	0.234844	0.018105
786	G	0.660035	0.050795
787	U	0.100366	0.035395
788	U	0.335972	0.036168
789	C	0.436208	0.075794
790	U	0.457301	0.021751
791	U	0.642438	0.024494
792	G	0.597961	0.052749
793	G	0.450513	0.069973
794	U	0.101867	0.029631
795	C	0.637751	0.067728
796	U	0.172825	0.027734
797	G	0.148231	0.034917
798	C	0.088055	0.047424
799	A	0.088685	0.013147
800	A	0.460097	0.022689
801	A	0.61048	0.024437
802	U	0.718919	0.031231
803	C	0.871998	0.056469
804	G	2.355861	0.080855
805	U	0.954761	0.045186
806	U	0.559468	0.02877
807	U	0.642691	0.024025
808	G	1.234425	0.038431
809	C	0.214443	0.032149
810	G	0.504575	0.071948
811	G	0.510147	0.046269
812	A	0.359599	0.02389
813	C	0.481552	0.027714
814	A	0.477088	0.02248
815	U	0.253252	0.01897
816	G	0.338566	0.041536
817	C	0.188059	0.055438
818	C	0.359705	0.088507
819	A	0.02718	0.024523
820	A	0.282587	0.018115
821	A	0.217236	0.024399
822	G	1.851315	0.070171
823	A	0.298403	0.027507
824	A	0.83787	0.02965
825	A	0.159214	0.024135
826	G	0.303223	0.040248
827	C	0.389203	0.030122
828	A	0.15058	0.018321
829	G	0.903042	0.039579
830	U	0.346061	0.063042
831	C	0.348921	0.049768
832	U	0.310972	0.023691
833	A	0.709107	0.030474
834	C	0.47493	0.036512
835	C	0.587268	0.05497
836	U	0.476702	0.026899
837	G	1.929023	0.070571
838	A	0.514483	0.031236
839	A	1.116812	0.033683
840	A	0.460221	0.025848
841	G	0.847909	0.041538
842	C	0.272543	0.118111
843	U	0.415924	0.033027
844	U	0.437365	0.028748
845	G	0.455448	0.056455
846	A	0.254329	0.021426
847	U	0.997691	0.035277
848	A	0.308357	0.02279
849	C	0.443073	0.029726
850	A	1.197491	0.035382
851	G	1.284362	0.04179
852	U	0.931695	0.035233
853	G	1.438682	0.061215
854	U	0.361284	0.025278
855	U	0.597334	0.027871
856	G	0.77991	0.055742
857	G	1.046442	0.069654
858	A	0.597441	0.028419
859	A	0.659792	0.027595
860	U	0.193566	0.057187
861	C	0.426957	0.049588
862	C	0.676625	0.055318
863	A	0.650466	0.029426
864	U	0.384293	0.023695
865	U	1.200757	0.040095
866	A	1.329146	0.039325
867	U	0.255609	0.021676
868	G	2.208815	0.123431
869	U	0.621905	0.044192
870	U	0.362559	0.030135
871	U	0.032668	0.030686
872	U	0.271077	0.037845
873	U	0.137496	0.035568
874	G	1.918762	0.116072
875	U	0.157343	0.106308
876	C	1.105408	0.222525
877	A	0.312581	0.099153
878	C	0.263007	0.176747
879	C	0.406428	0.256179
880	C	0.277905	0.294662
881	U	0.373557	0.215796
882	G	0.675767	0.715335
883	C	nan	nan
884	U	nan	nan
885	U	0.657666	0.329242
886	U	0.596986	0.383972
887	U	0.18894	0.358557
888	G	nan	nan
889	C	nan	nan
890	U	0.0	0.0
