Nucleotide	Sequence	Norm_profile	Norm_stderr
1	A	nan	nan
2	G	nan	nan
3	U	nan	nan
4	A	nan	nan
5	G	nan	nan
6	A	0.290925	0.970896
7	A	0.560166	0.576483
8	A	0.613078	0.330518
9	C	0.321976	0.422615
10	A	1.599123	0.725918
11	A	nan	nan
12	G	0.16801	0.194762
13	G	0.216039	0.077667
14	U	0.138487	0.096271
15	A	0.227849	0.102855
16	C	2.239159	0.234243
17	U	0.434788	0.06728
18	U	0.381209	0.03825
19	U	0.564362	0.058596
20	U	0.062939	0.017535
21	U	0.528805	0.028768
22	U	0.295147	0.02389
23	G	0.496531	0.054446
24	G	0.516728	0.062389
25	A	0.043069	0.019195
26	C	0.267241	0.026938
27	A	0.186978	0.021595
28	G	0.325897	0.02989
29	U	0.417262	0.026695
30	A	0.99649	0.034171
31	U	0.438409	0.033039
32	G	0.820415	0.054426
33	G	0.894754	0.046177
34	A	0.326606	0.02117
35	U	0.364074	0.026001
36	A	0.311107	0.019151
37	G	0.297558	0.031601
38	C	0.273476	0.02825
39	A	0.10604	0.013205
40	A	0.809005	0.024389
41	A	0.290861	0.01658
42	U	0.699534	0.046524
43	A	0.272363	0.017684
44	G	0.968079	0.02974
45	U	0.024938	0.016515
46	A	0.132699	0.015093
47	G	0.168716	0.030313
48	C	0.398203	0.025617
49	A	0.737551	0.024326
50	U	0.341716	0.019391
51	U	0.540014	0.01984
52	G	0.449603	0.03076
53	C	0.202696	0.028504
54	C	0.672043	0.05889
55	A	0.760712	0.026142
56	C	0.149659	0.017417
57	A	0.210379	0.02094
58	G	0.362514	0.03498
59	C	0.127869	0.018253
60	U	0.510498	0.020224
61	A	1.295826	0.042998
62	U	0.392337	0.022715
63	U	0.707309	0.023179
64	U	0.502309	0.021438
65	C	0.413117	0.038224
66	A	0.210928	0.014646
67	G	0.789594	0.026667
68	U	0.392249	0.019863
69	G	0.849469	0.032467
70	C	0.238381	0.023689
71	A	0.962066	0.025195
72	U	0.222411	0.016168
73	G	1.367928	0.033103
74	U	0.029131	0.025392
75	G	0.542975	0.022895
76	U	0.201965	0.032972
77	G	0.524768	0.035192
78	A	0.879948	0.032326
79	G	2.078791	0.048068
80	G	0.750556	0.035934
81	A	1.35446	0.028868
82	A	0.763398	0.021972
83	G	0.675452	0.036497
84	G	2.390466	0.051828
85	A	0.716125	0.022485
86	G	0.969742	0.04162
87	U	0.136522	0.01644
88	U	0.711394	0.021548
89	G	0.798743	0.049165
90	A	0.328173	0.015007
91	A	0.46301	0.018955
92	C	0.299568	0.022967
93	C	0.706034	0.041993
94	A	0.676744	0.020087
95	A	0.437985	0.016497
96	G	1.420732	0.04264
97	A	0.175328	0.017728
98	U	0.442576	0.020714
99	G	0.472996	0.031179
100	C	0.668024	0.025652
101	A	0.926551	0.023633
102	U	0.527726	0.022295
103	U	0.815457	0.021389
104	A	0.728761	0.020946
105	A	1.222837	0.0265
106	G	0.397616	0.026694
107	C	0.551442	0.048018
108	A	0.122046	0.014594
109	A	1.200029	0.02555
110	A	0.05637	0.009259
111	A	0.428841	0.01824
112	C	0.271304	0.039481
113	C	0.395823	0.034869
114	C	0.422189	0.036076
115	A	0.74492	0.023081
116	G	1.581603	0.049533
117	G	0.653211	0.043056
118	G	0.541331	0.040824
119	A	0.260721	0.017746
120	U	0.158191	0.018119
121	C	0.563758	0.038111
122	A	0.460782	0.020678
123	U	0.139912	0.015823
124	U	0.500783	0.018506
125	A	0.72405	0.025299
126	A	0.492777	0.019265
127	U	0.414898	0.019168
128	C	0.670197	0.058143
129	A	0.168076	0.018758
130	G	0.38113	0.036538
131	G	0.399033	0.04865
132	C	0.237524	0.023236
133	A	0.638949	0.020781
134	C	0.290906	0.020429
135	U	0.895711	0.03006
136	C	0.504617	0.056006
137	C	0.1793	0.046383
138	U	0.539403	0.027051
139	C	0.270312	0.054026
140	A	0.443897	0.019576
141	A	0.54402	0.023113
142	U	0.149735	0.017805
143	U	0.360511	0.017043
144	G	0.320339	0.02607
145	C	0.174762	0.04813
146	U	0.627693	0.025999
147	U	0.849797	0.027271
148	C	0.929712	0.05431
149	A	0.410291	0.019175
150	U	2.201976	0.043653
151	A	0.089417	0.01317
152	U	0.148973	0.020524
153	A	0.123379	0.015015
154	G	0.678868	0.03672
155	C	0.324919	0.032459
156	C	0.361101	0.051751
157	C	0.281626	0.043527
158	U	0.600866	0.064503
159	C	0.291736	0.037238
160	C	0.245102	0.038098
161	A	0.596885	0.025817
162	A	0.371858	0.020867
163	G	0.737211	0.049572
164	A	0.357524	0.029078
165	U	0.403107	0.029482
166	C	0.597961	0.053623
167	G	1.012371	0.042741
168	A	0.60161	0.024942
169	A	0.643797	0.035193
170	G	1.083798	0.055654
171	G	0.257767	0.029017
172	U	0.10536	0.028309
173	A	1.591933	0.036266
174	C	0.293912	0.027027
175	C	0.661705	0.045047
176	A	0.498742	0.024836
177	G	0.495871	0.045578
178	G	0.424098	0.051826
179	U	0.277323	0.023841
180	U	0.435201	0.042784
181	C	0.263139	0.046093
182	C	0.265982	0.044696
183	A	0.157811	0.020374
184	G	0.35938	0.04531
185	G	0.223129	0.082791
186	U	0.290267	0.023968
187	U	0.657269	0.024313
188	G	0.472329	0.025306
189	U	0.494009	0.03529
190	C	0.459167	0.06561
191	C	0.376463	0.047687
192	C	0.27443	0.145962
193	U	0.04594	0.015253
194	A	0.433635	0.021656
195	A	0.344154	0.019987
196	G	0.730691	0.028835
197	U	1.096503	0.030785
198	G	0.348933	0.036883
199	C	0.273865	0.060223
200	C	0.514966	0.149971
201	U	0.169291	0.031307
202	G	0.929139	0.080232
203	A	0.184326	0.018394
204	A	0.156916	0.016711
205	C	0.290426	0.02565
206	A	0.82402	0.025318
207	A	1.187344	0.032709
208	U	0.534857	0.028622
209	G	1.451205	0.059338
210	A	1.28232	0.034043
211	G	0.441047	0.035126
212	A	1.407593	0.034302
213	A	0.506031	0.022258
214	G	0.365547	0.034021
215	C	0.283523	0.024317
216	A	0.027707	0.011668
217	G	0.150982	0.025919
218	C	0.053899	0.046266
219	U	0.457268	0.021565
220	U	0.635136	0.035554
221	C	0.417053	0.036016
222	C	0.393808	0.116678
223	U	0.108544	0.019484
224	U	0.032344	0.014233
225	G	0.572769	0.073532
226	A	0.368707	0.024835
227	C	0.281497	0.022844
228	U	0.954813	0.028312
229	C	0.473225	0.045399
230	A	0.119864	0.013979
231	G	0.26159	0.038389
232	C	0.116151	0.025748
233	U	0.191853	0.02078
234	G	0.599991	0.064379
235	A	0.540384	0.025269
236	G	1.010831	0.05587
237	A	0.510522	0.023652
238	A	0.747479	0.028087
239	U	0.369497	0.042131
240	C	0.725554	0.047976
241	C	0.378266	0.057993
242	C	0.243759	0.060112
243	U	0.878431	0.031075
244	C	0.299759	0.037038
245	A	0.909185	0.034307
246	A	0.298793	0.029234
247	G	0.723178	0.040307
248	U	0.213602	0.021457
249	U	0.589871	0.024378
250	G	1.241185	0.034717
251	U	0.358791	0.041658
252	G	0.652108	0.04733
253	G	0.620082	0.047556
254	A	1.313312	0.037666
255	G	0.220409	0.045234
256	A	0.435311	0.022609
257	U	0.511279	0.025577
258	G	0.462775	0.040875
259	C	0.332516	0.02906
260	A	0.156877	0.014722
261	U	0.813424	0.026988
262	A	0.603078	0.022408
263	C	0.450925	0.035347
264	A	0.221727	0.022593
265	A	1.752125	0.036202
266	A	0.290089	0.027586
267	C	0.369716	0.024241
268	U	0.418266	0.020371
269	G	0.803354	0.039288
270	U	0.739253	0.026638
271	U	0.394484	0.020501
272	G	1.634386	0.0606
273	A	0.579504	0.023856
274	A	0.548313	0.02622
275	U	1.091087	0.029239
276	A	0.247557	0.019089
277	C	0.220176	0.021327
278	A	0.151506	0.015517
279	G	1.029116	0.048729
280	A	0.564608	0.052225
281	U	0.509933	0.036355
282	U	1.025822	0.030861
283	U	0.206158	0.019366
284	U	0.548091	0.020641
285	G	0.582907	0.044353
286	C	0.309491	0.03062
287	U	0.475764	0.023967
288	A	0.757368	0.02557
289	G	0.720791	0.030412
290	U	0.872621	0.033756
291	A	0.508248	0.031304
292	A	1.056161	0.030328
293	A	0.100694	0.038034
294	G	0.601607	0.032893
295	U	0.514211	0.034034
296	C	0.542526	0.051844
297	C	0.464304	0.047687
298	U	0.516094	0.026061
299	G	0.855981	0.048219
300	C	0.395036	0.032031
301	A	1.344856	0.035391
302	C	0.04403	0.026664
303	A	0.321013	0.020344
304	C	nan	nan
305	U	0.597476	0.036798
306	U	0.571057	0.024931
307	U	0.416623	0.03634
308	C	0.427351	0.055687
309	C	0.438723	0.044361
310	C	0.454766	0.058602
311	A	1.102414	0.031276
312	A	0.649855	0.028443
313	U	0.234596	0.024908
314	G	0.928609	0.048413
315	G	0.537818	0.049161
316	A	0.105121	0.020895
317	A	0.658622	0.032578
318	C	0.30911	0.036172
319	C	nan	nan
320	U	0.526104	0.028746
321	U	0.972435	0.042541
322	C	0.226567	0.054468
323	U	0.636994	0.031178
324	U	0.088582	0.046245
325	C	0.398191	0.036029
326	U	0.639676	0.03597
327	A	0.927089	0.030584
328	C	0.248685	0.023343
329	U	0.592787	0.042897
330	C	0.645656	0.054218
331	C	0.480421	0.09004
332	U	0.922396	0.052503
333	U	0.279506	0.019049
334	U	0.433553	0.02293
335	G	0.945652	0.059544
336	G	0.641825	0.054169
337	G	0.388521	0.047778
338	U	0.545326	0.032772
339	G	1.005103	0.07808
340	A	0.763006	0.043507
341	U	0.791316	0.034172
342	U	0.143209	0.028893
343	C	1.196975	0.053873
344	U	0.059663	0.080382
345	C	0.417811	0.050091
346	C	0.207916	0.091537
347	A	1.404597	0.037681
348	A	0.76181	0.033706
349	U	0.917686	0.035878
350	G	0.646551	0.04695
351	G	0.59868	0.047241
352	G	0.744985	0.053774
353	C	0.231076	0.037267
354	C	0.464632	0.042463
355	A	0.735583	0.027891
356	U	0.427652	0.025352
357	G	1.058243	0.03681
358	U	0.113299	0.063257
359	C	0.984971	0.053017
360	U	0.033223	0.071374
361	C	0.488892	0.047568
362	C	0.341839	0.051446
363	G	1.242895	0.06559
364	A	0.878646	0.029325
365	A	1.249317	0.039948
366	U	0.275059	0.021924
367	U	0.427044	0.023083
368	G	1.379055	0.063079
369	U	0.65203	0.037598
370	U	0.701925	0.029186
371	U	0.122621	0.019282
372	U	0.892871	0.036473
373	C	0.707592	0.052884
374	A	0.754929	0.030832
375	A	1.048355	0.029557
376	A	0.281167	0.023553
377	G	1.393212	0.059416
378	A	0.216276	0.017184
379	A	1.063168	0.035503
380	U	0.754476	0.028269
381	U	0.184416	0.030429
382	C	0.85162	0.104524
383	U	0.967379	0.036995
384	U	0.298281	0.02
385	U	0.370902	0.0175
386	G	0.948746	0.054183
387	G	0.90417	0.033047
388	U	0.356029	0.026969
389	C	0.949455	0.059405
390	A	0.636176	0.022064
391	U	0.401963	0.019518
392	G	0.8481	0.028436
393	U	0.064645	0.050769
394	C	0.389786	0.063445
395	U	0.297393	0.027287
396	U	1.283137	0.030562
397	U	0.108788	0.024327
398	C	0.835528	0.039123
399	U	0.247632	0.033844
400	C	0.662585	0.047624
401	C	0.277709	0.048615
402	U	0.705017	0.035936
403	U	0.318579	0.019899
404	G	1.154749	0.055921
405	A	0.20076	0.015129
406	C	0.265749	0.02279
407	A	0.556441	0.027061
408	G	1.306034	0.040094
409	A	0.445882	0.024675
410	G	0.652578	0.041828
411	G	0.670836	0.089315
412	A	0.278009	0.019471
413	C	0.35616	0.024016
414	U	0.715444	0.029204
415	C	0.428867	0.044716
416	G	0.992887	0.042525
417	G	1.459477	0.040652
418	C	0.179806	0.041404
419	C	0.542503	0.039049
420	U	0.303496	0.026469
421	C	0.103164	0.049037
422	A	0.447493	0.020711
423	A	0.60022	0.025715
424	U	0.323987	0.019539
425	C	0.804048	0.045253
426	A	0.662469	0.020884
427	U	0.574942	0.020383
428	G	0.904441	0.034359
429	C	0.213417	0.062311
430	U	0.421341	0.03505
431	U	1.094457	0.028503
432	U	0.19472	0.018429
433	C	0.344602	0.039666
434	A	0.884315	0.024568
435	A	1.924041	0.041422
436	U	0.923613	0.032933
437	U	0.539396	0.023217
438	U	0.322721	0.016252
439	G	0.481361	0.031162
440	C	0.576604	0.025364
441	U	0.188296	0.018011
442	G	0.921909	0.038488
443	A	0.469659	0.020817
444	A	1.235356	0.032543
445	G	1.402649	0.053396
446	G	0.613423	0.04655
447	G	0.639821	0.066217
448	A	0.740755	0.025467
449	U	0.160527	0.015873
450	U	0.532846	0.024581
451	G	0.651079	0.041731
452	A	0.295401	0.02487
453	A	2.019173	0.046704
454	G	0.824009	0.036578
455	A	0.179944	0.018163
456	A	0.537851	0.023109
457	G	0.760447	0.038667
458	G	0.238093	0.044617
459	C	0.163574	0.022839
460	A	1.129264	0.026839
461	G	0.625379	0.028933
462	C	0.597098	0.029327
463	G	0.76439	0.034356
464	C	0.2402	0.033508
465	C	0.16109	0.029085
466	U	0.472861	0.027959
467	C	0.257373	0.045257
468	A	1.006553	0.03602
469	U	0.28205	0.024816
470	U	0.592301	0.023519
471	U	0.087439	0.057965
472	C	0.562061	0.045018
473	C	0.270086	0.106715
474	A	0.389937	0.02328
475	U	0.65895	0.03273
476	A	1.638091	0.057767
477	C	0.464864	0.041179
478	C	0.5184	0.05162
479	C	0.381563	0.06691
480	C	0.27604	0.085672
481	A	0.441272	0.046943
482	U	0.320606	0.029944
483	U	0.432761	0.027953
484	U	0.512204	0.02994
485	C	0.549211	0.063396
486	A	0.84071	0.043622
487	U	0.512793	0.041362
488	U	0.950303	0.033023
489	U	0.145628	0.018117
490	U	0.647999	0.025797
491	G	0.880201	0.063406
492	A	0.693282	0.03385
493	U	0.194052	0.048268
494	C	0.814435	0.05561
495	U	0.292042	0.03998
496	U	0.176277	0.02436
497	G	0.834963	0.048903
498	G	0.704162	0.043919
499	A	0.518618	0.029562
500	A	0.768101	0.031709
501	G	0.597871	0.067293
502	U	0.449358	0.033971
503	U	0.173766	0.039893
504	C	0.417775	0.051313
505	C	0.336603	0.054231
506	A	1.193556	0.036763
507	U	0.094665	0.018462
508	U	0.500687	0.02307
509	G	0.868387	0.05704
510	G	0.75809	0.073438
511	U	0.682959	0.030445
512	U	0.152987	0.034111
513	C	0.683318	0.048833
514	U	0.570928	0.031433
515	C	0.38122	0.060123
516	A	1.297464	0.032165
517	C	0.069368	0.023113
518	A	0.180062	0.016295
519	U	1.584674	0.03601
520	A	0.206643	0.016519
521	C	0.423005	0.024372
522	A	0.672953	0.027422
523	G	1.03127	0.046977
524	G	0.740414	0.054324
525	A	0.888771	0.027057
526	A	0.175638	0.017866
527	C	0.282499	0.043566
528	A	0.478455	0.030679
529	U	0.590579	0.026825
530	G	1.966103	0.056314
531	G	0.188025	0.074774
532	G	0.787975	0.039094
533	U	0.097007	0.038477
534	C	0.154484	0.071539
535	U	0.308934	0.024353
536	U	0.710951	0.02665
537	G	1.265142	0.05024
538	A	0.328117	0.019394
539	U	0.742209	0.027706
540	A	0.344434	0.020151
541	C	0.453538	0.031433
542	U	0.464052	0.021979
543	U	0.666648	0.02576
544	G	0.656129	0.04188
545	G	0.40945	0.057583
546	C	0.281182	0.062394
547	C	0.229709	0.040179
548	U	0.332825	0.022337
549	A	0.925636	0.034215
550	U	0.197829	0.022187
551	U	0.403999	0.020583
552	G	0.516663	0.040913
553	C	0.175556	0.032414
554	A	0.342801	0.018495
555	G	0.703023	0.042836
556	U	0.288921	0.028027
557	U	0.764889	0.027764
558	C	0.720919	0.055419
559	G	1.191104	0.033892
560	U	0.535403	0.022032
561	A	0.894994	0.025516
562	G	0.628203	0.038519
563	G	0.971833	0.054236
564	A	0.675057	0.026887
565	G	0.388552	0.039026
566	C	0.449015	0.028635
567	A	0.391466	0.018403
568	U	1.044164	0.029007
569	A	1.159035	0.028603
570	U	0.727503	0.039845
571	C	0.523395	0.055339
572	C	0.378715	0.04426
573	C	0.31552	0.057429
574	C	0.254739	0.040618
575	U	0.368811	0.022409
576	A	1.239219	0.036641
577	U	0.262711	0.02476
578	U	0.48438	0.022588
579	U	0.496985	0.023005
580	C	0.586612	0.044662
581	A	0.604994	0.023537
582	A	0.538169	0.023544
583	G	0.707128	0.067728
584	G	1.125425	0.053689
585	A	0.119803	0.021355
586	C	1.039212	0.032633
587	A	0.017882	0.012594
588	C	0.331392	0.026335
589	A	1.142359	0.028363
590	A	0.231677	0.015644
591	U	1.049979	0.029086
592	A	0.329032	0.019541
593	C	0.312607	0.028159
594	U	1.28792	0.032187
595	U	0.213118	0.032642
596	C	0.652551	0.037261
597	U	0.575549	0.036947
598	C	0.476367	0.060975
599	C	0.312016	0.049751
600	C	0.325154	0.054511
601	A	0.436617	0.022338
602	C	0.142569	0.030822
603	U	1.284346	0.030694
604	U	0.077987	0.01764
605	G	1.906539	0.038702
606	U	0.015483	0.018323
607	G	0.150657	0.019263
608	U	0.210347	0.020225
609	G	0.380337	0.034856
610	G	0.263415	0.03921
611	C	0.087018	0.039621
612	U	0.422078	0.041965
613	C	0.232754	0.034053
614	U	0.400209	0.021897
615	A	0.379719	0.021647
616	A	0.896359	0.026025
617	U	0.202804	0.030716
618	C	0.753183	0.039292
619	U	0.616082	0.02635
620	G	0.789414	0.046681
621	G	0.338494	0.066809
622	G	0.403803	0.045994
623	A	0.437354	0.024473
624	U	0.37135	0.02284
625	C	0.413295	0.043183
626	A	0.483466	0.026065
627	G	0.988624	0.029434
628	U	0.565554	0.025148
629	A	1.102672	0.034639
630	A	1.348253	0.033165
631	G	0.551423	0.062162
632	G	0.520289	0.043776
633	G	3.249851	0.147055
634	A	0.745036	0.025197
635	A	0.846859	0.024126
636	A	0.255018	0.016735
637	A	0.279652	0.030676
638	U	0.397915	0.020122
639	U	0.056033	0.039534
640	C	0.482272	0.053579
641	C	0.332056	0.045933
642	A	0.249298	0.018804
643	U	0.316381	0.018969
644	G	0.454058	0.030212
645	C	0.037788	0.056038
646	U	0.876899	0.030883
647	C	0.68335	0.07651
648	A	1.062941	0.027657
649	C	0.685508	0.085572
650	A	0.281363	0.020184
651	A	0.665301	0.022737
652	A	0.055927	0.01188
653	A	0.597754	0.027545
654	U	0.680328	0.027447
655	U	0.397767	0.02465
656	C	0.518572	0.060707
657	A	0.731466	0.032929
658	C	0.589575	0.030185
659	C	0.57157	0.074621
660	A	0.900139	0.026806
661	C	0.110233	0.023088
662	A	0.772352	0.025638
663	U	0.868399	0.030018
664	C	0.334016	0.0489
665	A	0.645439	0.024083
666	G	0.646335	0.027392
667	U	0.532488	0.024369
668	G	0.359872	0.041181
669	U	0.153453	0.022483
670	C	1.298133	0.106527
671	A	0.617474	0.027422
672	U	0.432351	0.022129
673	U	0.473931	0.026625
674	C	5.11084	0.131185
675	C	0.351932	0.038942
676	U	0.809268	0.029529
677	C	0.281515	0.044993
678	A	0.194859	0.020228
679	G	1.008964	0.042271
680	A	0.223904	0.040538
681	U	0.686208	0.029946
682	G	0.978237	0.049062
683	A	0.528896	0.042316
684	G	0.470408	0.065544
685	A	0.439503	0.034988
686	C	0.120585	0.038698
687	C	0.27611	0.040086
688	U	0.790235	0.058398
689	C	0.194908	0.044162
690	C	0.238741	0.052438
691	C	0.36387	0.086349
692	C	0.165675	0.100458
693	U	0.289915	0.036967
694	U	0.647638	0.029986
695	U	0.122151	0.019243
696	A	0.553817	0.031699
697	U	0.18092	0.020167
698	G	1.355672	0.054174
699	A	0.035677	0.055972
700	U	0.083235	0.035377
701	G	0.96362	0.057079
702	A	2.02249	0.049382
703	A	0.438223	0.025965
704	U	0.138953	0.058865
705	C	0.534741	0.094032
706	C	0.951322	0.057116
707	A	0.058784	0.014701
708	U	1.788298	0.053251
709	A	0.13165	0.015042
710	U	0.550637	0.035238
711	A	0.74831	0.029185
712	A	1.058632	0.032692
713	A	0.881586	0.045259
714	U	0.606875	0.037992
715	U	0.14888	0.019685
716	U	0.331055	0.023654
717	G	1.420876	0.042037
718	U	0.058512	0.062263
719	C	0.502182	0.073651
720	U	1.694093	0.044825
721	U	0.311849	0.038423
722	C	0.597757	0.041173
723	C	0.430165	0.050775
724	G	0.858479	0.04299
725	U	0.82812	0.039773
726	C	0.445898	0.070068
727	G	0.575238	0.037378
728	U	0.488142	0.046337
729	C	0.333962	0.047005
730	C	0.40759	0.091805
731	U	0.887395	0.03716
732	U	0.577368	0.046258
733	C	0.237572	0.060549
734	U	0.985533	0.050345
735	U	0.17381	0.025401
736	U	0.406222	0.027408
737	G	0.640401	0.061623
738	G	0.80771	0.044714
739	U	0.386413	0.038145
740	C	0.432037	0.086635
741	C	0.345441	0.050161
742	U	0.652157	0.031837
743	G	0.31944	0.046469
744	C	0.185771	0.044307
745	A	1.005311	0.036645
746	C	0.280754	0.045479
747	U	0.478947	0.029559
748	U	0.373897	0.023526
749	G	0.656538	0.042029
750	C	0.039052	0.03759
751	U	0.867614	0.033999
752	U	0.209436	0.021685
753	A	0.794024	0.03232
754	U	0.418382	0.030326
755	C	0.800507	0.05831
756	A	1.357101	0.040203
757	U	0.215209	0.025606
758	U	0.380869	0.026905
759	G	0.731324	0.053876
760	G	0.666561	0.081682
761	A	0.973691	0.037412
762	A	0.545365	0.031275
763	U	0.267672	0.027298
764	C	0.432695	0.056811
765	A	0.301912	0.030049
766	A	0.71991	0.033993
767	C	0.212851	0.050721
768	U	0.336505	0.030619
769	G	1.263308	0.073214
770	A	0.615704	0.033691
771	A	0.851402	0.032226
772	A	0.140522	0.020055
773	A	0.464488	0.027434
774	U	0.585573	0.03247
775	C	1.098062	0.065521
776	A	0.11128	0.01929
777	U	nan	nan
778	C	0.922091	0.047402
779	C	0.274116	0.065629
780	A	0.606354	0.033083
781	U	0.217452	0.029685
782	G	0.995268	0.065448
783	G	0.727112	0.062665
784	C	0.29488	0.038766
785	A	1.176619	0.036855
786	G	0.211893	0.054117
787	C	0.176788	0.0852
788	A	0.31422	0.024572
789	G	1.073271	0.048337
790	A	1.615925	0.040794
791	A	0.017194	0.020817
792	G	0.75974	0.043522
793	A	0.410394	0.027068
794	A	0.288233	0.020961
795	G	0.702309	0.036922
796	C	0.371491	0.031449
797	G	1.05083	0.041749
798	U	0.239225	0.020201
799	U	0.592166	0.033144
800	G	1.629148	0.061763
801	A	1.023535	0.031067
802	G	0.944608	0.034082
803	U	0.956123	0.038548
804	A	0.674746	0.031068
805	A	1.256818	0.037194
806	A	0.226385	0.033592
807	G	0.673208	0.036958
808	C	0.467191	0.029422
809	U	0.460937	0.025286
810	G	2.028296	0.048049
811	U	0.046994	0.017041
812	G	1.229742	0.071307
813	U	0.252056	0.028479
814	U	0.883946	0.029179
815	U	0.197812	0.016041
816	A	0.810533	0.026016
817	U	0.375961	0.021574
818	G	1.217072	0.035963
819	U	0.037412	0.014938
820	A	0.958245	0.0285
821	U	0.086825	0.015832
822	A	0.254322	0.017718
823	C	0.260211	0.024104
824	U	0.810829	0.043556
825	C	0.645925	0.068146
826	C	0.289274	0.041301
827	C	0.434416	0.075718
828	U	0.543767	0.029617
829	U	0.630983	0.027812
830	C	0.463772	0.03908
831	A	0.846452	0.028434
832	U	0.32229	0.019976
833	U	0.921195	0.027668
834	A	0.870962	0.030083
835	U	0.419345	0.022623
836	G	2.367938	0.044651
837	U	0.190229	0.017974
838	A	1.183905	0.034664
839	U	0.447681	0.02438
840	U	0.354087	0.029663
841	C	0.61702	0.045527
842	U	0.456244	0.02356
843	G	0.915639	0.040917
844	U	0.624933	0.029663
845	U	0.344553	0.020219
846	G	0.892013	0.042638
847	C	0.100823	0.047015
848	C	0.351271	0.071057
849	C	0.412539	0.081677
850	U	0.696157	0.025901
851	G	0.542721	0.041903
852	C	0.017494	0.084734
853	A	0.494229	0.022047
854	G	0.429591	0.0295
855	C	0.191605	0.041379
856	G	1.39299	0.05188
857	A	0.677075	0.025045
858	G	0.996222	0.054733
859	A	0.1302	0.019694
860	C	0.894621	0.031023
861	A	0.161797	0.016598
862	C	0.203225	0.072109
863	U	0.474304	0.024504
864	U	0.433909	0.030567
865	C	0.24468	0.037934
866	A	0.095612	0.0224
867	G	0.508712	0.03632
868	C	0.157335	0.031092
869	U	0.548489	0.024392
870	G	0.688231	0.03087
871	U	0.37636	0.040202
872	A	0.208785	0.021309
873	A	1.220584	0.03398
874	A	0.090569	0.013049
875	A	0.11672	0.015111
876	U	1.899674	0.041732
877	A	0.108086	0.01403
878	A	1.065184	0.036634
879	U	0.554001	0.029157
880	U	0.606807	0.038708
881	C	0.401802	0.067181
882	C	0.902499	0.050513
883	U	0.497112	0.033366
884	C	0.235173	0.054854
885	C	0.158038	0.040482
886	U	0.667711	0.037393
887	C	0.384355	0.049438
888	A	0.422421	0.099109
889	U	0.443689	0.027369
890	G	1.023752	0.040362
891	C	0.372949	0.045816
892	U	0.976704	0.036909
893	U	0.068527	0.020875
894	G	0.216109	0.044321
895	C	0.074787	0.03899
896	A	1.23138	0.03828
897	A	0.359287	0.021991
898	U	1.401557	0.046786
899	A	0.911115	0.031702
900	U	0.278776	0.01969
901	G	0.413497	0.037831
902	C	0.233499	0.030651
903	U	0.699461	0.031996
904	C	0.84518	0.082769
905	G	0.820987	0.057892
906	A	0.714636	0.032706
907	U	0.203795	0.020427
908	U	2.25588	0.047007
909	G	0.303267	0.069729
910	G	0.313473	0.076363
911	G	0.40624	0.088613
912	G	0.185366	0.041762
913	C	0.232902	0.048011
914	G	0.681577	0.083532
915	A	0.232148	0.021282
916	C	0.181993	0.02484
917	A	1.352163	0.039853
918	U	0.502414	0.044503
919	C	0.541337	0.048734
920	U	0.903479	0.036532
921	U	0.592684	0.046169
922	C	0.391848	0.089857
923	C	0.197517	0.060854
924	C	0.112299	0.113332
925	C	0.487166	0.104132
926	U	0.220862	0.035739
927	A	0.9513	0.032679
928	U	0.16539	0.041021
929	C	0.55005	0.042836
930	U	0.379363	0.0289
931	C	0.661652	0.058906
932	A	1.13674	0.034785
933	U	0.596569	0.02797
934	C	0.561739	0.048903
935	G	1.086919	0.060186
936	A	0.520612	0.024597
937	G	0.198316	0.081895
938	U	0.403482	0.032866
939	U	0.040735	0.070054
940	C	0.385095	0.067505
941	U	0.128227	0.019072
942	A	0.625116	0.029331
943	U	0.286681	0.044476
944	C	1.150942	0.051658
945	C	0.355329	0.051618
946	A	0.158225	0.018589
947	G	0.733388	0.042102
948	C	0.316794	0.047262
949	U	0.479886	0.030095
950	U	0.377472	0.024607
951	G	0.930058	0.066543
952	A	0.354684	0.021798
953	A	0.444592	0.02533
954	U	0.352914	0.028028
955	C	0.435277	0.072787
956	A	0.146249	0.022243
957	G	1.887605	0.046142
958	U	0.091477	0.02737
959	C	0.917473	0.065606
960	A	0.76708	0.028363
961	A	0.912045	0.030804
962	U	0.893454	0.035321
963	U	0.210555	0.023222
964	C	0.706622	0.074745
965	A	0.673907	0.026234
966	C	0.266006	0.022033
967	A	0.746644	0.028199
968	A	0.204115	0.017632
969	G	1.220832	0.046412
970	C	0.338053	0.050071
971	C	0.647018	0.04445
972	U	0.350491	0.025773
973	U	0.385442	0.024335
974	G	1.031344	0.045231
975	U	0.186149	0.080729
976	U	0.088591	0.016912
977	G	0.65191	0.057434
978	A	0.407063	0.022016
979	A	0.321988	0.025502
980	U	0.191877	0.022021
981	U	0.077988	0.020401
982	C	0.731926	0.124496
983	A	0.586807	0.024877
984	C	0.629165	0.060518
985	U	0.912128	0.045962
986	U	0.275361	0.026654
987	U	0.246696	0.030064
988	G	0.54538	0.054099
989	G	0.545826	0.063603
990	A	0.288863	0.021211
991	U	0.255707	0.043423
992	C	0.555826	0.080649
993	C	0.485989	0.090533
994	A	0.431112	0.021571
995	A	0.737552	0.029048
996	C	0.26468	0.037212
997	U	0.45532	0.028303
998	U	0.382919	0.039187
999	G	0.851241	0.039468
1000	C	0.295847	0.029167
1001	U	0.403651	0.026484
1002	A	0.53906	0.033724
1003	G	0.850834	0.032979
1004	U	0.316234	0.036111
1005	G	0.698743	0.054787
1006	A	0.632224	0.026707
1007	U	0.074297	0.042405
1008	C	0.75126	0.063097
1009	U	0.897193	0.051895
1010	U	0.315022	0.020173
1011	U	0.43189	0.02001
1012	G	1.281464	0.041609
1013	U	0.185162	0.019615
1014	U	0.658185	0.030846
1015	C	0.742669	0.054775
1016	U	0.528941	0.023048
1017	G	0.639914	0.041783
1018	G	0.363078	0.03622
1019	C	0.196729	0.03563
1020	U	0.728851	0.028371
1021	C	0.38826	0.05716
1022	A	1.620993	0.035056
1023	U	0.601403	0.030008
1024	C	0.588905	0.041166
1025	G	1.213019	0.043149
1026	C	0.237473	0.025654
1027	U	0.411786	0.022319
1028	G	0.609215	0.030053
1029	U	nan	nan
1030	C	0.658089	0.072544
1031	A	0.174341	0.01784
1032	U	0.900495	0.026963
1033	A	0.667904	0.027081
1034	C	0.472646	0.025745
1035	U	0.533901	0.023276
1036	G	1.566422	0.065125
1037	U	0.245842	0.026682
1038	U	0.503472	0.023675
1039	U	0.240193	0.021195
1040	C	0.770097	0.07156
1041	A	0.092151	0.017111
1042	A	1.211158	0.033741
1043	A	1.328763	0.033641
1044	U	0.618575	0.029359
1045	C	0.531479	0.052358
1046	G	0.856533	0.048025
1047	C	0.313609	0.038905
1048	U	0.042991	0.020074
1049	G	0.575232	0.05735
1050	A	0.227982	0.020543
1051	C	0.305473	0.032436
1052	A	0.475047	0.02373
1053	U	0.617099	0.044613
1054	C	0.437001	0.040973
1055	C	0.245891	0.072549
1056	U	0.195809	0.024713
1057	U	0.233498	0.023867
1058	G	0.682319	0.043844
1059	C	0.259731	0.031348
1060	A	0.795568	0.0283
1061	A	0.561967	0.025701
1062	U	0.389804	0.036127
1063	C	0.411898	0.068043
1064	U	1.165948	0.036994
1065	U	0.302756	0.024304
1066	C	1.055347	0.083897
1067	A	0.553128	0.032704
1068	A	0.528012	0.023833
1069	A	0.129422	0.030945
1070	G	1.00482	0.037029
1071	U	nan	nan
1072	C	0.540835	0.055586
1073	C	0.379424	0.066486
1074	A	0.853267	0.030938
1075	C	0.534959	0.062185
1076	U	0.14087	0.033894
1077	U	1.242471	0.037215
1078	U	0.105556	0.037006
1079	C	1.794437	0.059831
1080	U	0.105779	0.034838
1081	C	0.813144	0.058844
1082	U	0.761888	0.029596
1083	G	0.926384	0.067879
1084	G	0.801852	0.041236
1085	U	0.216952	0.021402
1086	G	0.510961	0.043048
1087	C	0.261337	0.048834
1088	C	0.346215	0.09521
1089	A	0.56858	0.028256
1090	U	1.465656	0.039727
1091	G	0.924021	0.053667
1092	U	0.993306	0.041496
1093	U	0.278576	0.035274
1094	C	1.226141	0.069841
1095	U	0.471995	0.03058
1096	C	0.419348	0.071969
1097	A	0.443871	0.027073
1098	C	0.250746	0.035588
1099	C	0.680533	0.076772
1100	A	0.291036	0.027622
1101	A	0.272803	0.029373
1102	G	0.51076	0.03865
1103	U	0.269663	0.032208
1104	G	1.04535	0.057472
1105	C	0.301152	0.053838
1106	C	0.379442	0.076199
1107	C	0.231016	0.069642
1108	A	0.722681	0.038203
1109	C	0.233369	0.051411
1110	U	0.446774	0.052539
1111	U	0.372446	0.028939
1112	U	0.504472	0.038206
1113	A	0.918254	0.040764
1114	A	1.504886	0.049904
1115	U	0.331963	0.03657
1116	U	0.194769	0.032887
1117	G	0.516016	0.063902
1118	G	0.68498	0.060696
1119	C	0.610985	0.083305
1120	U	0.331959	0.033651
1121	U	0.586002	0.036554
1122	G	1.997497	0.121912
1123	U	0.889918	0.054817
1124	U	0.901028	0.041418
1125	U	0.116079	0.024434
1126	U	0.278563	0.036447
1127	C	1.046223	0.074159
1128	U	0.60924	0.039028
1129	U	0.08825	0.024146
1130	C	0.666593	0.060791
1131	A	1.723255	0.057577
1132	U	0.2392	0.027625
1133	G	nan	nan
1134	U	0.843998	0.070111
1135	U	0.350673	0.033292
1136	U	0.250976	0.02774
1137	U	0.060347	0.020588
1138	U	0.957282	0.041185
1139	U	0.192983	0.024177
1140	G	2.160001	0.14156
1141	U	0.629692	0.060794
1142	U	0.545666	0.040159
1143	U	0.073237	0.029825
1144	U	0.191834	0.023423
1145	U	0.242883	0.029165
1146	G	0.664025	0.072477
1147	G	0.556716	0.084781
1148	A	0.876265	0.052315
1149	A	0.92044	0.047318
1150	U	0.390932	0.047953
1151	C	0.638632	0.088089
1152	U	2.272545	0.068608
1153	U	0.12944	0.038712
1154	C	1.837972	0.07438
1155	U	0.150822	0.068598
1156	C	0.797919	0.171595
1157	U	1.746526	0.062975
1158	U	0.137393	0.032591
1159	C	0.47418	0.064928
1160	A	2.147006	0.071063
1161	U	0.720445	0.05234
1162	U	0.37975	0.035251
1163	U	0.108917	0.027566
1164	U	0.238667	0.040855
1165	C	0.621543	0.098478
1166	A	1.200474	0.054731
1167	A	0.18869	0.024205
1168	U	0.977104	0.053187
1169	A	0.504057	0.042686
1170	U	0.38375	0.046562
1171	C	0.338567	0.070111
1172	C	0.622076	0.093134
1173	U	0.384284	0.063145
1174	G	0.345691	0.065366
1175	C	0.094591	0.049331
1176	A	0.370292	0.034187
1177	G	0.23463	0.045257
1178	C	0.296746	0.045156
1179	U	1.081007	0.059988
1180	C	0.24993	0.061873
1181	U	0.332209	0.031098
1182	G	0.343284	0.051958
1183	C	0.178374	0.035857
1184	U	0.355193	0.037172
1185	A	0.401389	0.030417
1186	G	0.225329	0.051753
1187	C	0.310829	0.036805
1188	A	1.111783	0.046014
1189	C	0.477098	0.043847
1190	U	0.306935	0.033155
1191	U	0.443301	0.036002
1192	G	0.491889	0.047917
1193	C	0.140504	0.041824
1194	U	0.694688	0.040323
1195	U	0.523925	0.066856
1196	C	0.853099	0.050188
1197	C	0.390178	0.060353
1198	A	0.311987	0.033059
1199	A	0.166797	0.025849
1200	G	0.928658	0.058369
1201	C	0.129231	0.035641
1202	C	0.496649	0.061359
1203	A	0.510389	0.033857
1204	G	0.671165	0.060993
1205	G	1.260135	0.085276
1206	A	0.986291	0.047597
1207	G	0.571572	0.065263
1208	A	0.385722	0.031809
1209	U	0.786351	0.042121
1210	A	1.016977	0.043677
1211	A	1.054585	0.045205
1212	U	0.267017	0.02697
1213	U	1.411385	0.048772
1214	G	0.343313	0.114223
1215	G	0.760642	0.118219
1216	G	0.377745	0.073309
1217	G	0.302054	0.10702
1218	U	1.029456	0.046895
1219	U	0.793357	0.03412
1220	U	0.294315	0.024082
1221	A	1.07275	0.036893
1222	U	0.666371	0.050895
1223	C	0.373708	0.090725
1224	C	0.307956	0.062157
1225	C	0.449628	0.09795
1226	C	nan	nan
1227	U	0.380808	0.039103
1228	U	0.167546	0.021612
1229	U	0.190797	0.023129
1230	U	0.56323	0.028944
1231	C	0.647797	0.079956
1232	A	0.366125	0.023219
1233	U	0.439163	0.027683
1234	G	1.072374	0.041284
1235	U	0.3491	0.029686
1236	G	0.742475	0.058056
1237	G	0.198821	0.047503
1238	C	0.375582	0.089261
1239	U	0.202582	0.022356
1240	U	0.103528	0.020824
1241	G	1.039454	0.100288
1242	A	0.128645	0.02217
1243	C	0.376807	0.032342
1244	A	0.752799	0.030964
1245	A	0.412102	0.022714
1246	U	0.299457	0.02249
1247	G	1.343501	0.049204
1248	U	0.25842	0.024317
1249	U	0.415408	0.027815
1250	A	1.696287	0.045732
1251	G	0.428468	0.04495
1252	G	0.313655	0.041193
1253	C	0.078104	0.024931
1254	U	0.549228	0.053583
1255	C	1.022063	0.099231
1256	U	0.439552	0.041663
1257	U	0.829717	0.034435
1258	U	0.238425	0.05712
1259	C	0.85387	0.049625
1260	C	0.473722	0.064799
1261	A	0.067858	0.016795
1262	G	0.267141	0.043099
1263	C	0.101333	0.034721
1264	C	0.478544	0.075907
1265	G	2.351525	0.21032
1266	A	0.794546	0.042673
1267	A	0.396473	0.023536
1268	A	0.151183	0.022207
1269	A	0.123781	0.032891
1270	A	0.93511	0.044154
1271	G	1.208181	0.062749
1272	G	1.11465	0.106644
1273	U	0.966283	0.044213
1274	U	0.775142	0.032586
1275	U	0.131151	0.022483
1276	U	0.311243	0.022912
1277	C	0.563494	0.057512
1278	A	0.323893	0.021447
1279	U	0.739679	0.029791
1280	A	1.30021	0.037231
1281	C	0.162274	0.024196
1282	A	0.930743	0.041512
1283	U	0.75477	0.037286
1284	U	0.059633	0.015811
1285	U	0.335522	0.021535
1286	G	1.160471	0.066952
1287	A	0.725499	0.032932
1288	U	0.280411	0.024822
1289	U	0.395763	0.023805
1290	G	0.50801	0.042834
1291	C	0.148994	0.030463
1292	A	0.597058	0.02739
1293	U	0.973876	0.037867
1294	C	0.658788	0.097423
1295	A	0.225763	0.01882
1296	U	1.104486	0.040314
1297	A	1.057521	0.035608
1298	C	0.367491	0.029673
1299	A	0.349784	0.022898
1300	G	1.078001	0.043111
1301	C	0.390424	0.043838
1302	G	1.073985	0.068091
1303	G	0.509181	0.037838
1304	U	0.480556	0.030132
1305	A	1.177817	0.043926
1306	U	0.236107	0.025338
1307	U	0.549249	0.044253
1308	C	0.500657	0.059439
1309	C	0.352936	0.069142
1310	C	0.231118	0.058131
1311	U	0.483608	0.042112
1312	C	0.4677	0.038313
1313	G	0.720709	0.051767
1314	C	0.312152	0.041256
1315	C	0.453961	0.061254
1316	C	0.353112	0.064799
1317	U	1.241301	0.047114
1318	C	0.319494	0.048285
1319	A	0.530165	0.031187
1320	U	0.237218	0.022343
1321	G	0.677643	0.081006
1322	A	0.195771	0.025439
1323	C	0.28027	0.030259
1324	U	0.698571	0.042032
1325	C	0.652493	0.071096
1326	G	2.427445	0.078758
1327	G	0.481029	0.060593
1328	G	0.558334	0.044901
1329	U	0.713491	0.059122
1330	C	0.423936	0.082171
1331	C	1.090225	0.062728
1332	U	0.449813	0.036835
1333	C	0.357227	0.056864
1334	A	1.36651	0.045553
1335	A	0.527759	0.032823
1336	U	0.276249	0.025687
1337	G	0.816382	0.052443
1338	C	0.385085	0.034052
1339	U	1.41878	0.048437
1340	A	0.877192	0.036915
1341	A	1.188796	0.040112
1342	G	0.405345	0.036639
1343	C	0.568238	0.049153
1344	U	1.875336	0.054209
1345	U	1.559091	0.048305
1346	C	0.446258	0.049979
1347	A	0.417798	0.0314
1348	G	2.453899	0.086524
1349	A	0.283113	0.026076
1350	G	0.668446	0.05149
1351	C	0.328415	0.037056
1352	A	2.231551	0.052547
1353	U	0.264544	0.051204
1354	C	0.364826	0.050456
1355	C	0.346045	0.070629
1356	A	0.651137	0.033068
1357	U	0.675701	0.036006
1358	C	0.621161	0.09646
1359	A	0.073081	0.015774
1360	G	0.487042	0.048518
1361	C	0.125293	0.035726
1362	A	0.339499	0.025835
1363	G	0.367369	0.051171
1364	G	0.500701	0.117025
1365	A	0.310961	0.023399
1366	A	0.479531	0.064473
1367	U	0.542874	0.044372
1368	U	0.294501	0.025933
1369	U	0.108726	0.019264
1370	U	0.623031	0.030399
1371	G	1.565746	0.078869
1372	A	0.437949	0.025815
1373	U	0.393498	0.031365
1374	C	0.756062	0.071382
1375	G	0.280582	0.050966
1376	C	0.137749	0.026966
1377	U	0.288298	0.026121
1378	G	0.654015	0.059811
1379	A	1.304825	0.041664
1380	G	0.607317	0.08986
1381	A	0.315158	0.025557
1382	G	1.104357	0.058535
1383	C	0.352623	0.037765
1384	A	0.826386	0.035805
1385	G	0.81965	0.063156
1386	G	1.309756	0.059797
1387	G	1.082219	0.053977
1388	A	0.525566	0.031364
1389	G	0.241136	0.035358
1390	G	0.135533	0.159552
1391	C	0.082199	0.044545
1392	C	0.28936	0.056836
1393	C	nan	nan
1394	U	0.262975	0.029901
1395	U	0.334124	0.046219
1396	C	0.340529	0.040247
1397	U	0.333715	0.024253
1398	G	0.648238	0.063423
1399	G	0.373417	0.037938
1400	U	0.222207	0.021758
1401	A	0.416216	0.024412
1402	A	0.495589	0.025688
1403	U	0.198727	0.038443
1404	C	0.565204	0.050517
1405	U	0.468117	0.028817
1406	G	0.614636	0.063263
1407	A	1.531817	0.044178
1408	G	0.153553	0.071347
1409	A	0.422481	0.037664
1410	G	0.323361	0.073751
1411	G	0.482882	0.067577
1412	G	0.0435	0.056592
1413	C	0.191336	0.114801
1414	G	0.151345	0.041786
1415	U	0.292222	0.032075
1416	G	5.108892	0.101562
1417	G	4.225492	0.074463
1418	U	1.440658	0.046502
1419	G	1.278986	0.079576
1420	U	0.685284	0.036061
1421	U	0.245411	0.021972
1422	G	1.162137	0.041201
1423	U	0.06488	0.057896
1424	C	0.57822	0.089341
1425	U	1.06848	0.039791
1426	U	0.071118	0.022582
1427	C	0.593471	0.073529
1428	A	0.562583	0.03637
1429	A	1.464957	0.043409
1430	A	0.658428	0.02987
1431	A	0.101666	0.014704
1432	A	0.772809	0.031265
1433	U	0.598669	0.0291
1434	G	1.094108	0.071028
1435	G	0.80238	0.070862
1436	U	0.701067	0.031717
1437	U	0.722577	0.030352
1438	C	0.861466	0.069499
1439	A	0.686883	0.029332
1440	A	1.394185	0.040772
1441	U	0.408587	0.027768
1442	U	0.224806	0.027149
1443	C	0.984823	0.067772
1444	U	0.844459	0.034486
1445	U	0.635419	0.027536
1446	G	0.711861	0.045862
1447	C	0.200245	0.028696
1448	A	1.24366	0.051589
1449	U	0.285795	0.031535
1450	U	0.148208	0.019199
1451	U	0.188953	0.018908
1452	A	0.402926	0.02364
1453	C	0.362204	0.029341
1454	U	0.654898	0.030233
1455	U	0.540543	0.045074
1456	C	0.778621	0.050061
1457	C	0.230208	0.059206
1458	U	0.528437	0.027058
1459	U	0.115548	0.022141
1460	G	0.580924	0.056572
1461	G	0.654458	0.061406
1462	A	0.264269	0.023502
1463	C	0.452804	0.029323
1464	A	0.843821	0.057167
1465	U	0.735073	0.041709
1466	U	0.288494	0.021604
1467	U	0.66616	0.027532
1468	G	0.80319	0.061861
1469	A	0.948736	0.034545
1470	G	1.63549	0.070249
1471	A	0.398034	0.030466
1472	A	0.604991	0.029805
1473	A	0.210978	0.02641
1474	G	0.595874	0.037888
1475	C	0.252965	0.051893
1476	U	0.412162	0.030269
1477	U	0.802791	0.032682
1478	G	0.553705	0.039761
1479	C	0.354331	0.037098
1480	C	0.514127	0.085374
1481	C	0.354404	0.083378
1482	U	0.374279	0.036823
1483	C	0.266278	0.060202
1484	A	0.466851	0.028184
1485	A	0.486178	0.026511
1486	U	0.640287	0.030009
1487	G	0.784757	0.043088
1488	C	0.110088	0.027978
1489	A	0.495915	0.026805
1490	G	0.552844	0.049614
1491	C	0.292263	0.032213
1492	C	0.504868	0.050455
1493	G	0.767596	0.063449
1494	U	0.168923	0.027654
1495	U	1.199059	0.041618
1496	C	0.719406	0.073542
1497	G	0.814921	0.067641
1498	G	0.896436	0.074957
1499	U	0.511426	0.032475
1500	U	0.589838	0.03095
1501	C	0.39144	0.065419
1502	G	0.606172	0.064513
1503	A	0.37283	0.022247
1504	A	0.286432	0.022242
1505	U	0.088023	0.056585
1506	C	0.503979	0.053981
1507	C	0.788049	0.059909
1508	A	0.061594	0.019015
1509	U	0.097804	0.058507
1510	C	0.290517	0.045294
1511	C	0.379411	0.070942
1512	A	1.61636	0.047434
1513	C	0.157023	0.029844
1514	A	0.687943	0.030036
1515	U	0.812012	0.033514
1516	A	0.582045	0.031099
1517	G	0.45797	0.045821
1518	G	0.346087	0.047591
1519	C	0.074442	0.034682
1520	U	0.335462	0.055697
1521	C	0.242601	0.036855
1522	U	0.842143	0.038448
1523	A	0.759599	0.035883
1524	A	1.438876	0.039904
1525	A	0.631516	0.031263
1526	G	1.51271	0.057527
1527	U	0.421363	0.036987
1528	U	0.598862	0.028775
1529	U	0.0826	0.01844
1530	U	0.458684	0.027803
1531	C	0.724933	0.055224
1532	A	0.501673	0.026879
1533	A	0.349011	0.025938
1534	G	0.710478	0.045665
1535	G	0.490754	0.054371
1536	C	0.243456	0.031733
1537	U	0.622691	0.029145
1538	G	1.027438	0.051697
1539	G	1.051202	0.060498
1540	A	1.483459	0.044017
1541	G	0.831724	0.046671
1542	A	1.746988	0.045721
1543	A	0.372458	0.025335
1544	G	0.853727	0.069127
1545	U	0.624976	0.032128
1546	U	0.869506	0.034727
1547	C	0.792151	0.068384
1548	G	2.596523	0.075087
1549	G	4.166724	0.06551
1550	U	2.455886	0.053695
1551	G	1.706449	0.065568
1552	G	1.3884	0.054356
1553	G	0.401573	0.048942
1554	A	1.725326	0.04446
1555	G	0.638227	0.085584
1556	A	0.408759	0.040055
1557	C	0.905112	0.113493
1558	U	0.945495	0.043179
1559	U	0.165296	0.018561
1560	U	0.373627	0.02239
1561	G	0.843034	0.059178
1562	G	1.26224	0.057032
1563	U	0.168974	0.022564
1564	U	0.534964	0.026802
1565	G	0.615895	0.048963
1566	G	0.581522	0.038394
1567	C	0.367569	0.036641
1568	G	0.323713	0.046118
1569	A	0.28445	0.022626
1570	G	0.073909	0.06864
1571	C	0.081161	0.065583
1572	C	0.295624	0.053382
1573	U	0.674972	0.029997
1574	G	0.601735	0.040583
1575	C	0.862375	0.04068
1576	G	0.188388	0.04426
1577	C	0.082284	0.027271
1578	A	0.685011	0.026947
1579	U	0.4512	0.058718
1580	G	0.881085	0.059248
1581	G	0.221696	0.086627
1582	U	0.254685	0.030359
1583	U	0.557543	0.033567
1584	C	0.569932	0.055264
1585	C	0.357323	0.039135
1586	U	0.519052	0.030207
1587	G	0.778359	0.033409
1588	U	0.456819	0.025322
1589	A	0.984156	0.030295
1590	A	1.094375	0.039749
1591	U	0.314055	0.029521
1592	U	0.68952	0.027206
1593	U	0.33192	0.024417
1594	C	0.779981	0.054718
1595	A	0.309281	0.020899
1596	A	1.299988	0.033924
1597	A	1.616658	0.03977
1598	U	0.316381	0.039493
1599	C	0.94245	0.06071
1600	U	0.465729	0.040527
1601	U	1.541545	0.037999
1602	U	0.03298	0.044382
1603	C	0.80851	0.075855
1604	U	0.495959	0.028547
1605	U	0.157976	0.023947
1606	C	0.623582	0.048113
1607	A	0.901638	0.029231
1608	A	1.373823	0.038749
1609	U	0.237519	0.020758
1610	U	0.404127	0.023043
1611	G	1.868902	0.04837
1612	U	nan	nan
1613	C	1.615552	0.066022
1614	U	0.150454	0.045568
1615	C	0.62063	0.081225
1616	U	1.346897	0.03915
1617	U	0.689759	0.032918
1618	C	0.385165	0.044611
1619	G	1.251425	0.049488
1620	C	0.329808	0.040367
1621	C	0.184038	0.041652
1622	U	1.21389	0.051741
1623	C	0.167601	0.049448
1624	U	0.232513	0.037656
1625	C	0.362517	0.06594
1626	U	0.67479	0.030764
1627	C	0.570174	0.073127
1628	G	0.577173	0.05574
1629	G	1.028657	0.069532
1630	A	0.560334	0.040158
1631	U	0.191986	0.022594
1632	U	0.443411	0.024919
1633	G	0.564484	0.053881
1634	A	0.200051	0.020366
1635	C	0.229758	0.03565
1636	G	1.150524	0.062968
1637	A	0.437498	0.026723
1638	A	0.879629	0.032803
1639	A	0.537009	0.027863
1640	G	1.10597	0.055422
1641	G	0.970434	0.063094
1642	A	0.813291	0.029598
1643	A	0.476153	0.024234
1644	U	0.508499	0.039663
1645	C	0.392877	0.056696
1646	C	0.399468	0.047794
1647	C	0.219875	0.071533
1648	A	0.257267	0.022048
1649	G	2.256886	0.060498
1650	A	0.148086	0.017661
1651	G	0.463116	0.052673
1652	A	1.700762	0.045862
1653	C	1.74273	0.052558
1654	C	0.389815	0.042516
1655	U	1.700315	0.060384
1656	C	0.115208	0.036839
1657	U	0.546311	0.026865
1658	A	0.785448	0.040016
1659	C	0.353465	0.030172
1660	U	0.593452	0.028171
1661	G	0.535815	0.045817
1662	G	0.916957	0.053557
1663	C	0.277215	0.040777
1664	C	0.321658	0.059054
1665	A	1.014097	0.073134
1666	U	0.32485	0.040226
1667	U	0.622393	0.036434
1668	U	0.532699	0.041951
1669	C	0.718421	0.059591
1670	U	0.867528	0.033267
1671	U	0.261169	0.022416
1672	G	1.052027	0.042848
1673	U	nan	nan
1674	C	0.378489	0.056545
1675	U	0.655466	0.030571
1676	U	0.365383	0.023558
1677	A	0.964089	0.034616
1678	U	0.766175	0.03069
1679	G	1.536122	0.078173
1680	G	1.363703	0.047611
1681	U	0.583463	0.033641
1682	G	0.850025	0.068777
1683	A	1.138315	0.037697
1684	A	0.671951	0.03142
1685	U	0.231188	0.02034
1686	A	0.61011	0.030607
1687	G	1.152984	0.042119
1688	U	0.285516	0.042273
1689	C	0.926659	0.056824
1690	U	0.949912	0.034655
1691	G	1.113969	0.073274
1692	G	2.58373	0.143551
1693	U	0.746344	0.048179
1694	U	0.795714	0.033224
1695	U	0.084567	0.01801
1696	U	0.475268	0.026107
1697	G	0.492891	0.056376
1698	A	0.556583	0.027843
1699	U	0.501996	0.042359
1700	C	0.681003	0.073628
1701	C	0.67644	0.090985
1702	U	0.367568	0.029955
1703	U	0.685986	0.028836
1704	G	0.585319	0.040353
1705	C	0.290623	0.030362
1706	U	0.642872	0.052955
1707	C	0.669229	0.076354
1708	U	0.692026	0.029405
1709	A	1.228355	0.036959
1710	C	0.10643	0.026079
1711	U	0.865874	0.042051
1712	C	0.450441	0.070161
1713	U	0.076781	0.033043
1714	C	0.442448	0.070337
1715	U	1.467811	0.042716
1716	U	0.278772	0.024226
1717	C	0.455995	0.047949
1718	A	2.048498	0.045146
1719	U	0.048002	0.019116
1720	C	0.462069	0.040938
1721	A	0.5816	0.027689
1722	A	0.440458	0.023123
1723	G	1.331296	0.064654
1724	A	0.330789	0.024968
1725	G	0.365914	0.030597
1726	U	0.778444	0.042835
1727	G	0.556404	0.032388
1728	U	0.097519	0.01759
1729	A	0.734506	0.03023
1730	G	0.89757	0.037104
1731	U	0.159189	0.037805
1732	C	0.389194	0.050582
1733	U	0.312584	0.022497
1734	G	0.830216	0.050638
1735	C	0.168708	0.083809
1736	U	1.964184	0.052082
1737	U	0.863124	0.03161
1738	U	0.118775	0.014463
1739	A	0.341115	0.022347
1740	G	0.981055	0.033479
1741	U	0.65172	0.027441
1742	G	0.835113	0.045051
1743	G	0.547276	0.044078
1744	C	0.499197	0.034562
1745	C	0.318767	0.03986
1746	A	0.863027	0.068003
1747	U	0.449754	0.027911
1748	U	1.235182	0.074894
1749	U	0.438338	0.037928
1750	C	1.031543	0.052317
1751	U	0.582138	0.025999
1752	U	0.08401	0.029132
1753	C	0.898107	0.042369
1754	U	0.197501	0.035843
1755	C	0.66963	0.067095
1756	C	0.305471	0.040967
1757	A	0.266529	0.025916
1758	G	1.323006	0.038013
1759	U	0.447339	0.026132
1760	G	1.383259	0.059624
1761	A	0.902331	0.02825
1762	A	0.961922	0.029467
1763	U	0.604046	0.040353
1764	G	1.035664	0.060981
1765	A	1.011794	0.033168
1766	G	0.464624	0.040319
1767	A	1.184379	0.03359
1768	A	0.037918	0.014413
1769	G	1.06321	0.045449
1770	A	0.475035	0.023743
1771	U	0.844379	0.03036
1772	G	1.856288	0.107462
1773	U	0.39933	0.036179
1774	G	1.54502	0.057602
1775	G	1.412599	0.050116
1776	A	1.891771	0.04248
1777	U	0.09742	0.02165
1778	G	1.794866	0.040453
1779	U	0.061782	0.021885
1780	G	0.651555	0.029323
1781	U	0.042568	0.020155
1782	G	1.208373	0.038139
1783	U	0.125251	0.04071
1784	C	0.430259	0.067422
1785	U	1.562571	0.039956
1786	U	0.058867	0.03081
1787	C	0.720943	0.03883
1788	U	0.345087	0.031306
1789	C	1.035949	0.073901
1790	A	0.289507	0.019933
1791	G	1.076089	0.053172
1792	A	0.89708	0.059621
1793	U	0.683941	0.037263
1794	U	0.65469	0.028533
1795	U	0.354884	0.020253
1796	U	0.302443	0.019676
1797	A	1.10743	0.030248
1798	U	0.111329	0.036054
1799	C	0.810303	0.045726
1800	U	0.619831	0.02867
1801	U	0.105282	0.015269
1802	A	1.977806	0.044315
1803	U	0.13005	0.015554
1804	U	0.309735	0.017951
1805	G	0.528241	0.0395
1806	G	0.644539	0.096179
1807	C	0.227132	0.076102
1808	C	nan	nan
1809	U	0.539731	0.039895
1810	U	0.368818	0.023432
1811	U	0.269799	0.025653
1812	U	0.10331	0.031592
1813	C	0.543632	0.048743
1814	U	0.175884	0.016962
1815	A	0.758061	0.027414
1816	A	0.239697	0.017803
1817	G	1.041384	0.036152
1818	U	1.966905	0.0418
1819	A	0.225201	0.018737
1820	G	1.536984	0.047951
1821	U	0.032211	0.021638
1822	A	0.808143	0.029211
1823	U	0.026623	0.027482
1824	A	0.206673	0.017354
1825	U	0.059699	0.014432
1826	A	0.818685	0.029645
1827	U	0.409542	0.025638
1828	G	0.476647	0.052415
1829	G	0.405473	0.055513
1830	A	0.475218	0.039813
1831	C	0.339848	0.120268
1832	C	0.373819	0.047669
1833	U	0.666794	0.063175
1834	C	0.470133	0.051974
1835	C	0.197567	0.063341
1836	C	0.508536	0.064625
1837	U	0.655368	0.054779
1838	C	0.189273	0.084337
1839	C	0.220444	0.059329
1840	U	0.903277	0.040708
1841	C	0.36358	0.051007
1842	G	1.349771	0.052224
1843	U	0.341292	0.039201
1844	C	0.439794	0.072912
1845	A	0.746749	0.036585
1846	C	0.294524	0.029465
1847	U	0.454339	0.058071
1848	C	0.511211	0.05941
1849	C	0.215219	0.123392
1850	A	0.672311	0.034343
1851	A	0.608634	0.050489
1852	U	0.089789	0.026329
1853	U	0.706309	0.033433
1854	U	0.503445	0.031286
1855	C	0.442974	0.055176
1856	A	1.015842	0.036446
1857	A	0.677603	0.045837
1858	U	0.416821	0.025503
1859	G	1.811857	0.080943
1860	A	0.4375	0.030675
1861	A	0.546054	0.027419
1862	A	0.156707	0.020244
1863	C	0.422061	0.036237
1864	G	0.921716	0.067601
1865	A	0.590526	0.052924
1866	U	0.946238	0.038234
1867	U	0.131745	0.029573
1868	C	1.50328	0.060102
1869	U	nan	nan
1870	C	0.476025	0.082575
1871	U	0.239667	0.043391
1872	U	0.598193	0.028698
1873	U	0.099899	0.012673
1874	A	1.251334	0.034806
1875	U	0.097565	0.015193
1876	A	0.324045	0.022896
1877	G	1.040407	0.039981
1878	U	0.277336	0.029946
1879	C	1.245246	0.076945
1880	A	0.324121	0.027989
1881	U	1.943219	0.054357
1882	A	0.152568	0.015871
1883	U	0.610768	0.03787
1884	A	0.430827	0.024637
1885	A	1.213125	0.037243
1886	A	0.48307	0.034051
1887	U	0.129925	0.046682
1888	C	0.44042	0.048669
1889	C	0.170799	0.082918
1890	G	2.564836	0.074424
1891	G	1.464051	0.058914
1892	G	0.716868	0.05957
1893	A	1.084872	0.035947
1894	G	0.938631	0.126026
1895	A	0.150002	0.037265
1896	A	0.068822	0.019267
1897	A	0.098908	0.021869
1898	C	0.204542	0.031819
1899	U	0.953182	0.028983
1900	U	1.040301	0.033754
1901	G	0.936073	0.060658
1902	G	0.763698	0.107103
1903	G	0.90021	0.092661
1904	U	0.051493	0.022823
1905	U	0.710225	0.029562
1906	U	0.003739	0.047357
1907	C	0.492615	0.043141
1908	U	0.042842	0.025855
1909	C	0.500116	0.084224
1910	A	0.778628	0.034031
1911	A	0.72118	0.029272
1912	U	0.333651	0.022231
1913	U	0.471404	0.027025
1914	C	0.538599	0.06946
1915	C	0.226736	0.041147
1916	U	0.236964	0.023705
1917	G	1.433649	0.039724
1918	U	0.300008	0.021553
1919	G	1.10334	0.081996
1920	G	0.347222	0.033103
1921	U	1.37251	0.038339
1922	G	0.341422	0.035677
1923	U	0.162959	0.024877
1924	U	0.085819	0.016988
1925	A	0.235796	0.022178
1926	C	0.336334	0.033089
1927	A	0.168775	0.021616
1928	A	0.659053	0.026599
1929	A	0.257595	0.018129
1930	U	0.306849	0.02254
1931	G	0.663144	0.044396
1932	C	0.302625	0.032045
1933	U	1.019925	0.03193
1934	A	1.327711	0.049598
1935	U	0.376102	0.027809
1936	U	0.438155	0.023228
1937	U	0.114026	0.014828
1938	A	0.363664	0.02028
1939	C	0.15355	0.058598
1940	C	0.343341	0.049053
1941	A	0.910188	0.030882
1942	C	0.264975	0.024746
1943	U	0.673975	0.030835
1944	G	1.208306	0.038395
1945	U	0.279929	0.06338
1946	C	0.607456	0.049404
1947	C	0.417074	0.04571
1948	A	0.749896	0.03324
1949	G	0.702702	0.041478
1950	G	0.926575	0.066099
1951	C	0.220896	0.046133
1952	C	0.353357	0.048946
1953	A	0.3495	0.024074
1954	U	0.233661	0.020435
1955	A	0.265959	0.023793
1956	G	0.720313	0.032334
1957	U	0.179256	0.020827
1958	A	0.405908	0.021272
1959	C	0.265381	0.030449
1960	G	0.785832	0.053685
1961	A	1.160655	0.040115
1962	U	0.090879	0.04206
1963	C	0.972146	0.050336
1964	U	0.0564	0.052249
1965	C	0.309865	0.057401
1966	U	0.634677	0.042617
1967	C	0.463204	0.052559
1968	C	0.391005	0.047809
1969	C	nan	nan
1970	U	0.459902	0.030793
1971	U	0.419621	0.036393
1972	C	0.266257	0.054771
1973	G	0.857961	0.059268
1974	A	0.533605	0.028198
1975	U	0.391441	0.024872
1976	U	0.999105	0.031471
1977	A	0.897355	0.041632
1978	U	0.228952	0.026815
1979	U	0.499802	0.025463
1980	U	0.303025	0.025707
1981	C	0.472779	0.052022
1982	A	0.248818	0.043972
1983	A	0.986082	0.030758
1984	A	0.79005	0.029198
1985	U	0.491698	0.024705
1986	C	0.857529	0.072397
1987	G	1.71161	0.0667
1988	G	0.979461	0.037598
1989	U	0.76124	0.032831
1990	G	nan	nan
1991	U	0.554319	0.039796
1992	U	0.558759	0.025599
1993	U	0.040229	0.013159
1994	U	0.42006	0.026466
1995	A	0.68957	0.030719
1996	A	0.458905	0.023689
1997	G	2.529435	0.065814
1998	A	0.325589	0.023224
1999	G	0.949783	0.040913
2000	U	0.691741	0.031465
2001	G	0.318917	0.046019
2002	C	0.180739	0.035403
2003	A	0.933332	0.047319
2004	U	0.597221	0.025865
2005	U	0.313988	0.020682
2006	U	0.477934	0.021154
2007	G	0.987638	0.051464
2008	G	0.647554	0.047176
2009	A	0.686693	0.030539
2010	U	0.409829	0.025266
2011	C	0.466676	0.047236
2012	G	0.755224	0.042745
2013	C	0.227764	0.029208
2014	C	0.42751	0.048499
2015	A	0.242583	0.020403
2016	G	0.637452	0.048508
2017	A	0.460711	0.030022
2018	C	0.165144	0.024344
2019	U	0.270403	0.039618
2020	C	0.437775	0.069148
2021	U	0.401392	0.022119
2022	A	0.244649	0.025129
2023	C	0.225701	0.029271
2024	G	1.144216	0.052584
2025	A	0.540429	0.0246
2026	U	0.411599	0.022804
2027	U	0.775252	0.025924
2028	A	0.956451	0.02914
2029	U	0.048995	0.018947
2030	U	0.306446	0.019061
2031	G	0.988426	0.058329
2032	A	0.493787	0.035055
2033	U	0.436069	0.027146
2034	U	0.284798	0.029214
2035	C	0.648053	0.072517
2036	A	0.974805	0.043472
2037	C	0.171685	0.034636
2038	C	0.503878	0.045126
2039	C	0.461302	0.087952
2040	C	0.232514	0.080521
2041	G	0.409614	0.046562
2042	U	0.25822	0.029549
2043	U	0.654605	0.029285
2044	C	0.825002	0.079975
2045	A	1.31636	0.034735
2046	U	0.082089	0.019351
2047	C	0.492476	0.089875
2048	A	0.719885	0.027644
2049	A	0.473605	0.024182
2050	C	0.204018	0.048602
2051	G	1.298272	0.058891
2052	A	0.261432	0.035956
2053	A	0.943478	0.029724
2054	A	0.363447	0.023243
2055	U	0.284141	0.039373
2056	G	0.747979	0.051062
2057	G	0.68439	0.090061
2058	A	0.272415	0.026586
2059	A	0.656696	0.027129
2060	A	0.441551	0.025074
2061	U	0.234508	0.033715
2062	C	0.566934	0.07798
2063	U	0.476712	0.025895
2064	G	1.385271	0.061411
2065	A	0.688999	0.02868
2066	A	0.309076	0.019428
2067	U	0.72789	0.025418
2068	A	0.149861	0.01861
2069	C	0.521526	0.029378
2070	A	0.831646	0.026889
2071	U	0.23179	0.01956
2072	G	1.925939	0.074673
2073	A	0.204269	0.020808
2074	A	2.031664	0.046077
2075	A	0.059261	0.01861
2076	C	0.682764	0.032266
2077	A	0.029905	0.014858
2078	C	0.136005	0.034101
2079	A	0.136418	0.014132
2080	C	0.218836	0.025782
2081	U	3.444808	0.054998
2082	U	1.384836	0.045183
2083	C	0.918479	0.043469
2084	C	0.274298	0.042902
2085	A	0.298982	0.021789
2086	G	1.551902	0.073005
2087	G	0.300344	0.046501
2088	U	0.691749	0.030084
2089	G	0.231785	0.027783
2090	U	0.080712	0.014534
2091	G	0.309335	0.026849
2092	U	0.023674	0.020949
2093	G	0.186429	0.058293
2094	C	0.301321	0.0724
2095	A	0.256896	0.027759
2096	U	1.402932	0.045334
2097	A	1.46414	0.044701
2098	U	0.326901	0.053411
2099	U	0.374336	0.027287
2100	G	0.339205	0.056903
2101	C	0.201439	0.069473
2102	A	0.638885	0.032462
2103	G	0.336861	0.038882
2104	C	0.349774	0.055578
2105	G	0.98351	0.078706
2106	A	0.292575	0.031972
2107	A	0.326546	0.062835
2108	U	0.293199	0.028453
2109	U	0.260955	0.0256
2110	U	0.376934	0.030355
2111	A	0.928897	0.046914
2112	U	0.495334	0.041076
2113	U	0.162248	0.022593
2114	U	0.121298	0.02125
2115	G	0.645038	0.039347
2116	U	0.051095	0.066362
2117	C	1.168365	0.075444
2118	U	0.352011	0.029484
2119	C	0.499421	0.061686
2120	G	1.476334	0.077985
2121	A	1.388766	0.105901
2122	U	0.810385	0.050502
2123	U	0.779229	0.041564
2124	U	0.050072	0.018053
2125	U	0.115467	0.019489
2126	U	0.261901	0.024644
2127	G	0.90645	0.065835
2128	G	0.764491	0.112138
2129	A	0.410133	0.032778
2130	U	0.462973	0.042255
2131	C	0.441098	0.074588
2132	C	0.357639	0.065503
2133	U	1.411809	0.066123
2134	C	0.39051	0.062313
2135	U	0.109546	0.07293
2136	C	0.556975	0.062609
2137	C	0.402433	0.065133
2138	A	0.296258	0.02805
2139	U	0.457039	0.032301
2140	A	0.832376	0.038023
2141	C	0.25725	0.034984
2142	U	1.035616	0.051469
2143	C	0.908033	0.144874
2144	U	0.312404	0.042169
2145	U	1.121833	0.045707
2146	U	0.425998	0.032476
2147	C	0.572266	0.062934
2148	A	1.300647	0.045578
2149	U	0.134098	0.028769
2150	U	0.229901	0.022591
2151	G	0.834205	0.057498
2152	C	0.382331	0.126203
2153	U	0.796576	0.072384
2154	U	1.2022	0.048996
2155	U	0.287771	0.026769
2156	U	0.597973	0.035908
2157	U	0.331307	0.032272
2158	C	0.418172	0.078795
2159	C	0.423381	0.058916
2160	G	3.077959	0.083446
2161	C	0.110069	0.037132
2162	A	0.171326	0.025598
2163	A	0.49561	0.033208
2164	G	0.380976	0.045151
2165	C	0.195503	0.040575
2166	U	0.664184	0.042657
2167	C	0.656075	0.091253
2168	G	0.788126	0.07683
2169	A	0.78182	0.041857
2170	C	0.352556	0.083422
2171	G	0.761286	0.107067
2172	A	0.486235	0.037129
2173	U	0.346513	0.039025
2174	C	0.834877	0.080217
2175	A	0.922339	0.047863
2176	U	0.334784	0.031649
2177	U	0.460239	0.03139
2178	G	0.874951	0.076206
2179	G	0.613612	0.073762
2180	A	0.511589	0.045039
2181	U	0.290564	0.028702
2182	U	0.424696	0.035978
2183	G	0.873609	0.066967
2184	A	0.220624	0.028833
2185	A	0.095981	0.022472
2186	G	0.284772	0.064957
2187	C	0.187289	0.049409
2188	A	1.184879	0.057237
2189	U	0.221194	0.030185
2190	U	0.399045	0.031864
2191	G	1.082136	0.055206
2192	U	0.347853	0.043732
2193	C	0.790364	0.097088
2194	G	0.539777	0.068227
2195	C	2.320747	0.130326
2196	A	1.438958	0.056215
2197	C	0.173095	0.088372
2198	A	0.356946	0.043446
2199	A	0.188407	0.027746
2200	A	0.194143	0.038494
2201	G	0.801736	0.054406
2202	U	0.12761	0.048171
2203	C	0.68544	0.10094
2204	U	1.311597	0.058496
2205	U	0.2648	0.083971
2206	C	0.597377	0.07495
2207	C	0.624264	0.107905
2208	A	1.415982	0.095757
2209	U	0.786679	0.071204
2210	U	0.698992	0.056228
2211	U	0.107412	0.031468
2212	U	0.139446	0.036544
2213	G	1.241735	0.13302
2214	A	0.329299	0.045869
2215	A	0.389858	0.043128
2216	U	0.426218	0.059846
2217	C	0.896561	0.183549
2218	A	0.023982	0.061652
2219	G	0.149765	0.084447
2220	U	0.120579	0.102681
2221	A	0.029493	0.098611
2222	C	0.377984	0.129826
2223	C	0.277979	0.178247
2224	U	nan	nan
2225	G	nan	nan
2226	C	0.674209	0.429481
2227	U	1.765905	0.495999
2228	U	0.838082	0.258578
2229	U	0.331719	0.369078
2230	C	nan	nan
2231	G	0.084432	0.597722
2232	C	nan	nan
2233	U	0.0	0.0
