Nucleotide	Sequence	Norm_profile	Norm_stderr
1	A	nan	nan
2	G	nan	nan
3	U	nan	nan
4	A	nan	nan
5	G	nan	nan
6	A	nan	nan
7	A	nan	nan
8	A	nan	nan
9	C	nan	nan
10	A	0.827903	0.900688
11	A	nan	nan
12	G	0.029422	0.088548
13	G	0.103428	0.065074
14	C	0.025268	0.04404
15	A	0.57779	0.10146
16	U	0.648128	0.058385
17	U	0.276761	0.030859
18	U	0.188404	0.051487
19	U	0.03083	0.029281
20	U	0.086259	0.020089
21	U	0.337656	0.030662
22	C	0.391369	0.06898
23	A	0.406828	0.038954
24	U	0.17526	0.024509
25	G	0.413941	0.062508
26	A	0.469153	0.040525
27	A	0.391605	0.037015
28	G	0.388378	0.065146
29	G	0.451819	0.05868
30	A	0.068542	0.024074
31	C	0.101766	0.027318
32	A	0.080668	0.021113
33	A	0.075602	0.015598
34	G	0.158358	0.028869
35	C	0.085503	0.023008
36	U	0.411585	0.038903
37	A	0.114937	0.014995
38	A	0.421116	0.01936
39	A	0.315658	0.021279
40	U	0.13684	0.017231
41	U	0.093079	0.014576
42	C	0.975794	0.106561
43	A	0.426308	0.020156
44	C	0.135175	0.01641
45	U	0.34339	0.020729
46	A	1.513276	0.041447
47	U	0.427714	0.024291
48	U	1.131754	0.030572
49	U	0.452883	0.026559
50	C	0.614212	0.03906
51	U	0.521868	0.022848
52	G	0.627039	0.040746
53	C	0.209792	0.03154
54	C	0.597141	0.085661
55	G	0.487446	0.030445
56	U	0.111404	0.026007
57	C	0.569691	0.036995
58	U	0.370735	0.020434
59	G	0.693202	0.043808
60	A	0.250071	0.017742
61	G	0.270024	0.027318
62	C	0.219033	0.021655
63	U	0.767923	0.031059
64	C	0.28173	0.053054
65	U	0.880518	0.027824
66	U	0.206542	0.017891
67	C	0.324683	0.047969
68	A	1.08884	0.027373
69	A	0.600128	0.019026
70	U	0.395987	0.017278
71	G	0.654836	0.049089
72	G	1.325531	0.03335
73	U	0.343767	0.018554
74	G	0.760777	0.04187
75	G	0.70978	0.062132
76	A	0.318046	0.016722
77	A	0.161268	0.013008
78	C	0.538912	0.021497
79	A	0.323992	0.015565
80	G	0.686905	0.036271
81	A	0.316084	0.016518
82	U	0.140214	0.02112
83	C	0.303958	0.033938
84	U	4.570069	0.048286
85	U	1.019384	0.02386
86	C	0.502922	0.032437
87	A	1.372438	0.026865
88	U	0.388456	0.020934
89	G	0.802172	0.043635
90	A	0.620046	0.01991
91	U	0.031956	0.040121
92	C	0.57277	0.035954
93	U	0.222363	0.017712
94	C	0.629433	0.067634
95	A	0.158879	0.013535
96	G	0.847493	0.032867
97	C	0.430993	0.037189
98	A	0.311881	0.016889
99	A	0.767093	0.022068
100	A	0.481729	0.019073
101	C	0.265638	0.017406
102	U	0.773034	0.029417
103	C	0.718101	0.038466
104	C	0.206092	0.026416
105	U	1.715031	0.040455
106	C	0.399927	0.042552
107	C	0.404936	0.045044
108	U	0.492584	0.022101
109	U	0.305032	0.024318
110	C	0.285434	0.035379
111	U	0.529402	0.021086
112	U	0.381263	0.018441
113	G	0.449394	0.037998
114	A	0.092739	0.011087
115	U	0.112301	0.02937
116	C	0.336027	0.034739
117	C	0.595808	0.072505
118	G	1.559847	0.038751
119	U	0.304283	0.041083
120	C	0.263628	0.040822
121	C	0.299269	0.043322
122	A	0.098541	0.015549
123	G	0.567853	0.044418
124	A	0.108535	0.015491
125	C	0.112304	0.016753
126	U	0.18876	0.01877
127	C	0.454919	0.048556
128	G	0.541133	0.033101
129	A	0.140767	0.012806
130	A	0.064118	0.013061
131	G	0.235549	0.023955
132	U	0.060537	0.019688
133	C	0.685334	0.052478
134	A	0.265232	0.021043
135	A	0.884626	0.027816
136	U	0.511631	0.021255
137	U	0.464583	0.021609
138	C	0.690684	0.060131
139	G	1.559992	0.045785
140	C	0.062357	0.040317
141	G	0.184241	0.031391
142	C	0.060456	0.034445
143	A	0.446985	0.020178
144	U	0.157445	0.02112
145	C	0.401746	0.051754
146	A	1.231298	0.030091
147	A	0.386041	0.027342
148	U	0.274635	0.019256
149	U	0.395913	0.019528
150	C	0.690275	0.066018
151	G	0.32455	0.049067
152	G	0.37049	0.044997
153	G	0.50808	0.084818
154	C	0.137177	0.035955
155	C	0.377393	0.047406
156	C	0.488586	0.040956
157	U	0.018629	0.014945
158	A	0.13384	0.017429
159	G	0.572286	0.048944
160	A	0.181108	0.024627
161	C	0.68753	0.028387
162	A	0.250024	0.018066
163	C	0.361741	0.026427
164	C	0.247146	0.052691
165	A	0.487528	0.024196
166	U	0.241419	0.023249
167	G	0.232067	0.04141
168	G	0.210841	0.034409
169	C	0.162909	0.10077
170	C	0.159649	0.038173
171	U	0.271316	0.066637
172	C	0.44729	0.064163
173	C	0.185305	0.046123
174	A	0.951357	0.035523
175	C	0.281055	0.02699
176	C	0.362068	0.060792
177	A	0.731877	0.026954
178	U	0.472676	0.024281
179	G	1.18732	0.047004
180	C	0.246241	0.049911
181	U	0.310941	0.027187
182	G	0.78662	0.050899
183	G	0.794539	0.052528
184	A	0.343078	0.024165
185	A	1.047424	0.035258
186	A	0.748181	0.028786
187	U	0.832133	0.044821
188	C	0.575507	0.077093
189	C	0.540574	0.050678
190	C	0.30864	0.063648
191	A	0.385207	0.023364
192	A	1.092183	0.037194
193	C	0.310192	0.027369
194	C	0.332532	0.052255
195	G	0.606092	0.060204
196	G	1.308434	0.050211
197	U	0.077559	0.050388
198	C	0.759412	0.058056
199	U	0.3591	0.034155
200	C	0.785026	0.05478
201	C	0.257218	0.03732
202	U	0.438821	0.029806
203	G	1.196189	0.039451
204	U	0.289609	0.023379
205	A	0.640246	0.025835
206	U	0.089378	0.014285
207	G	0.915163	0.071037
208	A	1.405626	0.038643
209	A	0.291326	0.028134
210	C	0.118413	0.023261
211	U	0.217002	0.02179
212	G	0.573433	0.046415
213	C	0.180666	0.028139
214	U	0.482452	0.024727
215	A	0.570785	0.031818
216	G	1.103717	0.074691
217	G	0.788315	0.059579
218	G	0.967992	0.051182
219	A	0.60646	0.029729
220	A	0.733986	0.032936
221	G	1.173669	0.064226
222	A	0.36871	0.024239
223	A	0.696773	0.045447
224	U	0.129751	0.025207
225	U	0.698862	0.031943
226	U	0.02092	0.03761
227	C	0.955483	0.052084
228	U	0.3445	0.021712
229	C	0.635936	0.076803
230	G	0.647803	0.06304
231	A	0.40898	0.022091
232	A	0.260873	0.019275
233	U	0.262078	0.020662
234	A	0.449677	0.026245
235	G	1.284126	0.055333
236	A	0.639681	0.042793
237	U	0.29338	0.025364
238	U	0.51275	0.025876
239	G	0.59088	0.04968
240	C	0.20936	0.035456
241	A	1.007208	0.032903
242	G	0.151811	0.037241
243	C	0.175856	0.028284
244	A	1.277498	0.04071
245	C	0.370624	0.059528
246	U	0.69794	0.062625
247	U	1.130636	0.042121
248	U	0.078822	0.016795
249	U	0.245174	0.020886
250	G	0.547656	0.057888
251	A	0.237057	0.020029
252	U	1.106202	0.034508
253	A	0.31164	0.020353
254	C	0.304946	0.026793
255	A	0.803885	0.027811
256	U	0.447368	0.03965
257	C	0.707514	0.04271
258	U	0.815453	0.030418
259	G	1.223842	0.060502
260	U	0.513219	0.032971
261	U	0.658479	0.029905
262	C	0.860225	0.09119
263	A	1.465142	0.042637
264	U	0.048481	0.027621
265	C	0.504297	0.044512
266	U	1.285979	0.04023
267	U	0.204774	0.022735
268	C	0.371617	0.044655
269	A	0.510404	0.026293
270	A	0.716278	0.028723
271	G	1.236766	0.057661
272	G	0.834465	0.051948
273	A	0.658592	0.038813
274	U	0.265616	0.023966
275	U	0.536961	0.038907
276	C	0.455747	0.064778
277	C	0.448765	0.045877
278	U	1.150403	0.060847
279	C	0.145431	0.063168
280	U	1.485869	0.055874
281	U	0.326711	0.022894
282	U	0.696336	0.028549
283	G	0.776031	0.059466
284	G	1.210931	0.07764
285	U	0.827688	0.04833
286	U	0.580553	0.028665
287	U	0.588254	0.027827
288	G	1.778117	0.043884
289	U	0.043053	0.016702
290	G	1.142243	0.039291
291	U	0.586972	0.027865
292	U	0.561782	0.024637
293	G	0.729273	0.042624
294	A	0.466254	0.023069
295	G	1.205155	0.052146
296	G	0.277654	0.091403
297	A	0.388159	0.033172
298	U	0.150514	0.030871
299	U	0.805413	0.026811
300	G	0.919218	0.062881
301	A	0.372704	0.021535
302	G	1.005089	0.036514
303	C	0.751847	0.035634
304	G	0.533591	0.048052
305	A	0.511586	0.035632
306	U	0.294407	0.021131
307	U	0.635416	0.027712
308	C	0.650195	0.091633
309	C	0.38981	0.038293
310	U	1.236121	0.050525
311	C	0.188174	0.061166
312	U	0.393309	0.021308
313	U	0.52471	0.023037
314	A	1.008496	0.031182
315	G	1.377168	0.05999
316	G	0.793664	0.04877
317	G	0.393466	0.070855
318	A	0.373456	0.021885
319	U	0.287376	0.048127
320	C	0.613076	0.044667
321	C	0.464425	0.043314
322	A	0.394285	0.035774
323	G	1.271975	0.047225
324	G	2.363764	0.060419
325	A	1.868171	0.039632
326	G	0.339531	0.023432
327	U	2.23464	0.042496
328	G	0.957769	0.031912
329	U	0.205484	0.020235
330	G	1.311434	0.035183
331	U	0.335143	0.019562
332	A	3.195875	0.050371
333	G	0.375692	0.024204
334	U	0.095274	0.015629
335	A	0.376041	0.019563
336	G	0.480396	0.037123
337	C	0.450707	0.028437
338	A	0.541029	0.020191
339	A	1.657507	0.034091
340	C	0.628586	0.028471
341	A	0.223451	0.01611
342	G	1.036661	0.039731
343	C	0.145273	0.029643
344	A	0.914275	0.026982
345	U	1.017675	0.03158
346	C	0.358926	0.052208
347	A	0.440347	0.020529
348	U	1.161663	0.031562
349	A	1.296907	0.031443
350	U	0.921327	0.028575
351	U	0.119276	0.042285
352	C	0.793488	0.048434
353	C	0.337972	0.040722
354	A	0.785881	0.023527
355	U	0.725799	0.027342
356	G	0.473374	0.030133
357	C	0.190775	0.024646
358	U	0.770468	0.035157
359	C	0.538974	0.090316
360	U	0.693581	0.029132
361	U	0.271681	0.017331
362	G	0.666482	0.042238
363	G	0.217766	0.041191
364	C	0.260055	0.025761
365	U	1.150605	0.036335
366	G	1.799377	0.044107
367	G	0.789125	0.045857
368	G	0.34367	0.04293
369	C	0.271781	0.030797
370	C	0.257936	0.042085
371	A	0.586019	0.021583
372	U	0.742329	0.031271
373	G	0.557947	0.050223
374	A	0.299041	0.021717
375	G	0.417749	0.035955
376	C	0.137153	0.02874
377	U	0.467999	0.025126
378	G	0.455052	0.042838
379	G	0.245064	0.042927
380	C	0.14944	0.048166
381	A	0.606133	0.023991
382	U	0.562121	0.031242
383	C	0.311117	0.048254
384	A	0.922019	0.030924
385	C	0.85957	0.035498
386	C	0.482716	0.059251
387	A	1.229332	0.034681
388	C	0.168187	0.029819
389	A	0.094398	0.0167
390	G	1.196583	0.043752
391	C	0.089621	0.030484
392	A	1.08698	0.035051
393	U	0.300218	0.022947
394	U	0.416029	0.023185
395	G	1.277042	0.062339
396	U	0.577801	0.039124
397	U	0.289117	0.022707
398	U	0.23417	0.02046
399	A	0.351451	0.019746
400	C	0.580658	0.028876
401	A	0.441097	0.022145
402	G	1.322124	0.059788
403	A	0.950785	0.032732
404	C	0.23809	0.031408
405	U	1.380035	0.058152
406	C	0.420482	0.046053
407	U	0.294954	0.023032
408	A	1.306189	0.035149
409	U	0.104797	0.032285
410	C	0.832002	0.043772
411	U	0.289582	0.035146
412	C	0.776173	0.054632
413	C	0.383917	0.063397
414	U	0.553891	0.029033
415	U	0.167511	0.0237
416	A	0.561001	0.025847
417	U	0.227927	0.021743
418	G	1.00294	0.069723
419	A	0.326367	0.027695
420	C	0.521722	0.028891
421	U	0.036465	0.02117
422	G	0.889829	0.087578
423	A	0.072557	0.013865
424	C	0.369554	0.034607
425	A	0.143036	0.018983
426	A	1.025936	0.031436
427	A	0.699072	0.02741
428	U	0.78906	0.032033
429	G	1.185383	0.058136
430	G	1.297729	0.058527
431	G	0.745326	0.06456
432	U	0.321596	0.027364
433	U	0.194747	0.021433
434	C	0.385341	0.06427
435	A	0.741497	0.034939
436	G	0.51091	0.058366
437	G	1.71309	0.062379
438	G	0.382557	0.072391
439	G	0.339561	0.061669
440	G	0.158448	0.073506
441	U	0.07821	0.019906
442	U	0.149104	0.018982
443	A	0.351579	0.021827
444	C	0.838091	0.035153
445	A	0.240373	0.025355
446	A	0.749144	0.027578
447	A	0.178947	0.022116
448	G	0.428081	0.0345
449	C	0.104517	0.024899
450	C	0.632928	0.090819
451	U	0.521202	0.02523
452	U	0.702395	0.038224
453	C	0.225545	0.046655
454	C	0.481313	0.060178
455	C	0.360417	0.08745
456	U	0.077485	0.019303
457	G	0.388397	0.043749
458	A	0.419722	0.022339
459	U	0.197081	0.025043
460	A	0.268989	0.017629
461	G	0.728807	0.032289
462	U	0.061932	0.050208
463	C	0.506168	0.077858
464	U	1.44262	0.040453
465	U	0.41336	0.025785
466	C	0.239091	0.036366
467	A	1.94297	0.03947
468	U	0.232436	0.037029
469	C	1.411557	0.048644
470	C	0.658	0.090079
471	A	1.446113	0.038006
472	U	0.138118	0.017154
473	U	0.24753	0.021657
474	A	0.209595	0.017648
475	G	0.291602	0.029563
476	C	0.174216	0.024953
477	U	0.53284	0.038444
478	C	0.611049	0.078541
479	C	0.373849	0.039416
480	C	0.483333	0.087642
481	A	0.684333	0.04645
482	U	0.331485	0.036325
483	U	0.671934	0.02849
484	U	0.88208	0.029998
485	C	0.248195	0.047382
486	A	0.268544	0.022354
487	G	0.732309	0.047272
488	G	0.692358	0.050942
489	C	0.128778	0.03372
490	A	0.22212	0.021413
491	G	0.800965	0.052139
492	A	0.25532	0.020222
493	C	0.217675	0.040461
494	U	0.731689	0.029405
495	U	0.335108	0.042822
496	C	0.299025	0.056759
497	C	0.348691	0.057914
498	G	0.430927	0.054263
499	G	0.37021	0.056808
500	G	0.523653	0.054728
501	A	0.24102	0.019253
502	U	0.437458	0.028694
503	G	1.006872	0.032936
504	U	0.373744	0.02784
505	G	0.625022	0.046516
506	G	0.499623	0.049922
507	A	3.056485	0.047195
508	G	0.634673	0.041476
509	A	0.590129	0.031132
510	U	0.385482	0.022005
511	U	0.132895	0.032189
512	C	0.462895	0.05489
513	C	0.208185	0.050542
514	G	0.287923	0.045373
515	G	0.489884	0.042699
516	A	0.156132	0.015623
517	U	0.500709	0.024465
518	A	0.308359	0.018437
519	U	0.352483	0.020906
520	U	0.203092	0.015844
521	G	0.788574	0.029189
522	U	0.612389	0.036824
523	A	1.970353	0.035603
524	U	0.07951	0.011414
525	A	0.475085	0.019466
526	A	0.759649	0.024223
527	G	1.491857	0.055166
528	U	1.042062	0.035117
529	U	0.120888	0.014708
530	U	0.62411	0.024656
531	G	0.874975	0.052936
532	G	0.892031	0.034481
533	U	0.775625	0.03952
534	C	0.533396	0.067381
535	C	0.770268	0.045139
536	U	0.401751	0.046775
537	C	0.410378	0.038603
538	C	0.264472	0.048918
539	A	1.108907	0.028958
540	U	0.736884	0.045238
541	C	0.714728	0.036082
542	U	0.607305	0.025112
543	G	1.093398	0.055276
544	A	0.35145	0.021674
545	A	0.86231	0.026902
546	A	0.602372	0.024625
547	C	0.287388	0.025842
548	C	0.45677	0.04437
549	A	0.411349	0.020998
550	G	1.577226	0.052097
551	C	0.146593	0.029839
552	A	0.071379	0.012983
553	G	1.54173	0.037045
554	U	0.807544	0.039798
555	C	0.416034	0.046633
556	C	0.288073	0.039648
557	U	0.50639	0.022894
558	G	0.514254	0.044378
559	C	0.174349	0.037082
560	C	nan	nan
561	U	0.829141	0.036497
562	U	0.519829	0.022846
563	U	0.601821	0.023472
564	G	0.770142	0.057396
565	A	0.405903	0.020127
566	G	0.420747	0.024971
567	C	0.386777	0.043789
568	G	0.493145	0.063329
569	G	0.423701	0.042343
570	G	nan	nan
571	U	0.494151	0.032003
572	U	0.086417	0.018044
573	U	0.44466	0.022411
574	G	0.478982	0.032083
575	U	0.216814	0.021213
576	U	0.52679	0.032367
577	C	0.497617	0.057406
578	C	0.463089	0.054852
579	C	0.396993	0.059148
580	A	1.354555	0.033902
581	C	0.221689	0.032974
582	A	0.97859	0.029617
583	A	0.719032	0.029368
584	C	0.702176	0.061027
585	U	0.560261	0.053996
586	U	1.224333	0.042125
587	U	0.151107	0.015504
588	U	0.087208	0.015548
589	U	0.642347	0.027686
590	C	0.510914	0.060796
591	A	0.188708	0.017274
592	G	0.71862	0.03489
593	C	0.545221	0.030786
594	U	0.66033	0.028598
595	C	0.995533	0.059766
596	G	0.996068	0.062512
597	A	1.03072	0.03318
598	A	0.513672	0.024567
599	U	0.208008	0.022145
600	G	0.380111	0.05764
601	A	0.41677	0.026449
602	C	0.229245	0.038565
603	C	0.204627	0.043075
604	U	0.61129	0.042677
605	C	0.211702	0.052983
606	C	0.125392	0.052064
607	U	0.862232	0.034181
608	C	0.308095	0.048222
609	G	0.948377	0.04064
610	U	0.186556	0.046971
611	C	0.409927	0.046377
612	U	0.255923	0.023128
613	G	0.677363	0.063315
614	A	0.817751	0.031333
615	A	0.782832	0.049128
616	U	0.264545	0.056062
617	U	0.958588	0.033473
618	U	0.078062	0.019508
619	G	2.645846	0.055861
620	U	0.034929	0.019557
621	G	1.02626	0.037243
622	U	0.048128	0.018193
623	G	0.781392	0.03467
624	U	0.55988	0.053968
625	C	0.441122	0.076903
626	C	0.56682	0.051925
627	C	0.183648	0.065302
628	C	0.464895	0.053556
629	U	0.791324	0.056327
630	C	0.461393	0.043311
631	U	0.517302	0.027118
632	G	1.061143	0.040596
633	U	0.292934	0.026246
634	G	0.631049	0.06302
635	A	0.095237	0.017353
636	C	0.425071	0.027056
637	A	0.247763	0.019632
638	C	0.284142	0.028581
639	C	0.325806	0.046471
640	G	0.981084	0.053782
641	A	0.203932	0.017106
642	U	0.888265	0.034679
643	A	1.228452	0.035152
644	U	0.265403	0.029135
645	G	2.34818	0.050458
646	U	0.044019	0.022875
647	G	1.325232	0.038654
648	U	0.066783	0.016187
649	A	1.350491	0.036655
650	U	0.319544	0.034586
651	C	0.79707	0.046882
652	U	0.281104	0.028238
653	G	1.022891	0.037191
654	U	0.400709	0.023636
655	A	1.631504	0.038588
656	A	0.448018	0.022458
657	U	0.502189	0.045138
658	C	0.549245	0.04857
659	C	0.54818	0.053432
660	U	0.59868	0.029229
661	U	0.234001	0.018091
662	G	0.853851	0.050716
663	A	0.899021	0.03022
664	U	0.049643	0.018402
665	G	0.935361	0.064951
666	A	1.413203	0.037075
667	A	0.588074	0.023438
668	U	0.529399	0.026051
669	A	0.256324	0.020817
670	G	0.624439	0.041355
671	C	0.235667	0.023858
672	U	0.291792	0.021387
673	G	0.91282	0.049841
674	A	0.70742	0.026307
675	A	1.106188	0.032838
676	G	1.609779	0.057433
677	A	0.28036	0.022436
678	G	0.388381	0.047145
679	C	0.216159	0.031685
680	C	0.281374	0.042234
681	A	1.005155	0.04709
682	U	0.7182	0.032737
683	U	0.229909	0.017378
684	U	0.647057	0.026341
685	G	0.845676	0.05032
686	A	0.243169	0.020131
687	G	0.44953	0.048728
688	C	0.191656	0.03741
689	C	0.413997	0.044051
690	G	0.956905	0.039305
691	U	0.207328	0.024242
692	U	0.63386	0.025768
693	G	0.642922	0.040072
694	C	0.467986	0.030997
695	U	0.64582	0.026304
696	G	0.567967	0.053295
697	G	0.780279	0.037655
698	U	0.282671	0.065039
699	C	0.533151	0.057843
700	C	0.373913	0.051633
701	A	0.644417	0.026702
702	A	0.516864	0.034128
703	G	0.794968	0.057179
704	G	0.633853	0.036306
705	U	0.372992	0.030843
706	C	0.637205	0.063234
707	A	1.056048	0.035922
708	U	0.326842	0.026693
709	U	0.50396	0.025662
710	G	1.797802	0.066645
711	U	0.925801	0.039849
712	U	0.746631	0.028661
713	U	0.336229	0.020798
714	A	0.834262	0.027883
715	U	0.308698	0.022153
716	C	0.938881	0.058122
717	A	1.023501	0.032314
718	U	0.252735	0.020053
719	G	1.435782	0.052169
720	U	1.172039	0.037226
721	U	0.033136	0.012565
722	G	1.227906	0.04428
723	U	0.756389	0.030951
724	U	0.312476	0.032058
725	C	0.82064	0.074326
726	U	0.869672	0.049481
727	U	0.899151	0.03098
728	U	0.307972	0.021503
729	A	1.000813	0.031155
730	U	0.378574	0.027056
731	C	0.812541	0.057641
732	A	1.149788	0.035966
733	C	0.473016	0.0299
734	U	0.728912	0.030074
735	G	1.620623	0.046181
736	U	0.229682	0.023105
737	U	1.134958	0.035599
738	A	0.368088	0.023208
739	C	0.305827	0.026961
740	U	0.622133	0.050227
741	C	0.622309	0.075925
742	C	0.40288	0.063998
743	A	1.483563	0.039497
744	A	0.779404	0.029491
745	U	0.344862	0.022025
746	G	0.528494	0.039417
747	C	0.086028	0.025579
748	U	0.774424	0.03331
749	C	0.616786	0.064817
750	A	0.731448	0.031087
751	U	0.289417	0.024445
752	G	1.416055	0.043603
753	U	0.163904	0.024641
754	C	0.645514	0.07546
755	A	0.068456	0.015998
756	G	0.733611	0.046812
757	C	0.239827	0.033162
758	C	0.374613	0.054953
759	G	0.928719	0.063413
760	A	0.484156	0.028026
761	U	0.463155	0.029105
762	U	0.256704	0.022948
763	C	0.674742	0.061713
764	A	0.645073	0.028058
765	U	0.258979	0.022428
766	U	0.864133	0.034941
767	A	1.121717	0.033743
768	A	0.689944	0.025723
769	U	1.95077	0.051976
770	C	0.569602	0.071997
771	C	0.451281	0.049648
772	C	0.291793	0.063222
773	A	0.091388	0.025435
774	G	0.647751	0.058074
775	A	0.287836	0.021872
776	C	0.832884	0.034155
777	A	0.318407	0.019567
778	C	0.131957	0.020511
779	U	0.863246	0.056933
780	C	0.564389	0.055586
781	C	0.629985	0.059346
782	A	0.517705	0.026426
783	A	1.040619	0.032596
784	A	0.187666	0.017126
785	G	0.650721	0.039649
786	C	0.179537	0.02188
787	U	0.373202	0.023957
788	G	0.538777	0.075755
789	G	0.539199	0.051245
790	G	0.318789	0.04952
791	C	0.11867	0.024172
792	A	0.32351	0.02007
793	G	0.209183	0.028399
794	C	0.091892	0.029497
795	U	0.413764	0.055411
796	C	0.75109	0.054164
797	C	0.242881	0.042585
798	A	0.976259	0.029979
799	U	0.70289	0.028986
800	G	0.71903	0.041462
801	C	0.163044	0.0245
802	U	0.719657	0.05088
803	A	0.43737	0.030432
804	A	1.200338	0.036455
805	A	0.300505	0.017912
806	A	0.785741	0.029451
807	U	0.540875	0.0249
808	U	0.400042	0.025313
809	G	0.81385	0.053168
810	G	0.46866	0.049645
811	C	0.110723	0.030638
812	U	0.601843	0.027118
813	A	0.603046	0.050765
814	C	0.614981	0.032206
815	A	0.458559	0.021926
816	A	1.369412	0.034153
817	A	0.516702	0.021631
818	U	0.16241	0.056115
819	C	0.46416	0.049299
820	C	0.401874	0.051875
821	A	0.387928	0.021351
822	U	0.429645	0.022085
823	A	0.470765	0.022739
824	G	1.06313	0.040225
825	C	0.453899	0.0352
826	G	1.595935	0.058346
827	A	0.469726	0.022797
828	U	0.813821	0.028968
829	A	1.010954	0.035273
830	G	3.035025	0.126397
831	A	0.254065	0.031768
832	A	1.256055	0.042622
833	A	0.064516	0.015658
834	A	0.143232	0.01678
835	A	0.144462	0.019769
836	G	0.487389	0.03407
837	C	0.248269	0.033703
838	U	0.429512	0.03118
839	U	0.539824	0.027047
840	G	1.132952	0.038471
841	U	0.088162	0.025275
842	G	1.005497	0.06514
843	A	0.682016	0.03252
844	A	0.647061	0.033619
845	U	0.517333	0.030673
846	U	0.386323	0.026797
847	C	0.786037	0.06417
848	A	0.145373	0.020304
849	A	0.76086	0.027722
850	A	1.15768	0.034936
851	U	0.655806	0.026999
852	G	1.110364	0.046721
853	U	0.124784	0.02188
854	U	0.173129	0.025058
855	C	0.620715	0.079985
856	C	0.351153	0.045172
857	U	0.35696	0.023805
858	G	0.316783	0.029873
859	U	0.13351	0.039011
860	C	0.480781	0.070468
861	C	0.533458	0.094514
862	U	0.06777	0.022671
863	G	0.569149	0.074976
864	U	0.10785	0.030382
865	U	0.412445	0.031044
866	U	0.025261	0.013358
867	A	0.728082	0.030829
868	U	0.446087	0.022542
869	G	1.269773	0.041075
870	U	0.100041	0.014219
871	A	0.223156	0.019385
872	G	0.428574	0.092275
873	G	0.346211	0.052948
874	A	0.153818	0.027222
875	C	nan	nan
876	U	2.617473	0.054549
877	U	0.755482	0.044329
878	C	1.074515	0.096736
879	U	0.67784	0.052008
880	U	1.529958	0.047255
881	U	0.308089	0.02183
882	U	0.504926	0.026603
883	U	0.803377	0.029193
884	G	0.448373	0.042345
885	C	0.238029	0.029364
886	U	0.70269	0.031579
887	C	0.786943	0.070048
888	A	0.520482	0.026058
889	U	0.843603	0.03964
890	A	0.855092	0.034101
891	U	0.081268	0.021365
892	U	0.369375	0.02601
893	G	1.047577	0.06302
894	A	0.689886	0.032936
895	U	0.629201	0.029837
896	U	0.378838	0.040858
897	C	0.471615	0.054349
898	C	0.5616	0.087554
899	G	0.626102	0.068713
900	A	0.509606	0.02719
901	C	0.337448	0.027665
902	U	0.470777	0.037165
903	A	0.38153	0.022522
904	G	0.66826	0.034661
905	C	0.11828	0.026135
906	U	0.187198	0.019608
907	U	0.3408	0.022256
908	G	0.361048	0.034353
909	C	0.272037	0.029277
910	A	0.648463	0.027056
911	G	0.611449	0.052665
912	G	0.808021	0.036808
913	U	0.464908	0.039769
914	C	0.588325	0.096237
915	C	0.244664	0.039944
916	U	0.426277	0.022355
917	A	0.847505	0.026644
918	U	0.067418	0.015677
919	A	0.205557	0.019261
920	G	1.065524	0.054108
921	A	0.319373	0.021123
922	A	0.454014	0.022359
923	U	0.157227	0.038771
924	C	0.442077	0.043969
925	U	0.882417	0.029712
926	A	0.398213	0.019533
927	U	nan	nan
928	C	0.231782	0.036238
929	U	0.155441	0.01814
930	A	0.855852	0.026882
931	C	0.389074	0.024667
932	U	0.804503	0.036588
933	C	0.710581	0.05514
934	C	0.299204	0.038036
935	U	0.382525	0.021097
936	G	0.742386	0.047781
937	C	nan	nan
938	U	0.222104	0.020559
939	U	0.139518	0.024469
940	G	0.994984	0.033107
941	U	0.052932	0.028859
942	A	1.461966	0.03646
943	U	0.317437	0.023564
944	U	0.912652	0.036464
945	C	0.520878	0.048409
946	C	0.303412	0.042507
947	C	0.268504	0.047758
948	U	0.870181	0.029781
949	C	0.353917	0.040924
950	G	0.91893	0.041918
951	U	0.31658	0.040076
952	G	1.048642	0.05803
953	A	0.802511	0.033971
954	U	0.715935	0.027628
955	U	0.576236	0.024935
956	C	0.671591	0.056122
957	G	1.35548	0.064036
958	G	0.651144	0.03333
959	U	0.679102	0.026735
960	G	0.670118	0.040018
961	C	0.345033	0.031623
962	A	1.156429	0.033855
963	U	0.650312	0.028071
964	U	0.59784	0.028913
965	C	0.359132	0.061983
966	A	0.744825	0.025707
967	C	0.272737	0.031192
968	U	0.773682	0.029992
969	A	0.887933	0.028192
970	U	0.482306	0.02618
971	G	1.569802	0.058684
972	A	2.281401	0.044901
973	G	0.704208	0.075381
974	A	0.149574	0.023974
975	G	0.497162	0.037632
976	C	0.456907	0.069897
977	A	0.630572	0.033705
978	A	0.785849	0.028306
979	A	0.39563	0.033218
980	G	1.05537	0.034287
981	U	0.366983	0.027425
982	C	0.741418	0.080091
983	A	1.664111	0.035128
984	U	0.069542	0.024
985	C	0.412113	0.038374
986	A	0.325798	0.028385
987	G	2.776337	0.054309
988	A	0.668208	0.028241
989	G	1.545124	0.053889
990	G	0.537856	0.06109
991	A	0.635325	0.034474
992	U	0.114125	0.018323
993	U	0.698264	0.027155
994	G	0.486253	0.041028
995	G	0.559662	0.062824
996	A	0.437174	0.027865
997	G	0.697082	0.037371
998	U	0.291108	0.043182
999	C	0.378302	0.050226
1000	C	0.368084	0.049413
1001	G	0.877375	0.040407
1002	U	0.461755	0.049954
1003	C	0.531103	0.049981
1004	C	0.315893	0.063183
1005	C	0.615559	0.096832
1006	A	0.670483	0.031537
1007	C	0.22006	0.051918
1008	C	0.244212	0.084198
1009	A	0.077078	0.022196
1010	G	0.380448	0.0303
1011	U	0.61731	0.031692
1012	A	0.904697	0.032879
1013	U	0.590847	0.02801
1014	G	1.336936	0.051254
1015	U	1.462362	0.043088
1016	U	0.054561	0.013477
1017	G	1.008101	0.070346
1018	U	0.544081	0.042681
1019	U	0.665937	0.029004
1020	U	0.180539	0.017663
1021	U	0.375765	0.022106
1022	G	0.647493	0.082744
1023	G	0.6904	0.037154
1024	U	0.585434	0.02933
1025	G	0.57124	0.031874
1026	U	0.11312	0.021843
1027	A	0.698087	0.029138
1028	C	0.220548	0.032199
1029	C	0.319352	0.065157
1030	U	1.285407	0.067069
1031	C	1.169429	0.12509
1032	U	0.87883	0.063135
1033	U	1.352219	0.045292
1034	U	0.235972	0.024745
1035	U	0.57694	0.025324
1036	G	0.852819	0.043307
1037	U	0.174048	0.050053
1038	C	0.613329	0.072176
1039	C	0.57018	0.069253
1040	U	0.333049	0.021608
1041	A	0.168559	0.01965
1042	G	1.393911	0.058815
1043	A	1.292646	0.057354
1044	U	0.620245	0.034726
1045	U	0.640138	0.031434
1046	U	0.219048	0.018374
1047	A	0.412557	0.021776
1048	G	0.56803	0.055911
1049	G	0.58395	0.051746
1050	A	0.276693	0.031765
1051	U	0.040436	0.016828
1052	U	0.814977	0.03235
1053	G	0.477994	0.052162
1054	A	0.378491	0.028614
1055	G	0.477672	0.07213
1056	A	0.222001	0.022847
1057	C	0.299354	0.040527
1058	U	0.366233	0.042749
1059	C	0.404651	0.052358
1060	C	0.187669	0.060472
1061	U	0.527293	0.088086
1062	A	0.164211	0.02188
1063	A	0.809998	0.029376
1064	A	0.127644	0.013314
1065	A	0.269163	0.026981
1066	C	0.354349	0.026033
1067	U	0.770228	0.030024
1068	G	0.863914	0.035809
1069	U	0.549968	0.029505
1070	A	0.353336	0.022313
1071	C	0.343733	0.042482
1072	U	0.371346	0.021694
1073	U	0.02337	0.024741
1074	A	1.383122	0.038405
1075	G	0.254808	0.037938
1076	C	0.253758	0.028858
1077	A	0.557584	0.023893
1078	U	0.371145	0.021327
1079	G	0.639559	0.046807
1080	U	0.683778	0.029913
1081	U	0.391881	0.021629
1082	G	1.218197	0.11084
1083	A	0.432034	0.022586
1084	A	0.369111	0.022849
1085	C	0.246306	0.024054
1086	A	0.253833	0.019228
1087	U	0.215231	0.01779
1088	G	0.49238	0.04247
1089	C	0.223295	0.052203
1090	C	0.929922	0.063327
1091	C	0.359421	0.101591
1092	A	0.674149	0.028603
1093	U	1.188701	0.043054
1094	C	0.361396	0.057167
1095	A	0.066433	0.022201
1096	U	0.060255	0.02711
1097	C	0.362106	0.092064
1098	A	1.036737	0.03707
1099	U	1.028829	0.039421
1100	U	0.306594	0.046192
1101	C	0.827893	0.05909
1102	C	0.456686	0.056035
1103	A	0.510226	0.034518
1104	G	0.546967	0.05768
1105	G	0.771833	0.089003
1106	A	0.541031	0.060758
1107	C	0.225248	0.033503
1108	U	0.54311	0.036363
1109	C	0.196294	0.124602
1110	A	0.860044	0.036152
1111	A	1.122321	0.041194
1112	U	0.707841	0.034297
1113	G	0.610027	0.049108
1114	A	0.641157	0.03763
1115	G	0.75492	0.054927
1116	G	0.317784	0.113719
1117	C	0.112928	0.034399
1118	U	0.471492	0.033172
1119	G	0.556346	0.036563
1120	U	0.17263	0.046323
1121	A	0.411911	0.032597
1122	C	0.2817	0.035452
1123	C	0.748013	0.091626
1124	A	0.439567	0.028721
1125	U	0.009035	0.08599
1126	C	0.426675	0.043804
1127	U	0.54902	0.031878
1128	A	1.017443	0.039294
1129	U	1.04572	0.040262
1130	U	0.24559	0.023395
1131	A	0.187195	0.022177
1132	G	0.908697	0.062409
1133	A	1.642055	0.062307
1134	A	0.137574	0.033877
1135	G	2.286877	0.099779
1136	A	1.332413	0.064512
1137	G	0.894693	0.071466
1138	G	0.723546	0.098887
1139	C	0.254617	0.05871
1140	C	nan	nan
1141	U	0.570005	0.042321
1142	U	0.11994	0.025521
1143	A	1.181781	0.061353
1144	U	0.229765	0.063726
1145	C	0.421195	0.059716
1146	U	1.257942	0.054283
1147	U	0.118175	0.057385
1148	C	1.250287	0.062544
1149	U	nan	nan
1150	C	0.385431	0.057788
1151	U	0.258784	0.026876
1152	A	1.712618	0.072681
1153	U	0.602037	0.04362
1154	U	0.472293	0.032708
1155	U	0.329063	0.028343
1156	U	0.207971	0.03791
1157	C	1.129305	0.076111
1158	U	0.516032	0.065634
1159	U	0.642329	0.037903
1160	U	0.087183	0.040173
1161	C	1.01106	0.065587
1162	U	0.517434	0.036696
1163	U	0.520709	0.03315
1164	G	1.349553	0.070694
1165	U	0.066367	0.029473
1166	U	0.249081	0.02617
1167	G	0.520719	0.106259
1168	A	0.15911	0.024651
1169	C	0.23337	0.030825
1170	U	0.341458	0.033352
1171	C	0.647271	0.087417
1172	A	0.931498	0.042592
1173	U	0.213523	0.034692
1174	U	0.206284	0.022951
1175	G	1.044798	0.069481
1176	A	0.105631	0.020342
1177	A	1.675963	0.048834
1178	A	0.335382	0.023339
1179	U	0.961587	0.039657
1180	A	0.648687	0.037591
1181	U	0.277915	0.028845
1182	U	0.321089	0.033486
1183	U	0.471351	0.030129
1184	C	0.414239	0.057694
1185	A	0.386981	0.027957
1186	G	0.798285	0.075618
1187	G	1.308005	0.05897
1188	U	0.167928	0.029136
1189	C	0.501029	0.108382
1190	A	0.443708	0.025468
1191	A	0.3824	0.024144
1192	U	0.407196	0.029134
1193	G	1.190398	0.082388
1194	U	0.597228	0.045687
1195	U	0.267769	0.02476
1196	U	0.170907	0.020189
1197	G	0.404996	0.042476
1198	C	0.18015	0.02999
1199	U	0.20632	0.022534
1200	A	0.299996	0.023287
1201	G	0.284734	0.044416
1202	C	0.247138	0.032762
1203	A	1.432148	0.056305
1204	U	0.344728	0.030952
1205	U	0.484077	0.027796
1206	U	0.407674	0.029681
1207	C	0.399566	0.050648
1208	U	0.356613	0.02516
1209	G	0.589861	0.048754
1210	C	0.077868	0.035498
1211	U	0.094919	0.020573
1212	G	0.566926	0.063328
1213	G	0.518378	0.070715
1214	U	0.017142	0.015135
1215	A	0.813988	0.032943
1216	U	0.137992	0.050929
1217	C	0.595977	0.048731
1218	U	0.886146	0.03759
1219	G	4.167204	0.074219
1220	U	0.049506	0.018664
1221	G	1.004767	0.048483
1222	U	0.407446	0.030382
1223	U	0.380541	0.024444
1224	C	0.691251	0.076719
1225	G	1.056868	0.05652
1226	A	0.41682	0.025113
1227	A	0.336628	0.022828
1228	G	0.347964	0.043689
1229	C	0.098452	0.045487
1230	U	0.654791	0.035195
1231	U	1.780974	0.049089
1232	C	0.548282	0.046304
1233	A	0.471504	0.02597
1234	U	0.597379	0.029727
1235	G	0.514081	0.04478
1236	C	0.635742	0.130671
1237	U	0.505488	0.050162
1238	U	0.727703	0.036957
1239	U	0.312788	0.025617
1240	U	3.187064	0.06159
1241	A	0.547217	0.029558
1242	C	0.275151	0.049083
1243	U	0.256468	0.046975
1244	U	0.62001	0.030611
1245	U	0.42781	0.028487
1246	C	0.564874	0.078539
1247	G	1.236125	0.123042
1248	A	0.290517	0.022659
1249	A	0.445075	0.029233
1250	C	0.557686	0.035753
1251	A	0.442757	0.025223
1252	U	0.285299	0.031324
1253	G	0.924081	0.04417
1254	U	0.063545	0.026636
1255	A	1.418523	0.043587
1256	U	0.525063	0.051114
1257	C	0.436482	0.072969
1258	C	0.529	0.136217
1259	U	0.357635	0.051108
1260	U	0.877993	0.039823
1261	U	0.263452	0.027348
1262	U	0.47337	0.044981
1263	C	0.576708	0.077875
1264	C	0.253961	0.071939
1265	U	0.220086	0.031114
1266	A	0.196778	0.027753
1267	G	0.884093	0.06169
1268	C	0.457686	0.085311
1269	C	0.095382	0.072643
1270	U	0.308716	0.039127
1271	U	0.475668	0.037015
1272	G	0.838676	0.062388
1273	C	0.325135	0.054774
1274	C	0.400537	0.071927
1275	A	1.142758	0.097596
1276	U	0.46426	0.04621
1277	U	0.925253	0.048888
1278	U	0.450153	0.034163
1279	U	0.573176	0.036376
1280	A	1.371818	0.054846
1281	U	0.307034	0.028896
1282	U	0.492706	0.034409
1283	C	0.722898	0.083179
1284	G	1.519836	0.086642
1285	A	1.654526	0.058486
1286	G	1.135309	0.129071
1287	A	0.637816	0.038398
1288	A	0.352044	0.035106
1289	C	0.716507	0.048744
1290	A	0.345515	0.030585
1291	U	0.408793	0.041497
1292	U	1.099194	0.049198
1293	A	1.706107	0.063206
1294	U	0.35416	0.032741
1295	A	0.502898	0.039461
1296	G	0.862277	0.09229
1297	G	0.570974	0.053037
1298	U	0.680551	0.044551
1299	G	0.30538	0.057164
1300	C	0.199132	0.058885
1301	A	1.23548	0.052617
1302	A	0.590199	0.038525
1303	U	0.388405	0.042971
1304	G	0.241875	0.054197
1305	C	0.283107	0.052667
1306	U	0.662112	0.044555
1307	C	0.480864	0.108135
1308	A	0.242262	0.02855
1309	A	0.25314	0.030621
1310	G	0.817827	0.078596
1311	A	0.185836	0.030036
1312	C	0.458308	0.039426
1313	A	0.652772	0.038692
1314	U	0.290343	0.030766
1315	U	0.524019	0.059417
1316	C	0.37947	0.068041
1317	C	0.269165	0.05835
1318	U	0.664675	0.055768
1319	A	0.330064	0.028305
1320	A	0.330167	0.025702
1321	A	0.576614	0.036884
1322	C	0.338618	0.039006
1323	C	0.348041	0.092186
1324	A	0.727926	0.041057
1325	U	0.251168	0.034309
1326	U	0.88526	0.045722
1327	C	0.667079	0.093617
1328	A	0.391098	0.032275
1329	G	0.595793	0.07311
1330	G	0.338918	0.081966
1331	U	0.048304	0.02635
1332	U	0.282169	0.029483
1333	G	0.854382	0.084013
1334	A	0.651795	0.058821
1335	U	0.188041	0.038567
1336	U	0.662058	0.048254
1337	U	0.23542	0.03639
1338	C	0.765048	0.067976
1339	U	0.52452	0.037069
1340	U	0.367362	0.028784
1341	G	1.075384	0.056105
1342	U	0.639247	0.037496
1343	U	0.263248	0.025992
1344	A	0.872598	0.03962
1345	U	0.276903	0.028515
1346	G	1.621504	0.056129
1347	U	0.153382	0.040023
1348	A	0.26244	0.026761
1349	U	0.054859	0.019123
1350	G	1.065955	0.052958
1351	U	0.530143	0.038494
1352	U	0.08586	0.024858
1353	A	0.721232	0.039398
1354	U	0.413812	0.038864
1355	C	0.892345	0.074589
1356	A	0.842163	0.04125
1357	U	0.43109	0.033726
1358	U	0.537929	0.034262
1359	G	0.74251	0.057997
1360	C	0.420311	0.063138
1361	C	0.801098	0.08658
1362	A	0.387454	0.035523
1363	G	0.874255	0.069434
1364	G	0.670438	0.10574
1365	A	0.610528	0.034611
1366	A	0.318495	0.028929
1367	C	0.170602	0.029313
1368	A	0.410529	0.028776
1369	U	0.607349	0.099558
1370	C	0.476603	0.072157
1371	C	0.323096	0.058601
1372	U	0.51602	0.03513
1373	A	0.806221	0.053072
1374	G	1.055866	0.083853
1375	G	1.281802	0.115717
1376	G	0.482004	0.084953
1377	U	0.28334	0.033539
1378	U	0.374299	0.080183
1379	C	0.499526	0.082219
1380	U	0.39824	0.033245
1381	G	0.877091	0.074392
1382	A	0.813192	0.063782
1383	U	0.704345	0.047288
1384	U	0.241532	0.029266
1385	U	0.07707	0.024595
1386	U	0.517052	0.036967
1387	C	0.58394	0.064904
1388	A	1.081251	0.045462
1389	U	0.630509	0.035108
1390	U	0.159264	0.164184
1391	C	1.130653	0.068187
1392	C	0.655193	0.10975
1393	A	1.428027	0.061996
1394	U	0.990383	0.048955
1395	U	0.190215	0.022865
1396	U	0.426959	0.029167
1397	G	0.648561	0.097231
1398	G	1.032512	0.055906
1399	U	0.767841	0.043528
1400	G	0.985491	0.068457
1401	U	1.022747	0.043477
1402	U	0.12461	0.020776
1403	G	1.095179	0.043845
1404	U	0.064181	0.062
1405	C	0.934736	0.064419
1406	U	nan	nan
1407	C	0.504238	0.074706
1408	C	0.161515	0.055436
1409	A	0.841881	0.038496
1410	G	0.839071	0.043766
1411	U	0.443365	0.034078
1412	G	0.895481	0.067462
1413	A	0.929365	0.041365
1414	U	0.640363	0.03347
1415	U	0.384289	0.027725
1416	G	1.264717	0.047998
1417	U	0.079855	0.02197
1418	G	1.317369	0.068404
1419	A	0.143439	0.030196
1420	A	0.981506	0.040332
1421	A	0.328375	0.037907
1422	G	2.718861	0.084187
1423	A	0.212529	0.033678
1424	G	0.628398	0.084922
1425	A	0.209379	0.026242
1426	G	0.308884	0.040425
1427	C	0.173618	0.030835
1428	U	0.513738	0.051563
1429	C	0.403565	0.054148
1430	U	0.531314	0.032725
1431	G	2.374858	0.058586
1432	U	0.053113	0.025154
1433	G	1.132028	0.046981
1434	U	0.027334	0.111157
1435	C	0.61391	0.097174
1436	U	0.774652	0.035279
1437	U	0.228558	0.024475
1438	G	1.402941	0.045919
1439	U	0.067217	0.018464
1440	G	0.737749	0.069093
1441	A	0.466158	0.027703
1442	A	0.553989	0.029148
1443	U	0.218647	0.020664
1444	U	0.211085	0.020218
1445	A	0.389597	0.025624
1446	G	1.181551	0.041332
1447	U	0.092287	0.02746
1448	C	0.709909	0.066596
1449	A	1.364221	0.038977
1450	U	0.09983	0.02643
1451	C	0.321456	0.091966
1452	A	1.43381	0.072622
1453	U	0.86397	0.043053
1454	U	0.741677	0.031157
1455	U	0.061413	0.017152
1456	U	0.587896	0.029149
1457	U	0.104019	0.031138
1458	C	0.997908	0.056674
1459	U	0.482883	0.030975
1460	C	0.659316	0.073969
1461	A	0.996441	0.034113
1462	C	0.121248	0.03207
1463	A	1.947966	0.050782
1464	A	0.072763	0.018735
1465	C	0.415381	0.03444
1466	A	1.041924	0.043033
1467	U	0.417291	0.030031
1468	U	0.156224	0.023606
1469	U	0.310921	0.023574
1470	G	0.575611	0.041101
1471	C	0.387059	0.043768
1472	C	0.709669	0.103014
1473	A	0.329986	0.023775
1474	G	1.184863	0.070319
1475	U	0.557869	0.038329
1476	U	0.16322	0.018397
1477	U	0.52031	0.029914
1478	A	0.288248	0.022099
1479	G	0.545754	0.035515
1480	C	0.463441	0.115899
1481	U	0.231378	0.039153
1482	U	0.781242	0.043259
1483	U	0.672476	0.043497
1484	C	nan	nan
1485	U	0.738168	0.050499
1486	U	0.483064	0.028014
1487	U	0.258528	0.02498
1488	U	0.586944	0.031194
1489	C	0.668961	0.056989
1490	A	1.105206	0.037631
1491	U	0.248157	0.024381
1492	U	0.436227	0.025377
1493	G	0.727643	0.041112
1494	C	0.22051	0.045011
1495	C	0.517536	0.049286
1496	U	0.71623	0.065095
1497	C	0.469571	0.041972
1498	C	0.36809	0.074664
1499	A	0.411442	0.024337
1500	A	0.792007	0.03254
1501	C	0.181673	0.036895
1502	U	0.145186	0.020388
1503	G	0.533644	0.053049
1504	G	0.575686	0.046675
1505	A	0.420076	0.032642
1506	A	0.414659	0.032546
1507	G	0.339782	0.049915
1508	U	nan	nan
1509	C	0.497161	0.051243
1510	C	0.370186	0.068197
1511	A	0.268024	0.022815
1512	G	1.225979	0.054783
1513	A	0.60764	0.045493
1514	U	0.280745	0.024974
1515	U	0.405118	0.02222
1516	G	1.040025	0.054945
1517	U	0.156927	0.025584
1518	U	0.586994	0.028764
1519	C	0.804816	0.09025
1520	A	0.212135	0.026484
1521	A	0.217786	0.019606
1522	G	0.523135	0.035696
1523	C	nan	nan
1524	U	0.989123	0.038532
1525	U	0.161001	0.04184
1526	C	0.759479	0.04433
1527	U	0.472428	0.035316
1528	C	0.484903	0.072073
1529	A	0.984661	0.033115
1530	C	0.29733	0.032896
1531	A	0.523386	0.027634
1532	A	1.021588	0.032028
1533	A	0.091593	0.017799
1534	U	0.364343	0.024577
1535	G	0.23336	0.03405
1536	C	0.214734	0.039247
1537	U	0.857195	0.050889
1538	C	0.636533	0.078984
1539	C	0.093374	0.052481
1540	U	0.592623	0.033794
1541	C	0.384761	0.047827
1542	G	0.675812	0.049754
1543	C	0.095689	0.025521
1544	U	0.693549	0.038791
1545	A	0.649833	0.027579
1546	A	0.437927	0.025085
1547	U	0.526692	0.027026
1548	G	1.040382	0.066446
1549	U	0.153027	0.02718
1550	U	0.358507	0.024718
1551	U	0.262342	0.025926
1552	C	0.81728	0.107827
1553	A	0.163286	0.018239
1554	A	1.209013	0.036064
1555	C	0.146239	0.120261
1556	A	0.470168	0.028355
1557	A	1.377284	0.037451
1558	A	0.111232	0.018854
1559	A	0.160283	0.02021
1560	U	1.057561	0.035288
1561	A	0.15755	0.022182
1562	C	1.252912	0.045984
1563	A	0.710889	0.0584
1564	C	0.171684	0.033
1565	A	0.135646	0.022621
1566	A	0.898612	0.03395
1567	A	0.696535	0.032506
1568	U	0.299947	0.039326
1569	C	0.416714	0.08712
1570	C	0.241054	0.05428
1571	U	0.592221	0.053308
1572	C	0.34022	0.043882
1573	U	0.177026	0.032958
1574	G	0.914659	0.064113
1575	A	0.988359	0.060368
1576	U	0.25278	0.033322
1577	U	0.284206	0.028549
1578	U	0.180273	0.021998
1579	G	0.765882	0.045239
1580	C	0.075147	0.101126
1581	A	0.272813	0.03207
1582	U	0.451097	0.079404
1583	C	0.431705	0.053823
1584	C	0.42947	0.050286
1585	C	0.396269	0.089969
1586	G	0.983306	0.065092
1587	G	0.923261	0.059913
1588	G	0.727368	0.049808
1589	U	0.716639	0.043417
1590	G	0.448362	0.063831
1591	U	0.160952	0.037023
1592	U	0.359605	0.026897
1593	G	0.253014	0.043966
1594	C	0.15029	0.057367
1595	A	0.66707	0.030314
1596	A	0.820213	0.037011
1597	U	0.133777	0.028305
1598	U	0.454511	0.025792
1599	G	0.310567	0.035291
1600	C	0.139079	0.054333
1601	U	1.060939	0.054489
1602	C	nan	nan
1603	U	1.535133	0.050563
1604	U	0.06309	0.055613
1605	C	0.952306	0.050338
1606	U	0.050453	0.054742
1607	C	0.336637	0.129296
1608	U	0.405892	0.043026
1609	U	0.528159	0.031009
1610	U	0.363988	0.025763
1611	A	0.707577	0.032232
1612	A	1.738731	0.050932
1613	U	0.638748	0.037876
1614	U	0.344727	0.027881
1615	U	0.440642	0.028346
1616	G	0.860075	0.043491
1617	C	0.179902	0.052794
1618	C	0.336369	0.050708
1619	U	0.903285	0.057781
1620	C	0.780917	0.162944
1621	U	0.226347	0.044478
1622	U	0.818016	0.037505
1623	U	0.434017	0.032661
1624	C	0.460944	0.063855
1625	A	0.201073	0.022735
1626	G	1.218694	0.048755
1627	C	0.33977	0.047965
1628	G	0.994661	0.046727
1629	U	0.59646	0.060201
1630	C	0.511457	0.1194
1631	U	0.762449	0.059812
1632	U	0.931583	0.041378
1633	U	0.123533	0.021435
1634	U	0.306266	0.024314
1635	G	0.885673	0.039058
1636	U	0.130697	0.02927
1637	C	0.836646	0.07243
1638	A	0.839535	0.04017
1639	U	0.313439	0.02706
1640	U	0.274261	0.023966
1641	G	1.943211	0.053753
1642	U	0.021508	0.031375
1643	G	1.124552	0.055191
1644	U	0.430439	0.030514
1645	U	0.324509	0.025902
1646	C	0.657444	0.077826
1647	A	0.885698	0.033071
1648	G	1.138245	0.039498
1649	U	0.763543	0.031927
1650	G	0.951334	0.035748
1651	U	0.308687	0.038868
1652	C	0.733609	0.079342
1653	A	0.792616	0.02761
1654	A	0.710282	0.030242
1655	U	0.299154	0.020436
1656	G	0.586587	0.035825
1657	C	0.277127	0.042556
1658	U	0.79852	0.043226
1659	C	0.571068	0.071866
1660	U	0.255703	0.023727
1661	U	0.330893	0.019772
1662	A	1.151812	0.032108
1663	U	0.07571	0.016823
1664	U	0.03546	0.01774
1665	A	0.169481	0.018067
1666	G	1.425558	0.04945
1667	A	0.709261	0.031091
1668	U	0.229843	0.02441
1669	A	0.100569	0.014194
1670	G	0.330016	0.030348
1671	C	1.548126	0.109668
1672	U	1.510566	0.04114
1673	U	0.202901	0.037519
1674	C	1.064816	0.040577
1675	U	0.124591	0.04117
1676	C	0.54034	0.075221
1677	U	0.372219	0.023984
1678	U	0.093588	0.016057
1679	G	1.479163	0.062196
1680	U	0.817105	0.034775
1681	U	0.309414	0.021125
1682	U	0.110877	0.014862
1683	A	0.315684	0.020362
1684	G	0.975635	0.034713
1685	U	0.033804	0.046889
1686	C	1.501877	0.0539
1687	U	0.078045	0.052186
1688	C	0.512188	0.039904
1689	U	0.628182	0.026588
1690	G	2.172485	0.071216
1691	U	0.429871	0.030342
1692	U	0.548999	0.025497
1693	U	0.112768	0.036948
1694	C	1.852625	0.150208
1695	U	0.4347	0.025858
1696	U	0.188605	0.032114
1697	C	1.111981	0.138462
1698	U	0.523417	0.036242
1699	U	0.435545	0.022762
1700	U	0.372644	0.034568
1701	C	0.444551	0.041461
1702	C	0.254751	0.041664
1703	U	0.404155	0.023955
1704	A	2.040776	0.04323
1705	U	0.265309	0.022615
1706	U	0.495189	0.022136
1707	G	1.186187	0.044542
1708	U	0.419036	0.025531
1709	U	0.441976	0.030117
1710	C	1.268914	0.069123
1711	U	0.890591	0.058387
1712	U	1.038108	0.033828
1713	U	0.171903	0.017047
1714	G	2.063147	0.043084
1715	U	0.015345	0.016869
1716	G	0.693703	0.02888
1717	U	0.055508	0.016628
1718	G	0.716012	0.079089
1719	A	0.185018	0.022659
1720	C	0.218185	0.033119
1721	C	0.300315	0.055889
1722	A	0.659716	0.045379
1723	U	0.546925	0.029164
1724	U	1.064377	0.028759
1725	U	0.205179	0.027034
1726	U	0.216014	0.028828
1727	C	0.910674	0.043827
1728	U	0.359531	0.024399
1729	U	0.140984	0.014338
1730	G	0.718731	0.069248
1731	G	0.569823	0.049263
1732	U	0.047788	0.028774
1733	C	0.559653	0.076092
1734	A	0.390274	0.022261
1735	U	0.25909	0.020825
1736	G	0.473178	0.042469
1737	U	0.135896	0.022122
1738	U	0.110343	0.017171
1739	G	0.581161	0.03061
1740	U	0.355261	0.047388
1741	C	0.523356	0.072505
1742	C	0.401748	0.056063
1743	C	0.258702	0.058465
1744	U	0.116084	0.031395
1745	U	0.037124	0.028865
1746	A	0.799768	0.043705
1747	C	0.193962	0.03503
1748	C	0.388574	0.073933
1749	C	0.928325	0.128366
1750	U	0.677007	0.041249
1751	U	0.388508	0.05542
1752	C	nan	nan
1753	U	0.645286	0.052993
1754	U	0.891835	0.03989
1755	U	0.186246	0.036979
1756	U	0.156055	0.021831
1757	U	0.10258	0.034729
1758	C	0.606979	0.061625
1759	U	0.728316	0.053388
1760	U	0.277742	0.024486
1761	U	0.164997	0.025736
1762	G	0.593924	0.059404
1763	G	0.694614	0.053165
1764	A	0.485383	0.035373
1765	A	0.734671	0.036259
1766	G	0.694703	0.043348
1767	U	0.455109	0.033715
1768	G	0.766135	0.046171
1769	C	0.240485	0.050175
1770	G	1.217478	0.048972
1771	U	0.237791	0.026526
1772	U	0.755711	0.033981
1773	G	1.255154	0.045043
1774	U	0.321641	0.030659
1775	U	0.254149	0.026345
1776	A	1.490873	0.050905
1777	U	0.305019	0.027462
1778	U	0.319503	0.022222
1779	U	0.119015	0.06496
1780	C	0.364572	0.04891
1781	C	0.459184	0.062039
1782	A	0.708123	0.073571
1783	U	0.500198	0.033066
1784	U	0.368136	0.025716
1785	U	0.414207	0.035724
1786	C	0.257065	0.051565
1787	C	0.403971	0.05206
1788	U	1.296413	0.063403
1789	C	0.416583	0.061751
1790	U	0.868423	0.054689
1791	U	0.326119	0.030693
1792	U	0.359743	0.023954
1793	G	1.302179	0.045094
1794	U	nan	nan
1795	C	0.464929	0.055203
1796	C	0.555303	0.075806
1797	A	0.785411	0.040862
1798	U	0.100473	0.021869
1799	U	0.481377	0.032121
1800	G	0.789693	0.062378
1801	A	0.394309	0.029924
1802	G	0.922591	0.045154
1803	U	0.010558	0.103893
1804	C	0.518058	0.057761
1805	C	0.281381	0.065812
1806	A	0.604846	0.030944
1807	U	0.409782	0.033434
1808	C	0.163742	0.084288
1809	A	1.312489	0.042926
1810	C	0.090976	0.029293
1811	A	0.523428	0.036598
1812	U	0.504092	0.045577
1813	C	0.416637	0.069077
1814	C	0.429424	0.059501
1815	C	0.37443	0.046289
1816	U	0.135237	0.027338
1817	G	0.718042	0.093498
1818	A	0.416104	0.028201
1819	G	0.449825	0.036196
1820	U	0.574047	0.049609
1821	A	0.198381	0.022482
1822	A	0.634787	0.030832
1823	A	0.552501	0.027731
1824	U	0.169296	0.049168
1825	C	0.525544	0.056361
1826	U	0.461018	0.03092
1827	A	0.8413	0.034622
1828	U	0.447512	0.03726
1829	U	0.267802	0.022684
1830	A	0.177062	0.021509
1831	G	0.850592	0.045761
1832	C	0.22091	0.045175
1833	C	0.205844	0.060071
1834	U	0.40761	0.031601
1835	U	0.525304	0.042541
1836	C	0.554327	0.188238
1837	C	0.490688	0.104013
1838	U	0.397529	0.030387
1839	G	0.960858	0.07269
1840	A	0.60781	0.032989
1841	U	0.211827	0.032009
1842	U	0.301988	0.027582
1843	C	0.843989	0.072567
1844	A	0.668898	0.038015
1845	U	0.176364	0.025175
1846	U	0.444625	0.027938
1847	A	0.113591	0.023488
1848	G	0.832487	0.042976
1849	C	0.206327	0.041416
1850	C	0.313268	0.051592
1851	G	1.149942	0.051102
1852	U	0.227785	0.023679
1853	U	1.099189	0.042141
1854	A	0.355499	0.023821
1855	A	0.189424	0.015928
1856	A	0.245254	0.020611
1857	C	0.195876	0.03293
1858	C	0.481491	0.105404
1859	G	0.69515	0.059713
1860	U	0.050237	0.022191
1861	U	0.345861	0.027075
1862	C	0.784472	0.09307
1863	G	0.769103	0.086585
1864	A	1.127205	0.035142
1865	U	0.127675	0.036605
1866	C	0.277822	0.047891
1867	U	0.075966	0.02073
1868	G	0.446089	0.047794
1869	A	0.13482	0.01861
1870	A	0.190725	0.019173
1871	G	0.311702	0.051902
1872	A	0.273728	0.025908
1873	C	0.193127	0.041089
1874	C	0.324667	0.047713
1875	U	1.169059	0.064604
1876	C	0.309719	0.041669
1877	U	0.290699	0.021797
1878	A	1.607433	0.043716
1879	U	0.289579	0.021115
1880	A	0.744789	0.034038
1881	G	0.945672	0.039647
1882	U	1.387007	0.043049
1883	G	0.632892	0.037735
1884	U	0.775479	0.031465
1885	U	0.144747	0.016274
1886	A	0.402049	0.023497
1887	G	0.519215	0.04351
1888	C	0.192298	0.039152
1889	C	0.556222	0.051249
1890	A	1.100556	0.032838
1891	A	0.582087	0.028575
1892	U	0.778975	0.030092
1893	G	0.736523	0.050175
1894	C	0.261578	0.029084
1895	A	0.744437	0.028872
1896	G	0.843695	0.039855
1897	U	0.448534	0.030776
1898	U	0.418777	0.023562
1899	G	0.363718	0.036447
1900	C	0.188117	0.027987
1901	A	0.515018	0.026596
1902	G	0.729003	0.042589
1903	C	0.399886	0.029596
1904	C	0.545454	0.04618
1905	G	0.718959	0.050738
1906	G	0.638477	0.054653
1907	C	0.060989	0.036855
1908	U	0.089642	0.020226
1909	G	0.74679	0.058334
1910	A	0.623598	0.030896
1911	U	0.476838	0.025935
1912	U	0.460755	0.032765
1913	C	0.720673	0.058414
1914	C	0.350196	0.04311
1915	U	0.776117	0.03112
1916	G	2.03226	0.066
1917	U	2.100299	0.05253
1918	U	0.705594	0.027181
1919	U	0.997798	0.031137
1920	A	1.607932	0.038009
1921	A	0.919806	0.029664
1922	U	0.504757	0.024323
1923	G	1.708406	0.041467
1924	U	0.393158	0.056115
1925	C	0.906632	0.053237
1926	C	0.963077	0.05496
1927	A	1.410549	0.035826
1928	A	0.955728	0.029426
1929	U	0.572972	0.027672
1930	C	0.930106	0.054186
1931	A	0.774445	0.026262
1932	U	1.482425	0.035425
1933	A	0.502591	0.024756
1934	G	0.597299	0.053299
1935	G	0.735185	0.039765
1936	U	0.186669	0.04716
1937	C	0.468256	0.050984
1938	U	1.01184	0.03172
1939	G	0.881101	0.045368
1940	G	0.347611	0.034299
1941	C	0.209244	0.040558
1942	G	0.328247	0.075835
1943	G	nan	nan
1944	C	0.110975	0.114984
1945	C	0.101879	0.044864
1946	U	0.135819	0.01968
1947	U	0.223006	0.022033
1948	G	1.62078	0.05953
1949	G	0.973041	0.054257
1950	G	0.904249	0.040938
1951	U	0.52056	0.026727
1952	C	0.398739	0.068523
1953	A	0.372181	0.022725
1954	G	0.257362	0.033141
1955	C	0.244057	0.027743
1956	U	2.225805	0.043659
1957	U	3.462534	0.051264
1958	G	1.092694	0.032842
1959	U	nan	nan
1960	C	0.388806	0.045915
1961	C	0.448954	0.06151
1962	A	0.871144	0.028337
1963	C	0.304783	0.021644
1964	U	1.238265	0.041241
1965	C	0.250895	0.076231
1966	U	0.610712	0.029167
1967	U	0.912266	0.031637
1968	G	1.155579	0.055
1969	U	1.504654	0.052786
1970	U	0.08978	0.016808
1971	U	0.010126	0.012151
1972	G	1.655957	0.044001
1973	U	0.041939	0.021182
1974	U	0.25053	0.018274
1975	G	0.935006	0.054904
1976	A	0.683606	0.027876
1977	A	1.037663	0.029822
1978	U	0.260007	0.018283
1979	G	1.151226	0.063975
1980	A	0.421232	0.023236
1981	C	0.293282	0.049779
1982	U	1.520948	0.037084
1983	U	0.108487	0.047065
1984	C	0.526583	0.037074
1985	C	0.385818	0.056155
1986	A	1.239754	0.031317
1987	U	0.716001	0.028147
1988	C	0.602403	0.042847
1989	G	1.375125	0.06057
1990	U	0.333311	0.02765
1991	U	0.640438	0.030823
1992	U	0.90484	0.029485
1993	C	0.710073	0.048923
1994	A	0.831509	0.026099
1995	A	0.439948	0.020496
1996	G	1.160586	0.056604
1997	A	0.151892	0.01842
1998	C	1.135253	0.037993
1999	A	0.192412	0.013808
2000	C	0.389324	0.033339
2001	G	1.092029	0.055148
2002	A	0.521895	0.023938
2003	G	nan	nan
2004	U	0.754804	0.035585
2005	U	0.316124	0.021755
2006	U	0.150017	0.018327
2007	U	0.517564	0.025182
2008	C	0.478465	0.046551
2009	A	0.77737	0.029485
2010	A	0.741162	0.024268
2011	A	0.24421	0.021633
2012	G	0.866616	0.043633
2013	A	0.440693	0.026411
2014	U	0.368495	0.022843
2015	U	0.284639	0.032154
2016	C	0.393008	0.047289
2017	C	0.394703	0.037558
2018	U	0.759645	0.028373
2019	G	1.216886	0.05529
2020	G	0.77289	0.057746
2021	G	1.146296	0.044533
2022	U	1.861552	0.042287
2023	G	0.56653	0.050291
2024	G	0.325955	0.045218
2025	G	0.469643	0.09264
2026	A	0.637462	0.029312
2027	C	0.174953	0.03666
2028	U	0.541329	0.035492
2029	C	0.005368	0.131829
2030	U	0.737102	0.028369
2031	U	0.374545	0.023076
2032	C	0.355651	0.043001
2033	A	0.696265	0.026922
2034	A	0.474466	0.024013
2035	G	0.575902	0.056842
2036	G	0.954326	0.069257
2037	A	1.118587	0.03405
2038	A	0.962113	0.02824
2039	A	0.329682	0.024678
2040	G	0.398891	0.038308
2041	C	0.026423	0.112068
2042	C	0.446923	0.038639
2043	A	1.06844	0.030359
2044	C	0.316729	0.028826
2045	U	0.888489	0.028667
2046	G	1.015439	0.039124
2047	C	0.174614	0.036348
2048	U	0.941275	0.03069
2049	U	0.393823	0.045154
2050	C	0.399186	0.061228
2051	C	0.529321	0.041633
2052	A	0.970343	0.032648
2053	G	0.956925	0.050296
2054	G	1.622995	0.060542
2055	A	0.336068	0.023837
2056	C	1.023152	0.033945
2057	A	0.04408	0.022261
2058	C	0.309646	0.026042
2059	A	0.810958	0.025388
2060	A	0.79497	0.025868
2061	U	0.498607	0.030752
2062	C	0.612834	0.038313
2063	U	0.474	0.020993
2064	G	2.105227	0.064444
2065	U	0.268328	0.051484
2066	U	1.515391	0.033304
2067	U	0.077592	0.012036
2068	G	1.302698	0.031201
2069	U	0.104408	0.01548
2070	G	0.523298	0.034603
2071	C	nan	nan
2072	A	0.628402	0.021282
2073	U	1.133999	0.028133
2074	A	0.846029	0.023335
2075	U	0.33566	0.03931
2076	C	0.444746	0.044175
2077	C	0.655613	0.079933
2078	A	0.98625	0.025994
2079	C	0.567392	0.029634
2080	U	0.417929	0.02007
2081	U	0.364772	0.020377
2082	G	0.730217	0.04033
2083	G	0.212131	0.039551
2084	C	0.120097	0.02489
2085	U	0.521969	0.025033
2086	C	0.439312	0.050577
2087	A	0.793895	0.024765
2088	U	0.415073	0.01967
2089	U	0.901923	0.024792
2090	A	0.827691	0.023788
2091	U	0.551152	0.028665
2092	C	0.434815	0.064718
2093	C	0.639163	0.042555
2094	U	2.49255	0.040197
2095	C	0.376415	0.044069
2096	A	0.342965	0.019715
2097	G	0.542598	0.037842
2098	G	0.477519	0.042878
2099	C	0.196718	0.046612
2100	A	1.178911	0.02746
2101	A	0.686204	0.025739
2102	U	0.711502	0.022755
2103	G	1.151577	0.04673
2104	G	1.304134	0.033947
2105	U	0.134437	0.072281
2106	C	0.454592	0.042273
2107	C	0.378073	0.049079
2108	A	0.582126	0.020585
2109	U	0.730998	0.02845
2110	C	0.567934	0.038041
2111	A	0.921381	0.049184
2112	A	0.833376	0.02832
2113	U	0.277363	0.021903
2114	U	0.526439	0.021465
2115	G	0.398457	0.043625
2116	G	0.779519	0.04501
2117	G	0.625512	0.043791
2118	U	0.291094	0.019284
2119	U	0.796829	0.022155
2120	A	0.655494	0.021006
2121	A	1.253351	0.028108
2122	G	1.102693	0.046091
2123	U	0.202868	0.018438
2124	U	0.860424	0.030599
2125	G	0.601547	0.046685
2126	G	1.603643	0.048207
2127	G	0.581091	0.040431
2128	G	0.826791	0.031504
2129	U	0.525077	0.027762
2130	G	0.322574	0.028717
2131	C	0.14652	0.033099
2132	U	0.46361	0.041206
2133	C	0.488324	0.042785
2134	C	0.397979	0.043724
2135	A	0.453487	0.019934
2136	G	0.864977	0.092007
2137	U	0.183084	0.023136
2138	U	0.808942	0.02511
2139	U	0.54538	0.034107
2140	C	0.733604	0.034409
2141	U	0.392072	0.020119
2142	G	2.007596	0.040313
2143	U	0.043264	0.012742
2144	G	1.069324	0.082501
2145	U	0.287258	0.028976
2146	U	0.721098	0.023729
2147	U	0.038784	0.011698
2148	G	1.003688	0.055905
2149	U	0.513578	0.029886
2150	U	0.271469	0.017486
2151	U	0.175961	0.01566
2152	U	0.365213	0.077509
2153	C	0.519517	0.041779
2154	C	0.55225	0.059559
2155	A	1.2079	0.05739
2156	U	0.357542	0.030635
2157	U	0.225929	0.024781
2158	U	0.852851	0.055037
2159	C	0.514922	0.050726
2160	C	0.42008	0.044282
2161	C	0.259711	0.062744
2162	C	nan	nan
2163	U	0.546695	0.050449
2164	U	0.332909	0.044803
2165	U	0.261819	0.023764
2166	U	0.305708	0.035734
2167	C	0.54637	0.045714
2168	U	0.459548	0.026929
2169	G	1.136462	0.057158
2170	A	0.823815	0.03294
2171	A	0.47653	0.02604
2172	U	1.487566	0.046184
2173	A	0.574792	0.027583
2174	U	0.389207	0.025977
2175	U	0.228218	0.028744
2176	G	1.049373	0.051602
2177	A	1.038091	0.037486
2178	U	0.370368	0.024199
2179	G	2.28347	0.051925
2180	U	0.030928	0.028991
2181	G	1.336588	0.054703
2182	U	0.870005	0.03483
2183	U	0.484529	0.032837
2184	C	1.211596	0.059973
2185	U	0.09806	0.022796
2186	G	1.378611	0.08521
2187	U	0.670529	0.033725
2188	U	0.302389	0.023837
2189	G	0.763711	0.05786
2190	A	0.41337	0.02565
2191	C	0.436964	0.026189
2192	U	0.211213	0.018047
2193	G	1.602177	0.037945
2194	U	0.060494	0.015988
2195	G	1.063075	0.031573
2196	U	0.038035	0.075863
2197	C	0.611468	0.043177
2198	C	0.320032	0.04194
2199	A	0.730066	0.022685
2200	U	0.374932	0.017349
2201	G	0.823878	0.062057
2202	G	0.928096	0.035072
2203	U	0.913969	0.026814
2204	G	0.816858	0.026901
2205	U	0.256792	0.018216
2206	A	0.958293	0.025612
2207	U	0.444263	0.026877
2208	C	0.442951	0.037853
2209	C	0.544403	0.038454
2210	U	0.60335	0.022441
2211	G	1.587952	0.045774
2212	U	0.650567	0.025491
2213	U	0.67351	0.028231
2214	C	0.784296	0.048671
2215	C	0.398321	0.049449
2216	U	0.532783	0.021461
2217	G	1.216388	0.037206
2218	U	0.682689	0.026573
2219	U	0.052633	0.045879
2220	C	0.525405	0.046344
2221	C	0.390124	0.039391
2222	A	0.609578	0.021114
2223	U	0.436774	0.019812
2224	G	0.648411	0.03864
2225	G	0.600581	0.062754
2226	C	0.186057	0.021587
2227	U	0.586235	0.023489
2228	G	1.02287	0.029956
2229	U	0.558646	0.022123
2230	A	1.22595	0.029732
2231	U	0.393254	0.019084
2232	G	0.70196	0.037681
2233	G	0.81818	0.038398
2234	A	1.121789	0.030088
2235	G	0.525639	0.039424
2236	G	0.356612	0.038157
2237	A	0.754573	0.027818
2238	U	0.163558	0.029563
2239	C	1.086623	0.042057
2240	U	0.260048	0.031149
2241	C	0.420533	0.038785
2242	C	0.260966	0.040813
2243	A	0.505389	0.022333
2244	G	1.209045	0.032665
2245	U	0.21532	0.017307
2246	A	1.905117	0.044748
2247	U	0.038685	0.012307
2248	A	0.811625	0.023252
2249	U	0.659818	0.024451
2250	G	1.272645	0.053448
2251	G	0.613059	0.041057
2252	G	1.092013	0.051075
2253	A	1.300486	0.031285
2254	A	0.832916	0.024764
2255	U	0.682275	0.022754
2256	G	1.801358	0.036371
2257	U	0.805551	0.023285
2258	G	3.921204	0.069398
2259	G	0.57259	0.028995
2260	U	0.81362	0.024946
2261	G	0.485888	0.034349
2262	C	0.188236	0.026823
2263	U	0.740451	0.024605
2264	U	0.555812	0.020734
2265	A	1.174257	0.027661
2266	U	1.086423	0.026912
2267	G	1.116052	0.046479
2268	G	0.269153	0.041643
2269	C	0.093789	0.022253
2270	A	1.035779	0.062317
2271	U	0.631648	0.040834
2272	U	0.765726	0.030865
2273	U	0.516541	0.028813
2274	U	0.656334	0.021672
2275	G	0.273325	0.031479
2276	C	0.880244	0.033887
2277	G	0.416265	0.03553
2278	C	0.274801	0.032262
2279	U	0.316179	0.023354
2280	G	1.174696	0.047464
2281	G	0.877482	0.057683
2282	A	0.947521	0.045011
2283	A	0.34973	0.116222
2284	U	0.481071	0.044666
2285	C	0.792592	0.106134
2286	U	1.366084	0.058798
2287	U	0.276086	0.036564
2288	C	0.451953	0.067253
2289	A	0.896241	0.056245
2290	A	0.461458	0.04754
2291	G	3.516156	0.179388
2292	A	0.113838	0.112593
2293	A	2.75618	0.109853
2294	A	0.287782	0.047017
2295	A	0.296445	0.052248
2296	G	1.012871	0.100057
2297	C	1.260938	0.128677
2298	A	0.549958	0.107608
2299	A	0.679399	0.057915
2300	A	0.247833	0.054252
2301	G	1.846958	0.114912
2302	U	0.908354	0.071241
2303	C	1.09532	0.165672
2304	G	0.870976	0.129727
2305	G	1.079328	0.119476
2306	A	0.564171	0.079303
2307	U	0.147754	0.040531
2308	U	0.152041	0.041892
2309	G	0.461384	0.180094
2310	A	0.100204	0.033604
2311	C	0.136916	0.053717
2312	A	0.237376	0.044424
2313	U	nan	nan
2314	C	1.172497	0.122808
2315	C	0.413794	0.220176
2316	A	1.111632	0.095157
2317	U	0.422683	0.064038
2318	U	0.98039	0.081241
2319	C	0.685527	0.154173
2320	A	0.096023	0.048417
2321	A	1.297826	0.091678
2322	A	0.630027	0.078745
2323	U	0.333224	0.068296
2324	G	0.994353	0.17721
2325	G	2.434928	0.279432
2326	U	0.749578	0.158044
2327	U	0.547983	0.100101
2328	U	0.289911	0.096504
2329	G	0.292331	0.117171
2330	C	0.097868	0.120677
2331	C	0.557894	0.211676
2332	U	0.13462	0.428122
2333	G	0.13097	0.872561
2334	C	0.1095	0.561239
2335	U	nan	nan
2336	U	0.598812	0.373802
2337	U	0.399137	0.443581
2338	C	nan	nan
2339	G	nan	nan
2340	C	nan	nan
2341	U	nan	nan
