Nucleotide	Sequence	Norm_profile	Norm_stderr
1	A	nan	nan
2	G	nan	nan
3	U	nan	nan
4	A	nan	nan
5	G	nan	nan
6	A	0.096291	0.568736
7	A	0.967325	0.349959
8	A	0.496654	0.300108
9	C	0.205482	0.407697
10	A	1.103799	0.7096
11	A	0.049849	0.376828
12	G	nan	nan
13	G	nan	nan
14	U	0.049188	0.043383
15	C	0.429195	0.123026
16	G	0.580411	0.132248
17	U	0.291262	0.049234
18	U	0.154218	0.049692
19	U	0.013706	0.024822
20	U	0.280651	0.05167
21	U	0.298458	0.063865
22	A	0.102424	0.022128
23	A	0.203816	0.024451
24	A	0.034975	0.015506
25	C	nan	nan
26	A	0.198067	0.052007
27	A	0.364489	0.027053
28	U	0.193347	0.023433
29	U	0.996876	0.193664
30	C	0.530468	0.071323
31	G	1.044263	0.070648
32	A	0.038962	0.021323
33	C	0.359246	0.046574
34	A	0.033685	0.020377
35	C	0.123002	0.02109
36	U	0.179169	0.047258
37	A	0.323031	0.019291
38	A	0.314456	0.022933
39	U	0.04931	0.015223
40	U	0.091894	0.074717
41	G	0.394241	0.036066
42	A	0.164128	0.029002
43	U	1.133132	0.032014
44	G	0.154718	0.065485
45	G	0.22697	0.049274
46	C	0.130251	0.030832
47	C	0.275884	0.041697
48	A	0.045955	0.022121
49	U	0.26294	0.041609
50	C	0.198602	0.085667
51	C	0.484835	0.072922
52	G	0.611009	0.046113
53	A	0.143558	0.013002
54	A	0.234348	0.021563
55	U	0.119379	0.017191
56	U	0.122401	0.038034
57	C	0.32294	0.06851
58	U	0.566686	0.044946
59	U	0.477668	0.020857
60	U	nan	nan
61	U	0.316453	0.027553
62	G	0.534965	0.052878
63	G	0.236582	0.033588
64	U	0.08675	0.034974
65	C	0.694789	0.063746
66	G	0.307798	0.033032
67	C	0.062386	0.025026
68	U	0.245912	0.017034
69	G	0.436669	0.021688
70	U	0.147052	0.024805
71	C	0.443517	0.048439
72	U	0.08839	0.017078
73	G	0.335754	0.031315
74	G	0.267393	0.045338
75	C	0.063356	0.032092
76	U	0.084125	0.016921
77	G	0.265253	0.021421
78	U	0.105996	0.026302
79	C	0.653747	0.054093
80	A	0.147935	0.015138
81	G	0.377393	0.018904
82	U	0.014487	0.017447
83	A	0.292368	0.023097
84	A	0.057269	0.015887
85	G	0.294094	0.017839
86	U	0.544037	0.019227
87	A	0.497573	0.017328
88	U	0.266176	0.016326
89	G	0.31194	0.025945
90	C	0.087805	0.027013
91	U	0.296868	0.031801
92	A	0.169998	0.01395
93	G	1.297122	0.038753
94	A	0.276591	0.020373
95	G	1.09697	0.029793
96	U	0.383573	0.027071
97	C	0.506709	0.037921
98	C	0.417887	0.039849
99	C	0.291163	0.034904
100	G	0.468014	0.032413
101	C	0.081219	0.055356
102	U	0.37749	0.018499
103	U	0.269807	0.026062
104	C	0.361917	0.036166
105	C	0.23999	0.040641
106	G	0.741392	0.05457
107	U	0.097183	0.026181
108	U	0.284944	0.017976
109	U	0.293774	0.019187
110	C	0.498991	0.037232
111	A	0.773101	0.021746
112	U	0.533553	0.019529
113	U	0.37265	0.018953
114	A	0.486318	0.021058
115	C	0.297207	0.023457
116	C	0.407378	0.048818
117	A	0.531118	0.027518
118	A	0.482836	0.022394
119	C	0.706079	0.026607
120	A	0.469197	0.022776
121	C	0.542262	0.028484
122	C	0.370635	0.046131
123	A	0.604285	0.023659
124	C	0.136157	0.026039
125	G	1.041658	0.033336
126	U	0.057095	0.049033
127	C	0.440107	0.039027
128	U	0.261634	0.041138
129	C	0.407401	0.043227
130	C	0.191213	0.047933
131	U	0.151884	0.035689
132	U	0.344376	0.025481
133	G	0.786982	0.038174
134	C	nan	nan
135	C	0.36309	0.042808
136	C	0.295767	0.073271
137	A	0.45881	0.026
138	A	0.892853	0.030868
139	U	0.110277	0.019938
140	U	0.294312	0.022683
141	A	0.20419	0.023293
142	G	0.329721	0.047527
143	C	0.195926	0.037687
144	A	1.015536	0.030985
145	C	0.124103	0.042156
146	A	0.776902	0.028797
147	U	0.098322	0.018543
148	U	0.164526	0.01827
149	A	0.185871	0.024865
150	G	0.621605	0.035679
151	C	0.073564	0.055375
152	C	0.485659	0.095999
153	U	1.893203	0.048325
154	U	0.566409	0.041991
155	C	0.712554	0.041328
156	U	0.131842	0.056406
157	C	0.474136	0.088038
158	U	0.734313	0.050863
159	C	0.360903	0.054359
160	C	0.467049	0.062618
161	C	0.5571	0.062829
162	U	0.627608	0.029709
163	U	0.139284	0.025558
164	C	0.425108	0.049568
165	G	0.979318	0.045095
166	C	0.107223	0.031819
167	A	0.496207	0.023636
168	A	0.254043	0.020811
169	G	1.253661	0.049467
170	A	0.54584	0.039294
171	U	0.086644	0.045068
172	U	1.160299	0.035036
173	U	0.039746	0.031447
174	C	1.518466	0.050996
175	U	0.52032	0.030016
176	C	0.63569	0.050553
177	A	0.216414	0.020921
178	G	0.980758	0.043892
179	U	1.272509	0.039047
180	U	0.244726	0.023197
181	C	0.615021	0.06395
182	A	1.029661	0.032458
183	U	0.119766	0.022231
184	U	0.585161	0.025774
185	G	1.433395	0.051353
186	A	0.929658	0.029803
187	U	0.532343	0.022024
188	G	0.701765	0.038811
189	C	0.259848	0.036295
190	U	0.428453	0.025085
191	U	0.432961	0.025689
192	A	0.845974	0.027116
193	A	0.158244	0.015068
194	C	0.386539	0.030634
195	G	0.675979	0.043861
196	C	0.296488	0.029119
197	U	0.907838	0.032928
198	G	0.386172	0.045531
199	G	0.614434	0.049814
200	G	0.282147	0.073469
201	C	0.278069	0.058586
202	C	0.404233	0.041742
203	A	0.263409	0.022257
204	U	0.639228	0.031978
205	A	1.764379	0.040708
206	U	0.066531	0.032728
207	C	0.959681	0.04325
208	U	0.021621	0.035199
209	C	0.311401	0.088794
210	U	0.41666	0.024286
211	U	0.219866	0.017494
212	G	1.152603	0.078003
213	U	0.674563	0.03328
214	U	0.356374	0.021031
215	U	0.19991	0.020194
216	U	0.152891	0.038648
217	C	0.42024	0.053139
218	C	0.285001	0.044155
219	U	0.281403	0.0244
220	U	0.311086	0.029134
221	G	0.802867	0.04285
222	C	0.167502	0.045691
223	C	0.485054	0.058987
224	C	0.633099	0.105521
225	A	0.51712	0.023374
226	A	1.287197	0.031065
227	A	0.155508	0.016243
228	A	0.708793	0.025816
229	U	0.39713	0.026637
230	G	0.52228	0.041187
231	A	0.201806	0.036943
232	G	0.552493	0.043435
233	G	0.453768	0.100534
234	A	0.362816	0.02055
235	A	0.566978	0.023482
236	U	0.198271	0.037556
237	C	0.513496	0.055795
238	C	0.237215	0.057429
239	U	0.588876	0.040756
240	C	0.151483	0.043976
241	U	0.921114	0.03151
242	C	0.494617	0.059723
243	A	0.488394	0.022267
244	G	1.285711	0.059126
245	A	0.928988	0.031703
246	A	0.893875	0.026436
247	C	0.307706	0.024201
248	A	0.148	0.029755
249	G	1.338261	0.046642
250	C	0.077043	0.030926
251	A	0.37825	0.020921
252	G	0.995243	0.052309
253	A	0.394402	0.023792
254	C	0.230083	0.042146
255	U	0.558774	0.050695
256	C	0.484183	0.045035
257	C	0.701502	0.041995
258	A	0.724675	0.027111
259	C	0.191297	0.019974
260	U	0.979792	0.042602
261	C	0.575484	0.06427
262	C	0.325788	0.051722
263	A	0.260974	0.023505
264	G	0.604295	0.042584
265	C	0.339895	0.027599
266	U	0.549048	0.034745
267	G	1.207	0.036173
268	U	0.447047	0.022817
269	G	0.78818	0.047458
270	C	0.181872	0.038604
271	C	0.360494	0.057676
272	U	0.375116	0.034787
273	U	0.796765	0.031409
274	C	0.267925	0.047581
275	A	1.499175	0.036078
276	U	0.251	0.039697
277	C	0.603845	0.037786
278	U	0.481251	0.02682
279	G	0.706409	0.050313
280	G	0.594039	0.051851
281	G	1.17211	0.041722
282	U	0.152342	0.040167
283	C	0.743626	0.063823
284	U	1.698088	0.041167
285	U	1.382855	0.034226
286	C	0.536493	0.045523
287	G	0.822672	0.057004
288	G	0.653972	0.036518
289	U	0.049793	0.019648
290	U	0.756386	0.026541
291	A	0.649765	0.028915
292	A	0.306928	0.017493
293	U	0.386809	0.020027
294	G	0.206897	0.032154
295	C	0.08615	0.031749
296	A	0.75966	0.026262
297	C	0.406538	0.027206
298	C	0.217946	0.039493
299	U	0.267059	0.021858
300	G	0.265983	0.033796
301	C	0.074159	0.026335
302	A	0.326519	0.018785
303	U	0.204619	0.039536
304	C	0.734028	0.085055
305	U	0.461905	0.043251
306	U	0.958279	0.030417
307	U	0.389157	0.0192
308	U	0.257766	0.044419
309	C	0.433239	0.039003
310	C	0.493189	0.042678
311	G	0.442109	0.042204
312	A	0.465196	0.02203
313	G	0.841788	0.055789
314	G	0.601078	0.064043
315	A	0.498604	0.032922
316	C	0.128695	0.027025
317	U	0.115514	0.018708
318	G	1.581932	0.035004
319	U	0.25172	0.019764
320	G	0.524608	0.040478
321	A	0.329512	0.019457
322	G	0.14104	0.031141
323	C	0.22709	0.035184
324	C	0.190157	0.063108
325	U	2.194949	0.057985
326	C	1.594237	0.174783
327	U	0.905805	0.049151
328	U	0.597556	0.022794
329	U	0.791258	0.025359
330	G	1.555796	0.035693
331	U	0.727313	0.025487
332	G	0.641982	0.039174
333	G	0.41326	0.056718
334	C	0.268895	0.056761
335	C	0.372986	0.045539
336	U	0.243188	0.022508
337	U	0.274494	0.018658
338	G	1.833374	0.047499
339	U	0.174446	0.020213
340	U	0.02938	0.012178
341	G	1.105139	0.031882
342	U	0.459675	0.022306
343	A	1.077859	0.027283
344	A	1.032119	0.028313
345	U	0.033622	0.014129
346	U	0.256442	0.01767
347	G	1.514369	0.057493
348	A	0.083523	0.021055
349	A	1.019626	0.027884
350	A	0.116673	0.014118
351	A	0.133379	0.016899
352	C	0.267181	0.024105
353	U	0.502177	0.026085
354	G	1.429777	0.049849
355	G	1.30841	0.049004
356	A	1.764055	0.043958
357	G	1.534923	0.067694
358	A	0.916034	0.029076
359	A	1.196123	0.036745
360	U	0.20551	0.02035
361	U	0.34272	0.017558
362	G	0.598393	0.029757
363	C	0.209696	0.052339
364	C	0.239601	0.048316
365	U	0.389656	0.043019
366	C	0.317431	0.056146
367	U	0.352631	0.022943
368	U	0.365394	0.01873
369	A	1.449083	0.030867
370	U	0.119589	0.01426
371	U	0.10417	0.012297
372	A	0.318546	0.018759
373	G	1.146456	0.032569
374	U	0.070957	0.019272
375	A	1.046372	0.027401
376	U	0.44052	0.030093
377	C	0.257581	0.056416
378	C	0.576397	0.041848
379	U	0.894277	0.032353
380	C	0.465593	0.039995
381	A	1.679095	0.039146
382	U	0.982232	0.03397
383	U	0.59361	0.030585
384	C	0.656309	0.051041
385	C	0.497221	0.043605
386	U	0.458209	0.027324
387	G	0.514365	0.051841
388	A	0.979777	0.039876
389	C	0.257171	0.030995
390	C	0.361702	0.065948
391	C	0.266048	0.060432
392	U	0.620157	0.046036
393	C	0.141787	0.042885
394	U	0.236558	0.028351
395	C	0.291046	0.064397
396	A	0.778188	0.030426
397	C	0.10461	0.024623
398	A	0.475272	0.026082
399	U	0.385838	0.029475
400	U	0.362149	0.027352
401	C	0.579367	0.070109
402	A	0.726692	0.036654
403	C	0.127442	0.021085
404	A	0.094685	0.021157
405	G	0.885291	0.041605
406	U	0.430986	0.02778
407	U	1.152232	0.037593
408	A	1.166216	0.036048
409	G	1.810708	0.070049
410	G	0.823246	0.053132
411	G	0.822697	0.052583
412	A	0.949199	0.034632
413	G	0.699994	0.051299
414	G	0.400374	0.063738
415	A	0.673217	0.030383
416	G	0.948659	0.067062
417	A	0.532942	0.028205
418	A	0.316425	0.024573
419	C	0.257171	0.023747
420	U	0.571919	0.024277
421	G	0.557865	0.039003
422	C	0.158583	0.030399
423	A	0.71325	0.02851
424	U	0.519574	0.037827
425	C	0.410302	0.056458
426	C	0.27789	0.057579
427	U	0.564332	0.025155
428	A	1.287195	0.035997
429	C	0.488171	0.034531
430	U	0.975558	0.060122
431	U	0.660541	0.027823
432	U	0.505181	0.022573
433	G	1.432992	0.050226
434	U	0.772484	0.032254
435	U	0.583246	0.03153
436	C	0.587801	0.05634
437	C	0.397486	0.045712
438	G	0.990138	0.067865
439	G	1.479105	0.041617
440	U	1.029384	0.033227
441	G	0.506254	0.046958
442	G	0.735538	0.06044
443	A	1.158735	0.034185
444	G	0.949092	0.055649
445	C	0.916022	0.035723
446	A	0.068331	0.017305
447	G	0.066263	0.053287
448	C	0.108885	0.023724
449	A	0.065718	0.022382
450	G	0.17604	0.036291
451	C	0.659127	0.038385
452	A	0.67786	0.028656
453	A	1.311519	0.033158
454	A	1.405882	0.036924
455	G	0.813482	0.068186
456	G	2.295469	0.066774
457	G	0.851492	0.051692
458	G	0.580381	0.051417
459	A	1.642452	0.037923
460	G	0.954812	0.064298
461	A	1.181499	0.0344
462	A	0.158658	0.016816
463	G	nan	nan
464	U	0.236761	0.028975
465	U	1.140497	0.040947
466	U	0.126364	0.020703
467	U	0.224183	0.017915
468	A	2.179544	0.042541
469	U	0.037286	0.013961
470	U	0.029406	0.008828
471	A	0.691267	0.025823
472	U	0.298788	0.036253
473	C	0.665138	0.044421
474	U	0.251853	0.019449
475	G	0.856656	0.067114
476	A	0.905777	0.029959
477	A	0.373748	0.020705
478	C	0.747293	0.031331
479	A	0.750096	0.029355
480	G	1.244362	0.037309
481	U	1.125865	0.0359
482	G	1.203153	0.036405
483	U	0.549733	0.032226
484	C	0.771079	0.065207
485	A	0.289612	0.019421
486	A	1.396494	0.032765
487	A	1.11133	0.033221
488	U	0.557782	0.022766
489	G	0.91466	0.038309
490	U	0.52607	0.026311
491	U	0.186387	0.041389
492	C	0.756057	0.054147
493	C	0.51991	0.043399
494	A	0.980571	0.026918
495	A	0.329715	0.016709
496	G	0.421938	0.036978
497	C	0.34742	0.024191
498	A	1.028151	0.027458
499	C	0.033986	0.015327
500	A	0.972077	0.029156
501	U	0.129551	0.028133
502	C	0.788404	0.036914
503	U	0.935844	0.029271
504	C	0.523116	0.048196
505	G	1.23872	0.048379
506	C	0.105638	0.02103
507	A	1.213442	0.033455
508	U	0.725361	0.027911
509	U	0.329623	0.021566
510	U	0.507166	0.019727
511	G	0.611296	0.03618
512	C	0.501262	0.034904
513	U	0.727255	0.024263
514	G	1.113597	0.057866
515	G	0.672229	0.052255
516	A	0.177315	0.013095
517	A	0.421723	0.021627
518	C	0.089273	0.018861
519	A	0.593333	0.022443
520	G	0.744783	0.033503
521	U	0.729005	0.02568
522	G	0.969672	0.056383
523	U	0.570982	0.029097
524	U	0.093869	0.0284
525	C	0.859427	0.052826
526	U	0.386292	0.02537
527	C	0.341127	0.045638
528	A	1.120053	0.028259
529	C	0.37863	0.023261
530	G	1.402372	0.055451
531	A	0.816503	0.024508
532	A	1.205716	0.028423
533	U	0.567563	0.035709
534	C	0.475582	0.043595
535	C	0.538096	0.042733
536	G	1.210754	0.048716
537	C	0.32245	0.022917
538	U	0.55588	0.024381
539	G	1.044344	0.036632
540	U	0.231113	0.017184
541	A	1.417139	0.033945
542	U	0.11511	0.016377
543	U	0.355575	0.018075
544	G	0.73403	0.047998
545	A	0.655047	0.023218
546	C	0.582287	0.035867
547	C	0.278118	0.037221
548	U	0.329427	0.040318
549	C	0.209445	0.029827
550	U	0.303017	0.018393
551	G	0.432061	0.034935
552	G	0.593763	0.041459
553	C	0.215787	0.022128
554	U	0.948464	0.026741
555	G	0.624282	0.04132
556	C	0.323056	0.033637
557	C	0.239925	0.039043
558	U	0.475322	0.023636
559	U	1.123139	0.035627
560	A	1.526735	0.033661
561	G	0.769374	0.052217
562	G	0.536101	0.045089
563	G	0.551453	0.066364
564	A	0.102502	0.035829
565	C	0.261811	0.072334
566	C	0.30114	0.047248
567	A	0.145693	0.021055
568	G	1.342963	0.048495
569	A	0.149675	0.026928
570	G	0.459977	0.043998
571	A	0.223056	0.025311
572	U	0.057048	0.016382
573	U	0.214481	0.017613
574	G	0.711706	0.04675
575	A	0.063772	0.026318
576	A	0.698079	0.022954
577	A	0.797515	0.023845
578	U	0.448468	0.02154
579	G	0.702559	0.041599
580	G	0.201781	0.035743
581	C	0.059352	0.038322
582	U	0.716834	0.027957
583	C	0.43507	0.042124
584	G	1.455055	0.057658
585	A	0.56765	0.022986
586	A	1.222659	0.033706
587	U	0.915997	0.028579
588	U	0.170118	0.035718
589	C	0.492442	0.045863
590	C	0.283172	0.0645
591	A	1.065015	0.028575
592	U	0.536253	0.032101
593	C	0.688227	0.043883
594	U	0.740805	0.034045
595	U	0.345824	0.023887
596	G	1.39422	0.037714
597	U	1.110905	0.039359
598	U	0.015959	0.015367
599	A	1.566286	0.035677
600	U	0.01378	0.020519
601	A	0.35593	0.018497
602	U	0.085547	0.013407
603	A	0.98925	0.026913
604	A	0.196677	0.014988
605	C	0.534046	0.025627
606	A	0.721166	0.024225
607	U	0.153765	0.023994
608	U	0.53355	0.022507
609	G	2.279062	0.041761
610	U	0.916873	0.026786
611	G	0.751437	0.047226
612	G	0.450362	0.038918
613	G	0.384559	0.05216
614	A	0.400191	0.026349
615	U	0.272048	0.031715
616	C	1.262036	0.084809
617	C	0.320032	0.03317
618	U	0.513569	0.022779
619	G	1.181778	0.030024
620	U	0.204998	0.017018
621	G	0.739277	0.050414
622	A	0.457267	0.025547
623	C	0.194908	0.034026
624	C	0.445359	0.041114
625	A	0.493468	0.029321
626	U	0.076867	0.014151
627	U	0.077803	0.014551
628	G	0.728173	0.049204
629	A	0.475751	0.020661
630	A	0.601665	0.030056
631	U	0.401919	0.025332
632	U	0.397771	0.019344
633	U	0.578201	0.072356
634	U	0.272084	0.019178
635	C	0.476139	0.037307
636	A	0.826605	0.022947
637	C	0.112428	0.020913
638	A	0.133767	0.013861
639	G	nan	nan
640	U	0.239837	0.024404
641	U	0.239257	0.061831
642	U	0.340088	0.030498
643	C	0.308383	0.049517
644	C	1.340785	0.113874
645	C	0.475486	0.070391
646	A	0.364916	0.017274
647	G	0.650002	0.032094
648	U	1.152253	0.028963
649	U	0.391165	0.026849
650	C	0.534487	0.042115
651	C	0.317213	0.034488
652	U	0.345385	0.020235
653	G	0.726849	0.034578
654	A	0.792217	0.026759
655	U	0.06222	0.017635
656	G	0.476952	0.052575
657	A	0.40455	0.022264
658	U	0.1448	0.029795
659	C	0.639183	0.05024
660	C	0.605334	0.039666
661	A	0.706846	0.021238
662	U	0.353816	0.028648
663	U	0.222468	0.016036
664	G	1.455366	0.048532
665	G	0.638742	0.027084
666	U	0.133305	0.017936
667	A	1.046418	0.025987
668	A	1.416346	0.028178
669	G	0.366029	0.020712
670	U	0.99257	0.029668
671	A	1.833193	0.032553
672	U	5.182122	0.104991
673	U	0.490554	0.025812
674	G	0.967059	0.051268
675	A	0.439721	0.023429
676	U	0.451742	0.019831
677	C	0.487527	0.041835
678	A	0.229177	0.013872
679	G	0.467937	0.034682
680	C	0.078314	0.038398
681	A	0.983605	0.023698
682	C	0.255569	0.01979
683	U	0.437154	0.018631
684	G	1.801245	0.056227
685	A	0.111292	0.012911
686	C	0.182104	0.032582
687	U	0.448043	0.02172
688	C	0.45796	0.051134
689	A	0.541018	0.025119
690	G	0.838697	0.03856
691	G	0.824045	0.056895
692	A	0.603061	0.023249
693	C	0.212798	0.040436
694	C	0.424132	0.044894
695	A	0.717838	0.023032
696	U	0.079627	0.023691
697	U	0.373152	0.020572
698	G	0.722581	0.045408
699	A	0.765554	0.026879
700	U	0.092527	0.040608
701	C	0.645381	0.041559
702	U	0.53821	0.038159
703	C	0.521404	0.046976
704	C	0.561415	0.049962
705	C	0.4353	0.055023
706	A	0.75413	0.030177
707	C	0.232697	0.02782
708	A	0.385828	0.023002
709	U	0.620693	0.029842
710	C	0.330193	0.047346
711	A	0.725306	0.027074
712	U	0.189594	0.055864
713	U	0.463555	0.02375
714	G	0.747212	0.063002
715	A	0.618874	0.038951
716	U	0.02724	0.019306
717	G	0.518057	0.050763
718	A	0.089845	0.031547
719	U	0.023834	0.026638
720	G	0.930294	0.076318
721	A	1.208212	0.036365
722	A	0.501726	0.022619
723	U	0.977693	0.028115
724	A	0.478529	0.023493
725	A	0.178715	0.018289
726	G	0.893373	0.034501
727	U	0.481577	0.02988
728	U	0.516169	0.022285
729	A	1.595291	0.033441
730	U	0.217976	0.018436
731	U	0.653458	0.02439
732	G	1.469807	0.038073
733	U	0.200357	0.018434
734	U	0.160113	0.023567
735	A	0.285822	0.016557
736	G	0.463353	0.029121
737	C	0.328637	0.049186
738	U	1.629306	0.037533
739	U	0.374491	0.03109
740	C	1.01777	0.036612
741	U	0.178774	0.032653
742	C	0.577306	0.041391
743	C	0.257641	0.036242
744	G	1.44771	0.03777
745	U	0.639104	0.039557
746	C	0.451033	0.04019
747	C	0.375207	0.04313
748	C	0.479997	0.051741
749	U	0.318324	0.021955
750	U	0.33894	0.021487
751	G	1.714786	0.034865
752	U	0.026849	0.01931
753	G	1.063953	0.030536
754	U	0.08536	0.048211
755	C	1.291233	0.048284
756	U	0.520168	0.027097
757	C	0.545574	0.040608
758	G	1.089104	0.040888
759	C	0.336263	0.023626
760	U	0.256108	0.0183
761	G	0.680561	0.063451
762	A	0.35302	0.019958
763	C	0.741661	0.066985
764	U	0.706291	0.024734
765	U	0.47978	0.033625
766	C	0.220221	0.03864
767	C	0.559338	0.0379
768	U	0.95986	0.029487
769	C	0.310997	0.043819
770	G	2.316489	0.058477
771	G	0.926859	0.045971
772	G	0.40967	0.034141
773	U	0.931819	0.035447
774	G	0.377621	0.038211
775	A	0.232075	0.02234
776	U	0.451302	0.020753
777	A	0.459389	0.021408
778	G	1.517901	0.034572
779	U	0.046103	0.040818
780	A	0.03067	0.013645
781	G	0.453539	0.027647
782	U	0.033239	0.019427
783	A	0.062628	0.013975
784	C	0.252489	0.022472
785	A	1.020165	0.029195
786	U	0.420696	0.022037
787	U	0.849465	0.033144
788	C	0.549601	0.041772
789	C	0.228815	0.04509
790	C	0.365804	0.054478
791	U	0.484416	0.026259
792	C	0.290845	0.033226
793	G	1.600147	0.039144
794	U	0.231445	0.021412
795	U	0.654033	0.022855
796	G	0.552426	0.038391
797	A	0.656076	0.022358
798	U	0.6086	0.028071
799	C	0.500836	0.049423
800	C	0.427004	0.049902
801	C	0.285364	0.047878
802	G	0.782808	0.06193
803	A	0.263615	0.016665
804	A	0.42357	0.01822
805	C	0.148369	0.019025
806	U	1.218622	0.034348
807	C	0.360309	0.044975
808	U	0.28237	0.017771
809	U	nan	nan
810	A	0.31493	0.026222
811	A	1.2176	0.028462
812	A	0.37167	0.015242
813	A	0.025535	0.00941
814	A	0.067051	0.010457
815	A	0.26802	0.015864
816	C	0.198645	0.031827
817	G	0.788505	0.045881
818	G	0.929844	0.030883
819	U	0.607085	0.0253
820	C	0.668902	0.048757
821	G	0.554084	0.034881
822	A	0.496294	0.021667
823	U	0.575524	0.020148
824	G	0.45113	0.030966
825	C	0.193856	0.030701
826	U	0.771815	0.028795
827	C	0.565627	0.060781
828	A	0.702893	0.024235
829	C	0.504028	0.028294
830	C	0.567141	0.074566
831	A	0.308534	0.023583
832	C	0.117717	0.10733
833	C	0.359366	0.068791
834	A	0.924465	0.032453
835	C	0.355265	0.028344
836	C	0.295941	0.040189
837	C	0.353619	0.088673
838	U	0.364317	0.03421
839	C	0.185628	0.035996
840	U	0.023367	0.047824
841	C	0.338925	0.037382
842	U	0.626741	0.02378
843	G	0.969026	0.031267
844	U	0.193058	0.017426
845	A	0.598216	0.021343
846	C	0.45815	0.024031
847	U	2.043518	0.035075
848	G	0.470792	0.045943
849	G	0.607928	0.045404
850	A	nan	nan
851	G	0.288503	0.021634
852	U	0.310779	0.020169
853	A	0.823919	0.028748
854	U	0.360993	0.021175
855	U	1.608164	0.033353
856	C	0.458249	0.042363
857	A	1.552767	0.03026
858	U	0.095605	0.035893
859	C	0.322835	0.030104
860	U	0.358273	0.023991
861	A	0.532574	0.02009
862	C	0.1385	0.024172
863	U	0.251943	0.028152
864	C	0.53301	0.063288
865	C	0.278629	0.045491
866	C	0.379385	0.078658
867	A	1.362469	0.030439
868	U	0.199984	0.028511
869	C	0.600417	0.033158
870	U	0.756245	0.025946
871	U	0.528474	0.024047
872	G	0.896247	0.035062
873	C	0.336263	0.026238
874	U	0.557169	0.02166
875	G	1.005396	0.051917
876	A	0.649904	0.024679
877	C	0.152068	0.019885
878	U	0.610992	0.034914
879	C	0.186202	0.05474
880	U	0.742416	0.02737
881	U	0.440632	0.023129
882	A	1.453487	0.037013
883	U	0.32959	0.022838
884	U	1.133523	0.043489
885	C	0.274382	0.064504
886	C	0.43281	0.041834
887	C	0.267253	0.058613
888	C	0.209775	0.040321
889	U	0.513769	0.029198
890	C	0.225553	0.049471
891	A	0.196679	0.018837
892	G	1.077001	0.039409
893	C	0.235871	0.040358
894	G	0.619053	0.055679
895	A	0.336083	0.02152
896	C	0.204388	0.033302
897	A	1.325873	0.033235
898	U	0.302434	0.036614
899	C	1.090511	0.040573
900	U	0.473021	0.027502
901	C	0.395366	0.097206
902	A	0.266082	0.025594
903	G	0.59914	0.030843
904	U	0.554037	0.027706
905	A	1.27751	0.036894
906	C	0.425034	0.046904
907	U	0.549045	0.025791
908	U	0.712569	0.032424
909	G	0.405887	0.060114
910	G	0.999945	0.0551
911	G	0.438794	0.050074
912	G	0.92123	0.042315
913	U	0.458698	0.029825
914	C	0.562839	0.066728
915	A	0.741925	0.026151
916	U	0.439915	0.026975
917	G	1.732787	0.041038
918	U	0.176005	0.020572
919	C	0.477027	0.072229
920	G	0.388554	0.063688
921	G	0.607676	0.087763
922	G	0.194142	0.034534
923	U	0.074932	0.041653
924	A	1.403475	0.03708
925	A	0.894381	0.02818
926	U	1.216149	0.0352
927	A	1.279778	0.033301
928	U	0.551792	0.037513
929	C	0.426343	0.065617
930	C	0.261122	0.075143
931	C	0.529305	0.092158
932	G	0.709774	0.07226
933	A	0.086824	0.014321
934	U	0.115222	0.025231
935	C	0.529675	0.069166
936	A	0.977096	0.030751
937	U	0.47145	0.024421
938	U	0.842761	0.039693
939	C	0.357169	0.076215
940	C	0.248838	0.043419
941	C	0.290822	0.085758
942	A	0.291721	0.017358
943	U	0.343265	0.026695
944	C	0.276285	0.052926
945	A	0.932522	0.028808
946	C	0.069181	0.02176
947	A	1.082148	0.030376
948	U	0.460601	0.036951
949	U	0.300202	0.022142
950	G	1.020186	0.032779
951	U	0.233965	0.024101
952	C	0.959036	0.065559
953	G	3.487225	0.061499
954	A	1.511163	0.035812
955	U	1.073943	0.030978
956	G	0.392035	0.04871
957	G	0.333289	0.046393
958	G	0.293746	0.15726
959	C	0.146495	0.028988
960	U	0.686797	0.031597
961	C	0.286965	0.041867
962	A	0.597395	0.026416
963	A	0.579386	0.028041
964	U	0.492813	0.023839
965	U	1.543529	0.046767
966	C	0.597051	0.070527
967	C	0.345132	0.043776
968	C	0.165281	0.091286
969	C	0.210081	0.044017
970	A	0.293811	0.020986
971	G	1.844342	0.07904
972	U	0.24514	0.032634
973	U	0.184746	0.019199
974	U	0.039665	0.014646
975	U	0.20067	0.01825
976	G	0.613353	0.055691
977	G	0.498638	0.075841
978	A	0.113407	0.036296
979	A	0.400344	0.024555
980	A	0.039694	0.019866
981	A	0.060508	0.023169
982	G	0.499124	0.037092
983	C	0.385508	0.028583
984	A	0.386145	0.031368
985	C	0.199241	0.072437
986	U	0.361503	0.050777
987	U	0.393696	0.033269
988	U	0.190208	0.023796
989	U	0.196053	0.016127
990	G	0.134153	0.031044
991	C	0.078714	0.028807
992	A	0.423264	0.023028
993	U	0.479622	0.047594
994	C	0.246651	0.062045
995	C	nan	nan
996	U	0.615751	0.055051
997	U	0.278745	0.023728
998	U	0.047535	0.012848
999	U	0.025125	0.013356
1000	G	0.507893	0.053559
1001	G	0.434816	0.052914
1002	A	0.652711	0.031087
1003	A	1.382748	0.032884
1004	A	0.447819	0.023983
1005	U	0.469384	0.024794
1006	G	1.190392	0.039026
1007	C	0.217792	0.056543
1008	C	0.246484	0.038316
1009	U	0.505525	0.029024
1010	C	0.396357	0.036449
1011	A	1.037087	0.02898
1012	A	0.424692	0.020417
1013	G	3.55235	0.081419
1014	A	0.156114	0.035828
1015	G	0.382796	0.067983
1016	U	0.094415	0.024132
1017	U	0.382562	0.026259
1018	G	0.855793	0.04738
1019	A	0.498243	0.027314
1020	U	0.24027	0.02611
1021	G	0.285487	0.046688
1022	C	0.342725	0.028519
1023	A	0.763946	0.026048
1024	U	0.587715	0.027338
1025	G	0.526525	0.052284
1026	G	0.95279	0.055938
1027	G	0.33396	0.04696
1028	G	nan	nan
1029	U	0.281012	0.02686
1030	U	0.238737	0.021512
1031	C	0.311756	0.049332
1032	A	0.385794	0.019713
1033	A	1.04019	0.02844
1034	C	0.154391	0.022304
1035	C	0.466361	0.054175
1036	G	1.148045	0.048956
1037	C	0.187525	0.028745
1038	U	0.656931	0.026945
1039	G	0.68839	0.050491
1040	G	0.048821	0.145139
1041	U	0.721847	0.036807
1042	U	0.207912	0.019869
1043	U	0.430609	0.019537
1044	G	0.320047	0.028864
1045	C	0.251994	0.032646
1046	U	0.667216	0.043606
1047	C	0.578534	0.064719
1048	U	0.521497	0.02384
1049	A	1.447257	0.03692
1050	U	0.170045	0.02046
1051	U	0.208258	0.023101
1052	G	1.144281	0.082751
1053	A	nan	nan
1054	C	0.283376	0.037462
1055	A	0.587522	0.024705
1056	A	0.772402	0.023226
1057	A	0.206794	0.022303
1058	G	0.587108	0.03524
1059	U	0.199894	0.019852
1060	U	0.571314	0.021712
1061	C	0.773056	0.063088
1062	A	0.407614	0.020444
1063	G	0.695461	0.041483
1064	G	0.973128	0.030103
1065	U	0.170653	0.02221
1066	C	0.798814	0.048518
1067	A	1.191288	0.025958
1068	C	0.132379	0.02324
1069	C	0.295343	0.031743
1070	U	0.58073	0.02118
1071	C	0.406392	0.040444
1072	G	0.760042	0.049615
1073	A	0.756339	0.020037
1074	A	0.645034	0.020461
1075	C	0.102717	0.037639
1076	U	0.262453	0.015729
1077	G	0.619646	0.034173
1078	C	0.222269	0.04211
1079	U	1.003621	0.031735
1080	U	0.308608	0.016413
1081	U	0.178066	0.013997
1082	G	0.744994	0.045336
1083	A	0.525851	0.019513
1084	U	0.508536	0.020417
1085	C	1.035721	0.045162
1086	A	0.379558	0.015946
1087	U	0.284585	0.025893
1088	G	0.702392	0.033115
1089	C	0.131446	0.023144
1090	A	0.993317	0.023556
1091	A	0.481833	0.018067
1092	U	0.605356	0.027981
1093	C	0.409165	0.044958
1094	C	0.493211	0.034766
1095	U	0.664848	0.035565
1096	C	0.939656	0.105306
1097	U	0.431766	0.018607
1098	U	0.369595	0.017806
1099	G	1.31035	0.0292
1100	U	0.106147	0.016616
1101	G	1.886296	0.050304
1102	A	0.686727	0.022651
1103	A	0.908959	0.022048
1104	A	0.115956	0.012541
1105	A	0.060433	0.011285
1106	U	0.202782	0.016946
1107	A	0.293455	0.015363
1108	C	0.204773	0.019685
1109	C	0.576207	0.040474
1110	A	0.477745	0.018746
1111	U	0.294824	0.022719
1112	G	0.678593	0.033564
1113	G	0.441733	0.0338
1114	C	0.277674	0.036153
1115	C	0.342962	0.028827
1116	A	0.772436	0.020158
1117	C	0.136681	0.020087
1118	A	0.412598	0.015573
1119	A	0.057267	0.011676
1120	U	0.230787	0.014969
1121	U	4.332307	0.054889
1122	A	0.521876	0.017832
1123	U	0.138264	0.014508
1124	U	0.243909	0.012954
1125	G	0.284019	0.024037
1126	C	0.387543	0.071282
1127	U	1.378313	0.026203
1128	U	0.911507	0.022851
1129	C	0.309458	0.039216
1130	A	0.395319	0.018146
1131	G	0.49441	0.032831
1132	C	0.661435	0.057638
1133	A	0.554546	0.016511
1134	A	0.378443	0.025217
1135	U	0.033502	0.018257
1136	U	0.046939	0.012433
1137	G	0.894653	0.056615
1138	A	0.084509	0.015871
1139	C	0.102008	0.025535
1140	U	0.125435	0.013447
1141	G	0.64809	0.031885
1142	U	0.365901	0.019674
1143	U	0.440186	0.019927
1144	C	0.628002	0.067042
1145	G	1.188084	0.041763
1146	U	0.079011	0.085023
1147	C	1.20841	0.045983
1148	U	0.088794	0.070723
1149	C	0.302583	0.052816
1150	U	0.594884	0.041072
1151	C	0.842962	0.048426
1152	C	0.374639	0.039583
1153	C	0.377524	0.055826
1154	A	0.378602	0.029907
1155	C	0.109884	0.028101
1156	U	0.132072	0.023408
1157	U	0.243006	0.023061
1158	A	0.119487	0.019672
1159	C	0.733216	0.02997
1160	U	0.06638	0.021838
1161	A	1.381188	0.033569
1162	U	1.645055	0.042921
1163	U	0.374501	0.021388
1164	A	0.165814	0.021324
1165	G	0.809385	0.041706
1166	C	0.103863	0.043255
1167	U	0.158694	0.023801
1168	G	0.765084	0.055548
1169	A	0.214431	0.021928
1170	A	0.272528	0.0209
1171	U	0.269128	0.058268
1172	C	0.790933	0.052758
1173	A	0.435486	0.021366
1174	A	0.501977	0.022122
1175	U	0.189087	0.053335
1176	C	0.440842	0.038129
1177	U	0.160074	0.032298
1178	C	0.460615	0.048348
1179	C	0.148318	0.056668
1180	U	0.225926	0.02089
1181	G	0.533902	0.049237
1182	G	0.383195	0.066848
1183	U	0.210803	0.02525
1184	U	0.272836	0.01997
1185	G	0.424562	0.042243
1186	C	0.1835	0.101681
1187	C	0.309657	0.089204
1188	U	0.113784	0.038729
1189	U	0.890611	0.028897
1190	U	0.640624	0.039091
1191	C	0.606096	0.04391
1192	U	0.766882	0.029792
1193	G	0.775687	0.042963
1194	A	0.50989	0.028211
1195	G	1.251354	0.05967
1196	G	0.598964	0.062174
1197	A	0.20045	0.023758
1198	U	0.207075	0.022483
1199	A	0.166402	0.023973
1200	G	0.390684	0.039961
1201	C	0.141156	0.032531
1202	U	0.345869	0.021142
1203	G	1.011992	0.042274
1204	U	0.629495	0.028687
1205	U	0.708546	0.023719
1206	G	0.434562	0.031313
1207	C	0.268435	0.040756
1208	U	0.667579	0.042142
1209	C	0.558738	0.094188
1210	U	1.933819	0.043046
1211	U	0.100588	0.10077
1212	C	0.694924	0.039834
1213	U	0.390371	0.041115
1214	C	0.514929	0.053454
1215	C	0.675132	0.057571
1216	C	0.255531	0.060662
1217	A	0.245155	0.018488
1218	A	0.652331	0.025507
1219	C	0.179051	0.043086
1220	C	0.459404	0.06448
1221	A	0.782843	0.030735
1222	U	0.458881	0.023425
1223	U	0.45563	0.021808
1224	G	1.450788	0.041482
1225	U	0.071348	0.022629
1226	G	0.899458	0.057708
1227	A	0.30456	0.026088
1228	A	0.415321	0.024062
1229	C	1.105558	0.03582
1230	U	0.36764	0.032098
1231	C	0.423137	0.076552
1232	U	0.728848	0.035196
1233	U	0.056194	0.022614
1234	C	0.377762	0.040975
1235	A	0.271226	0.019726
1236	U	0.282781	0.023198
1237	A	0.71567	0.032665
1238	C	0.172476	0.036001
1239	C	0.486114	0.061441
1240	C	0.126375	0.060928
1241	C	0.24281	0.041193
1242	U	1.210897	0.038185
1243	C	0.398497	0.042844
1244	A	0.477531	0.026774
1245	U	0.285531	0.021304
1246	G	0.336965	0.049528
1247	C	0.15508	0.036328
1248	A	0.929829	0.029006
1249	C	0.266825	0.035332
1250	U	1.125822	0.033153
1251	C	0.549378	0.051787
1252	G	1.207514	0.037617
1253	U	0.529138	0.024241
1254	A	2.439045	0.046351
1255	U	0.683981	0.036486
1256	U	0.257025	0.020893
1257	U	0.151906	0.021559
1258	U	0.308812	0.022141
1259	C	0.566261	0.046623
1260	A	0.378698	0.020536
1261	G	0.452391	0.025664
1262	U	0.386889	0.027265
1263	G	0.212861	0.060966
1264	U	0.332654	0.037231
1265	U	0.178964	0.062038
1266	U	0.10638	0.016732
1267	G	0.346632	0.037822
1268	A	0.129455	0.031558
1269	A	0.378179	0.051267
1270	G	0.670864	0.050702
1271	G	0.110932	0.087667
1272	U	0.088029	0.024032
1273	U	0.514395	0.022667
1274	G	0.382203	0.03479
1275	C	0.225169	0.041352
1276	C	0.421623	0.048881
1277	G	0.993036	0.057602
1278	G	0.833581	0.034327
1279	U	0.117023	0.022872
1280	A	0.711622	0.025048
1281	A	0.73344	0.025421
1282	G	0.244184	0.036756
1283	C	0.244562	0.028245
1284	A	1.094456	0.032486
1285	C	0.365456	0.076487
1286	U	0.181743	0.021057
1287	U	0.249158	0.032997
1288	C	0.482446	0.075553
1289	U	0.242908	0.021687
1290	U	nan	nan
1291	C	0.379798	0.062595
1292	U	0.787434	0.031048
1293	U	0.062691	0.028144
1294	C	1.361638	0.046604
1295	U	nan	nan
1296	C	0.280359	0.06171
1297	U	0.034583	0.050628
1298	C	0.419213	0.070182
1299	U	0.218416	0.022762
1300	U	0.106516	0.016231
1301	G	0.969553	0.078434
1302	A	0.111617	0.018664
1303	C	0.244994	0.022938
1304	U	0.067311	0.01713
1305	G	0.586965	0.064983
1306	A	0.130248	0.017039
1307	C	0.35228	0.029144
1308	G	0.482036	0.050165
1309	A	0.431553	0.021226
1310	U	0.764235	0.031453
1311	C	0.528065	0.044822
1312	C	0.267571	0.06273
1313	G	0.888448	0.047777
1314	C	0.071554	0.034852
1315	U	0.174389	0.020594
1316	U	0.360087	0.024776
1317	A	0.624193	0.05491
1318	U	0.380221	0.023788
1319	U	0.476248	0.041266
1320	C	0.680554	0.135892
1321	U	0.24791	0.059325
1322	U	1.172858	0.040469
1323	U	0.156003	0.016111
1324	U	0.602831	0.03552
1325	A	0.259501	0.026125
1326	A	0.989373	0.030263
1327	A	0.12008	0.015161
1328	A	0.015718	0.029701
1329	G	0.509472	0.025948
1330	U	0.356907	0.030131
1331	G	1.070907	0.058167
1332	A	0.203485	0.028553
1333	A	0.346979	0.021104
1334	U	0.065033	0.053751
1335	C	0.303748	0.057625
1336	C	0.317397	0.057518
1337	A	0.760253	0.030266
1338	C	0.156588	0.022737
1339	C	0.457576	0.045306
1340	G	0.608763	0.044938
1341	A	0.59372	0.024462
1342	A	0.336947	0.027843
1343	G	0.438971	0.039502
1344	C	nan	nan
1345	U	0.109582	0.027515
1346	G	0.765006	0.050641
1347	A	0.462245	0.028837
1348	A	0.536266	0.022249
1349	A	0.242178	0.024613
1350	G	0.982246	0.042795
1351	A	0.691202	0.025882
1352	U	0.758651	0.028172
1353	G	0.635084	0.073271
1354	A	0.157217	0.023768
1355	G	0.206929	0.033434
1356	C	0.173396	0.030828
1357	U	0.923891	0.026128
1358	A	0.418396	0.023265
1359	A	0.41318	0.018617
1360	U	0.454486	0.027405
1361	C	0.411841	0.050868
1362	C	0.392096	0.042164
1363	U	0.559545	0.027457
1364	C	0.419728	0.035219
1365	A	0.55659	0.025989
1366	A	0.202187	0.018046
1367	G	0.478445	0.034006
1368	C	0.410876	0.03917
1369	C	0.342971	0.067675
1370	C	0.287157	0.040142
1371	A	0.635037	0.026596
1372	U	0.132601	0.020601
1373	U	0.271802	0.018162
1374	G	0.398729	0.029073
1375	C	0.275222	0.036803
1376	U	0.197584	0.016659
1377	G	0.590463	0.044185
1378	C	0.417596	0.056661
1379	C	nan	nan
1380	U	0.635986	0.027576
1381	U	0.425566	0.021177
1382	G	0.391291	0.036913
1383	C	0.392043	0.043115
1384	A	0.043411	0.010383
1385	U	2.233246	0.040626
1386	A	0.128827	0.01287
1387	U	0.224868	0.018754
1388	A	0.559099	0.020492
1389	U	0.261593	0.051048
1390	C	0.347524	0.045881
1391	C	0.49426	0.042526
1392	A	1.341446	0.02944
1393	C	0.172803	0.041169
1394	G	1.00015	0.043219
1395	G	0.589879	0.044162
1396	C	0.281883	0.059006
1397	U	0.200935	0.019897
1398	U	0.567109	0.024434
1399	G	0.80403	0.044728
1400	U	0.248942	0.020799
1401	U	0.432472	0.02641
1402	C	0.347972	0.060748
1403	C	0.455655	0.036368
1404	U	1.007104	0.047036
1405	C	0.370503	0.0334
1406	U	0.321109	0.018656
1407	G	0.789776	0.039125
1408	U	0.625506	0.02768
1409	U	0.516006	0.020489
1410	G	0.57511	0.038524
1411	G	0.50128	0.038336
1412	A	0.589019	0.057887
1413	U	0.362915	0.023593
1414	U	0.472498	0.034109
1415	C	0.402962	0.047711
1416	U	0.564467	0.022164
1417	G	0.963718	0.032595
1418	C	0.071552	0.035156
1419	C	0.348235	0.04626
1420	U	0.468398	0.022434
1421	C	0.24004	0.063553
1422	A	0.137347	0.020044
1423	G	0.591315	0.038216
1424	G	1.062083	0.044994
1425	A	0.505531	0.021457
1426	U	0.177373	0.015876
1427	G	0.582899	0.025442
1428	U	nan	nan
1429	C	0.312458	0.044962
1430	U	0.262703	0.018
1431	A	0.543416	0.020457
1432	C	0.266397	0.022632
1433	C	0.553802	0.041958
1434	A	0.488895	0.020785
1435	U	0.126246	0.01661
1436	U	0.483586	0.028013
1437	C	0.342688	0.038694
1438	U	0.772251	0.028065
1439	U	0.471766	0.018723
1440	A	0.946934	0.025267
1441	U	0.662494	0.02315
1442	U	0.254431	0.03659
1443	C	0.526489	0.047398
1444	C	0.375886	0.044174
1445	A	1.101968	0.026835
1446	C	0.20815	0.044998
1447	C	0.487793	0.050161
1448	A	0.960908	0.026194
1449	A	0.788953	0.023564
1450	U	0.51744	0.034106
1451	C	0.796612	0.033193
1452	U	0.165925	0.017131
1453	G	2.395707	0.042796
1454	U	0.02508	0.022121
1455	G	0.30708	0.020257
1456	U	0.010879	0.013936
1457	G	0.591407	0.037687
1458	C	0.291737	0.036555
1459	U	0.952898	0.025498
1460	G	1.583673	0.03521
1461	U	0.895306	0.028889
1462	G	0.896076	0.045132
1463	G	0.145458	0.056695
1464	C	0.128955	0.033124
1465	A	0.371817	0.024766
1466	C	0.042928	0.022164
1467	A	0.456554	0.017399
1468	U	0.069253	0.028368
1469	C	0.766419	0.032404
1470	U	0.155843	0.034163
1471	C	0.42288	0.034835
1472	C	0.37279	0.052089
1473	A	0.854109	0.021677
1474	A	0.494488	0.020895
1475	U	0.441283	0.024409
1476	A	0.089961	0.07665
1477	G	1.504752	0.043736
1478	A	0.091056	0.019557
1479	G	0.280111	0.03461
1480	A	0.413963	0.033359
1481	U	0.218256	0.014205
1482	G	0.398076	0.027585
1483	C	nan	nan
1484	U	0.12937	0.01637
1485	A	0.108855	0.076864
1486	G	0.977026	0.031419
1487	U	1.61824	0.031938
1488	G	0.976963	0.043738
1489	G	0.726122	0.039862
1490	A	0.382848	0.022639
1491	U	0.16784	0.021053
1492	C	0.241874	0.043656
1493	U	0.211049	0.015282
1494	G	0.409427	0.030211
1495	C	nan	nan
1496	U	0.126252	0.019978
1497	G	0.435676	0.035905
1498	A	0.111887	0.015551
1499	U	0.72642	0.019671
1500	A	0.629942	0.027459
1501	C	0.239707	0.03192
1502	U	0.500769	0.02119
1503	G	1.228437	0.03914
1504	U	0.293716	0.02951
1505	U	0.280818	0.019538
1506	G	0.471065	0.036945
1507	C	0.161023	0.064464
1508	C	0.406674	0.050521
1509	C	0.336189	0.082673
1510	U	1.118458	0.032539
1511	U	0.089249	0.035989
1512	C	0.532527	0.031882
1513	U	0.05898	0.025904
1514	C	0.690602	0.085473
1515	A	0.389842	0.023878
1516	C	0.157624	0.020504
1517	U	0.468395	0.022363
1518	A	0.755583	0.026236
1519	U	0.524511	0.022071
1520	G	1.075853	0.058808
1521	U	0.085999	0.028482
1522	U	0.456279	0.022786
1523	U	0.152836	0.03421
1524	C	0.329854	0.037535
1525	U	0.146741	0.024853
1526	G	0.536006	0.040642
1527	G	0.432847	0.071829
1528	C	0.202161	0.049942
1529	A	0.941605	0.027128
1530	G	0.093934	0.078201
1531	C	0.181793	0.067919
1532	A	0.855493	0.027829
1533	A	0.292314	0.031527
1534	U	1.306576	0.038883
1535	A	0.078787	0.021195
1536	A	0.445863	0.022172
1537	U	0.811476	0.024325
1538	U	0.553596	0.021781
1539	A	0.694213	0.023683
1540	A	0.105839	0.018602
1541	G	0.272599	0.031431
1542	C	nan	nan
1543	U	0.890895	0.046695
1544	U	0.200653	0.030928
1545	U	0.712925	0.044256
1546	G	0.9246	0.052302
1547	G	1.213718	0.035189
1548	U	0.267336	0.026902
1549	C	0.846941	0.073782
1550	A	1.391418	0.029817
1551	A	0.18219	0.019966
1552	U	0.697103	0.02607
1553	A	0.470553	0.022517
1554	U	0.134902	0.021987
1555	C	0.978158	0.042072
1556	A	0.0665	0.017206
1557	U	0.022194	0.023116
1558	C	0.402604	0.067741
1559	A	0.807652	0.034558
1560	U	0.202419	0.022532
1561	U	1.397894	0.034387
1562	U	0.098115	0.02961
1563	C	1.45192	0.043864
1564	U	0.469944	0.026962
1565	C	0.5645	0.060502
1566	A	0.788905	0.028248
1567	C	0.18603	0.051789
1568	U	0.431534	0.02648
1569	U	0.348475	0.053486
1570	C	0.438569	0.054874
1571	C	0.390394	0.038031
1572	C	0.309123	0.08255
1573	C	0.268634	0.052334
1574	U	0.492021	0.035782
1575	C	0.245142	0.051946
1576	C	0.218955	0.034949
1577	U	0.162299	0.025969
1578	G	0.372811	0.045862
1579	G	0.441202	0.066019
1580	A	0.20066	0.032046
1581	G	0.249008	0.029958
1582	U	0.492127	0.024206
1583	G	0.212185	0.032536
1584	U	0.073301	0.016778
1585	A	0.162826	0.019262
1586	C	0.072802	0.036166
1587	A	0.710687	0.022132
1588	U	0.383214	0.032556
1589	C	0.526625	0.035481
1590	U	0.752261	0.024031
1591	G	0.429194	0.030375
1592	C	0.039878	0.029327
1593	U	0.378112	0.034013
1594	C	0.396214	0.081938
1595	C	0.34366	0.046261
1596	C	0.388994	0.077451
1597	A	0.166283	0.015619
1598	G	0.602674	0.033765
1599	C	0.090204	0.042346
1600	A	0.825022	0.023492
1601	U	0.496597	0.021096
1602	G	1.442828	0.048781
1603	U	0.308848	0.023115
1604	U	0.588333	0.035172
1605	C	0.562461	0.061733
1606	C	0.527656	0.07223
1607	U	0.411403	0.023291
1608	U	0.560612	0.026856
1609	G	0.680754	0.051633
1610	G	0.52327	0.048223
1611	G	0.64682	0.034803
1612	U	0.513461	0.02747
1613	C	0.806863	0.076405
1614	A	0.118366	0.016419
1615	A	1.025232	0.030717
1616	A	0.598719	0.021589
1617	U	0.86658	0.025745
1618	G	1.00772	0.0379
1619	C	0.167251	0.034624
1620	A	1.091598	0.031702
1621	A	0.604869	0.022918
1622	C	0.556605	0.024652
1623	A	0.853112	0.025538
1624	C	0.156542	0.047028
1625	C	0.432235	0.0415
1626	U	0.815804	0.030885
1627	C	0.374128	0.038993
1628	A	1.89761	0.035729
1629	A	0.071792	0.01187
1630	U	1.308059	0.033463
1631	A	0.079431	0.01922
1632	U	0.579868	0.023663
1633	A	0.050506	0.012536
1634	C	0.810871	0.034297
1635	A	0.030638	0.016094
1636	C	0.078467	0.017317
1637	A	0.084368	0.01692
1638	C	0.216455	0.020265
1639	U	0.343064	0.020164
1640	G	0.41313	0.035312
1641	C	0.082472	0.042998
1642	U	0.355825	0.024236
1643	U	0.559066	0.039069
1644	G	0.43224	0.027133
1645	U	0.324421	0.050868
1646	C	0.403236	0.051853
1647	C	0.461607	0.085266
1648	C	0.223522	0.057124
1649	A	0.441531	0.031382
1650	C	0.147096	0.030696
1651	C	0.389573	0.075441
1652	A	0.26194	0.047235
1653	G	0.690506	0.042324
1654	C	0.141724	0.037178
1655	C	0.313254	0.044512
1656	A	0.806231	0.03334
1657	C	0.337605	0.03275
1658	U	0.561128	0.027708
1659	G	0.269283	0.053587
1660	G	0.345173	0.058205
1661	G	0.277481	0.06019
1662	A	0.439328	0.046331
1663	G	0.318057	0.043069
1664	G	0.541301	0.065883
1665	A	0.06568	0.018171
1666	A	0.178541	0.02236
1667	C	0.132487	0.037578
1668	C	0.251058	0.10157
1669	U	0.468849	0.028096
1670	U	0.432491	0.024219
1671	G	1.677002	0.075809
1672	U	0.643075	0.044608
1673	U	0.87781	0.034609
1674	U	0.197467	0.020115
1675	U	0.608622	0.026467
1676	G	1.074841	0.042774
1677	C	0.47391	0.039239
1678	G	0.950307	0.054692
1679	G	0.613146	0.059017
1680	A	0.522231	0.029932
1681	C	0.244233	0.031641
1682	C	0.294731	0.08086
1683	A	0.573534	0.029419
1684	A	1.050945	0.044968
1685	U	1.561257	0.042593
1686	U	0.087915	0.029841
1687	C	1.949131	0.064332
1688	U	0.115757	0.029977
1689	C	0.098772	0.076134
1690	U	0.189117	0.042903
1691	U	1.358466	0.040328
1692	U	0.114722	0.038592
1693	C	0.439073	0.066355
1694	U	0.127346	0.019227
1695	A	0.202972	0.017358
1696	G	0.441774	0.036333
1697	C	0.474757	0.029611
1698	A	0.476009	0.022044
1699	U	0.358576	0.023448
1700	G	0.879001	0.031934
1701	U	0.860157	0.03848
1702	A	0.716682	0.025142
1703	U	0.428494	0.020888
1704	G	0.84312	0.040583
1705	C	0.333089	0.025982
1706	U	0.328304	0.02117
1707	A	1.331403	0.032664
1708	C	0.238588	0.025185
1709	C	0.419646	0.051977
1710	A	0.792661	0.030704
1711	U	1.121731	0.034154
1712	C	0.465804	0.041051
1713	A	0.637129	0.026311
1714	A	1.201121	0.037256
1715	G	1.031241	0.067737
1716	G	0.508255	0.049702
1717	G	1.283073	0.065466
1718	A	1.009767	0.030966
1719	G	0.514867	0.054701
1720	C	0.320245	0.10065
1721	A	1.026936	0.03032
1722	A	0.90049	0.038899
1723	U	0.330913	0.029006
1724	U	0.617005	0.025869
1725	U	0.198125	0.02148
1726	U	0.018666	0.015303
1727	A	0.170524	0.01626
1728	C	0.474704	0.025114
1729	A	0.872344	0.026029
1730	A	0.25958	0.018558
1731	U	0.209408	0.026272
1732	C	0.346315	0.113523
1733	C	0.523666	0.063206
1734	U	0.60343	0.026846
1735	G	0.542371	0.040377
1736	G	0.549563	0.062294
1737	A	0.86683	0.030191
1738	G	1.146253	0.108151
1739	U	0.161689	0.025769
1740	U	0.577543	0.023413
1741	U	0.170506	0.049334
1742	C	0.569154	0.033677
1743	U	0.411362	0.043922
1744	C	0.480814	0.048464
1745	C	nan	nan
1746	U	0.504718	0.041942
1747	U	0.272573	0.022
1748	U	0.044459	0.014612
1749	U	0.504973	0.023415
1750	U	0.090053	0.025775
1751	C	1.31238	0.053275
1752	U	0.124961	0.049985
1753	C	0.552518	0.081828
1754	U	0.334404	0.056199
1755	U	1.441721	0.043762
1756	U	0.220955	0.017844
1757	U	0.392382	0.018936
1758	G	1.503906	0.039004
1759	U	0.26768	0.021857
1760	U	0.095817	0.013647
1761	A	1.838794	0.038737
1762	U	0.313678	0.020975
1763	U	0.371931	0.019533
1764	G	1.555756	0.036643
1765	U	0.250539	0.025221
1766	C	0.666986	0.057325
1767	A	1.288728	0.030829
1768	G	1.879047	0.046246
1769	U	0.315585	0.020946
1770	U	0.959983	0.028348
1771	G	1.923766	0.039287
1772	U	0.169349	0.016954
1773	G	0.944215	0.050694
1774	A	0.956497	0.033629
1775	U	0.460297	0.020508
1776	U	0.161772	0.039777
1777	C	0.571564	0.060345
1778	C	0.530314	0.041675
1779	G	0.41769	0.039795
1780	A	0.357616	0.018607
1781	U	0.399018	0.018517
1782	G	1.333756	0.034433
1783	U	0.103536	0.018576
1784	U	0.220202	0.016193
1785	A	0.422437	0.020423
1786	G	0.688764	0.029627
1787	U	0.153161	0.018926
1788	A	1.472038	0.037616
1789	U	0.179258	0.021814
1790	U	0.374594	0.031273
1791	C	0.506255	0.046238
1792	U	0.253944	0.023472
1793	G	0.67804	0.04203
1794	G	0.605904	0.121652
1795	C	0.322241	0.068138
1796	C	0.202592	0.058298
1797	C	0.37957	0.08903
1798	C	0.304506	0.077842
1799	C	0.202957	0.056041
1800	A	0.28972	0.021508
1801	C	0.113035	0.037857
1802	U	0.512744	0.026433
1803	U	0.434646	0.022372
1804	C	0.368872	0.040922
1805	G	1.502298	0.071758
1806	U	1.067021	0.036875
1807	U	0.526161	0.022341
1808	U	0.47965	0.026426
1809	G	0.516644	0.07179
1810	G	0.705821	0.088206
1811	G	nan	nan
1812	A	0.191615	0.027155
1813	A	0.840496	0.027526
1814	A	0.075983	0.017932
1815	A	0.096036	0.013779
1816	C	0.832024	0.0305
1817	A	0.080569	0.019135
1818	A	0.197414	0.016456
1819	C	0.221361	0.0701
1820	U	1.419136	0.036316
1821	U	0.124496	0.053452
1822	C	0.542844	0.041624
1823	C	0.454484	0.04281
1824	A	0.819533	0.026425
1825	U	0.465122	0.023862
1826	G	1.457491	0.059042
1827	A	0.780257	0.02816
1828	U	0.53806	0.026079
1829	U	0.750528	0.027248
1830	A	0.508788	0.022343
1831	C	0.284721	0.022035
1832	A	0.716472	0.024095
1833	U	0.371769	0.03247
1834	C	0.42143	0.038515
1835	C	0.776587	0.046128
1836	U	2.589909	0.043957
1837	G	0.698469	0.028731
1838	U	0.126609	0.01569
1839	G	0.215334	0.032841
1840	C	0.109083	0.038764
1841	C	0.334126	0.07242
1842	U	2.673925	0.060956
1843	C	0.308722	0.051704
1844	U	1.064374	0.044223
1845	U	0.358928	0.018988
1846	U	0.530478	0.023601
1847	G	0.482317	0.063304
1848	G	0.233704	0.085617
1849	C	nan	nan
1850	A	0.176829	0.018466
1851	C	0.028692	0.026222
1852	U	0.480636	0.021695
1853	A	0.273023	0.01887
1854	A	0.098415	0.016295
1855	G	0.369152	0.047083
1856	G	0.530763	0.032297
1857	U	0.080983	0.038288
1858	C	0.201159	0.059707
1859	U	0.621566	0.026699
1860	G	1.064067	0.039273
1861	C	0.357598	0.031254
1862	G	1.321493	0.037235
1863	U	0.797864	0.028203
1864	G	0.906822	0.031795
1865	U	0.078675	0.060685
1866	C	0.48997	0.047536
1867	C	0.356086	0.043732
1868	A	1.395652	0.037143
1869	G	1.892871	0.06306
1870	G	1.11379	0.059556
1871	G	1.083284	0.153909
1872	U	0.473072	0.032402
1873	U	0.612171	0.026782
1874	U	0.487257	0.023272
1875	A	0.49832	0.02266
1876	U	0.182686	0.016807
1877	G	0.650494	0.03391
1878	U	0.212369	0.025373
1879	C	0.48777	0.075492
1880	A	0.229759	0.019676
1881	A	0.68233	0.03082
1882	C	0.277479	0.026949
1883	U	1.209845	0.045599
1884	C	0.354426	0.050391
1885	U	0.497092	0.047244
1886	C	0.614772	0.050635
1887	C	0.506408	0.048023
1888	G	1.179451	0.050196
1889	U	0.275055	0.047596
1890	C	0.382877	0.048774
1891	U	0.809961	0.033243
1892	U	0.097726	0.017698
1893	A	1.0585	0.034332
1894	U	0.21595	0.042511
1895	C	0.530512	0.04904
1896	U	0.480372	0.02969
1897	U	0.310903	0.027378
1898	A	0.347432	0.026485
1899	A	0.955421	0.035164
1900	C	0.210483	0.026773
1901	U	0.212385	0.023348
1902	U	0.254921	0.022741
1903	G	0.933688	0.067906
1904	A	0.595903	0.032685
1905	U	0.147879	0.024179
1906	U	0.387068	0.045076
1907	C	0.627164	0.066308
1908	C	0.586305	0.096609
1909	U	0.807694	0.037904
1910	A	0.674516	0.030844
1911	A	0.9121	0.034022
1912	A	0.159796	0.020429
1913	G	0.845673	0.036595
1914	U	0.11101	0.022169
1915	G	0.619906	0.095769
1916	A	0.36964	0.026745
1917	A	0.180232	0.018554
1918	C	0.894482	0.039053
1919	A	4.460746	0.067715
1920	G	0.383413	0.08933
1921	G	0.343972	0.064726
1922	G	0.342301	0.088467
1923	C	0.281738	0.051499
1924	C	0.307113	0.06147
1925	A	0.191824	0.020288
1926	A	0.615974	0.025577
1927	A	0.138824	0.027294
1928	G	0.241567	0.092659
1929	G	0.218478	0.042019
1930	U	0.025776	0.048702
1931	C	0.338873	0.063827
1932	C	0.261551	0.074585
1933	C	0.275448	0.054135
1934	A	0.12609	0.019959
1935	U	0.059717	0.018455
1936	G	0.580438	0.095628
1937	U	0.143883	0.049888
1938	U	0.14213	0.022444
1939	U	0.098984	0.021471
1940	C	0.533265	0.065332
1941	A	0.178999	0.015844
1942	U	0.122134	0.042683
1943	C	0.381516	0.05394
1944	C	0.204895	0.079387
1945	U	0.29384	0.031398
1946	U	0.519226	0.02457
1947	U	0.506853	0.022529
1948	C	0.453088	0.047756
1949	G	0.999795	0.065096
1950	A	1.151746	0.0385
1951	C	nan	nan
1952	U	0.967807	0.050802
1953	U	1.495452	0.053093
1954	U	0.581073	0.024776
1955	U	0.179343	0.020085
1956	U	0.519291	0.025649
1957	C	0.438252	0.048734
1958	G	1.133266	0.06124
1959	A	0.132419	0.018357
1960	A	1.478797	0.035891
1961	A	0.524371	0.023798
1962	U	0.64638	0.072722
1963	A	0.133698	0.016893
1964	A	0.03247	0.015817
1965	G	0.424707	0.056199
1966	U	0.228263	0.02976
1967	U	0.884216	0.030245
1968	U	0.755302	0.029102
1969	U	0.036792	0.009916
1970	A	1.51719	0.036755
1971	U	0.029766	0.013304
1972	A	0.194755	0.016079
1973	U	0.093761	0.02587
1974	A	0.9386	0.030437
1975	C	0.18483	0.033238
1976	C	0.460411	0.107901
1977	U	1.231056	0.0437
1978	U	0.639792	0.025496
1979	U	0.374308	0.020159
1980	G	1.271865	0.060526
1981	G	0.821325	0.061706
1982	A	0.746738	0.031932
1983	U	0.747277	0.029492
1984	A	0.775148	0.027676
1985	G	1.191366	0.038256
1986	U	0.518227	0.026724
1987	G	0.870727	0.065477
1988	A	0.552537	0.037239
1989	A	0.40189	0.022547
1990	C	0.333911	0.025418
1991	U	0.758332	0.027356
1992	G	0.800755	0.032345
1993	U	0.88549	0.030945
1994	A	0.281602	0.020659
1995	C	0.580139	0.033976
1996	U	0.804004	0.027814
1997	U	0.333874	0.019573
1998	G	1.930417	0.04621
1999	U	0.172022	0.022415
2000	U	0.036923	0.011075
2001	G	1.517121	0.043484
2002	U	0.130286	0.018874
2003	U	0.809003	0.028374
2004	G	0.734208	0.04334
2005	G	0.578974	0.045632
2006	C	0.226213	0.040414
2007	C	0.316866	0.04226
2008	C	0.215616	0.049849
2009	A	0.522595	0.035083
2010	U	0.225426	0.020954
2011	U	0.425477	0.035201
2012	C	0.491496	0.0899
2013	C	0.324391	0.043316
2014	U	1.571152	0.039014
2015	A	1.383234	0.03626
2016	U	0.477708	0.030975
2017	U	0.297546	0.042476
2018	C	0.378944	0.049583
2019	C	0.328915	0.058611
2020	A	0.957033	0.033205
2021	C	0.169376	0.034063
2022	C	0.359205	0.06502
2023	A	0.666216	0.027862
2024	U	0.478918	0.026699
2025	G	1.038523	0.040056
2026	U	0.233282	0.034781
2027	C	0.552328	0.05784
2028	A	0.849063	0.031825
2029	C	0.143847	0.021603
2030	A	0.133417	0.018507
2031	G	0.794268	0.044462
2032	C	0.42947	0.036671
2033	C	0.189821	0.04903
2034	A	0.232892	0.018512
2035	G	2.209327	0.057872
2036	A	0.61879	0.038773
2037	G	0.770342	0.082495
2038	G	0.597669	0.039068
2039	U	0.410722	0.024522
2040	G	0.692361	0.051225
2041	A	0.259977	0.023085
2042	U	0.700506	0.027417
2043	A	0.790812	0.028329
2044	C	0.305905	0.028602
2045	C	0.473572	0.060309
2046	A	0.600013	0.022579
2047	U	1.144877	0.035059
2048	C	0.318002	0.037902
2049	A	0.950706	0.037222
2050	C	0.403552	0.024162
2051	U	0.938578	0.03079
2052	C	0.424315	0.052991
2053	G	0.785627	0.054996
2054	G	2.021149	0.046223
2055	U	0.292357	0.050481
2056	C	0.865162	0.05736
2057	U	0.575967	0.028277
2058	G	0.690045	0.050454
2059	A	0.27511	0.025297
2060	G	1.076936	0.043865
2061	C	0.256196	0.031993
2062	C	0.346405	0.045411
2063	G	0.672782	0.046658
2064	G	1.149039	0.043427
2065	C	0.188558	0.03058
2066	G	0.719229	0.03391
2067	U	0.648769	0.031406
2068	C	0.201429	0.041587
2069	A	0.668091	0.052436
2070	U	0.531522	0.038273
2071	U	0.192791	0.019272
2072	U	0.293978	0.01896
2073	G	1.425898	0.070384
2074	U	0.333368	0.031673
2075	U	1.3826	0.034339
2076	U	0.178158	0.019072
2077	U	0.451346	0.019771
2078	G	0.195007	0.028304
2079	C	0.132596	0.024467
2080	U	0.5729	0.041147
2081	C	0.395572	0.080206
2082	C	0.162963	0.0368
2083	A	0.165088	0.02645
2084	G	2.108254	0.053678
2085	A	1.578658	0.040023
2086	G	0.618158	0.060771
2087	G	0.689761	0.051975
2088	G	0.860463	0.306501
2089	U	0.315992	0.036455
2090	U	0.089367	0.020336
2091	U	0.223394	0.018768
2092	G	0.307918	0.024808
2093	U	0.175732	0.043188
2094	C	0.374393	0.063443
2095	C	0.856299	0.111377
2096	U	0.239216	0.023188
2097	U	0.245857	0.018102
2098	G	1.179593	0.05637
2099	U	0.305429	0.027181
2100	U	0.49187	0.027248
2101	C	0.776562	0.067784
2102	A	1.187624	0.040992
2103	U	0.583846	0.025746
2104	U	0.918409	0.03629
2105	C	0.420419	0.057422
2106	C	0.391117	0.040353
2107	U	1.183577	0.04715
2108	C	2.012645	0.107997
2109	U	0.490952	0.028111
2110	C	0.426749	0.065384
2111	A	0.630324	0.032439
2112	G	1.113388	0.048584
2113	G	1.355893	0.072131
2114	A	0.564514	0.033518
2115	A	0.715118	0.02767
2116	U	0.421769	0.025415
2117	C	0.530029	0.053205
2118	A	0.775832	0.043586
2119	U	0.315898	0.026104
2120	U	0.411871	0.022401
2121	U	0.086804	0.040376
2122	C	0.660479	0.043338
2123	C	0.402019	0.052336
2124	A	0.431075	0.022397
2125	U	0.371518	0.026654
2126	U	0.642093	0.026775
2127	A	0.713566	0.025171
2128	U	0.516767	0.026816
2129	C	0.456294	0.054257
2130	C	0.617409	0.046112
2131	U	1.12129	0.047659
2132	C	0.180459	0.043556
2133	U	0.732088	0.029819
2134	U	0.089409	0.014487
2135	A	0.979394	0.030257
2136	U	0.260771	0.026071
2137	C	0.486637	0.041414
2138	U	0.819418	0.029046
2139	G	0.976094	0.054452
2140	C	0.258686	0.056873
2141	C	0.596125	0.055312
2142	G	0.863048	0.034715
2143	U	0.11529	0.020852
2144	A	1.107186	0.032212
2145	A	0.662022	0.029089
2146	U	0.280428	0.023251
2147	U	0.415157	0.057065
2148	G	0.543472	0.050874
2149	G	0.866124	0.053876
2150	A	0.226995	0.021408
2151	U	0.733866	0.029232
2152	A	0.873719	0.051755
2153	U	0.201073	0.026204
2154	U	0.412538	0.026219
2155	U	0.381051	0.0256
2156	C	0.622116	0.052278
2157	A	0.959194	0.038786
2158	U	0.409648	0.026479
2159	U	0.828912	0.033739
2160	G	0.987577	0.046042
2161	C	0.63158	0.040967
2162	C	1.354574	0.101126
2163	A	0.477442	0.025607
2164	U	1.287056	0.040527
2165	C	0.244793	0.053702
2166	A	0.341544	0.02388
2167	U	0.331163	0.047772
2168	C	0.474581	0.041566
2169	C	0.369256	0.066393
2170	A	1.023366	0.034884
2171	C	0.305803	0.040227
2172	U	1.164382	0.041575
2173	U	0.946875	0.036457
2174	C	0.248673	0.055495
2175	A	1.148213	0.03499
2176	U	0.291625	0.034793
2177	C	0.487534	0.046647
2178	C	0.560291	0.050535
2179	U	0.716851	0.034843
2180	G	0.954657	0.073142
2181	A	0.796288	0.034903
2182	G	0.538089	0.045383
2183	C	1.620131	0.056747
2184	G	0.247841	0.034478
2185	C	0.534076	0.044752
2186	G	0.544498	0.061416
2187	G	0.824373	0.056963
2188	G	0.225155	0.050097
2189	G	0.388489	0.077768
2190	U	0.263081	0.028996
2191	U	0.300728	0.045661
2192	C	0.640829	0.063186
2193	U	0.789929	0.033338
2194	U	0.066374	0.031174
2195	C	1.020497	0.048564
2196	U	0.46442	0.03096
2197	C	0.599289	0.06053
2198	C	0.409753	0.055264
2199	U	0.559588	0.030799
2200	G	1.061497	0.041006
2201	U	0.399785	0.05114
2202	C	0.580021	0.056549
2203	U	0.9196	0.035034
2204	U	0.12701	0.028897
2205	C	0.446213	0.044643
2206	C	0.340934	0.046051
2207	U	0.419227	0.025511
2208	G	0.834962	0.049788
2209	A	1.33973	0.038719
2210	U	0.153231	0.021726
2211	G	1.973436	0.048228
2212	U	0.033701	0.0158
2213	G	0.93135	0.035439
2214	U	0.089118	0.021492
2215	A	0.983727	0.034453
2216	C	0.442727	0.077142
2217	U	0.602143	0.072151
2218	U	1.483248	0.057546
2219	U	0.266016	0.022938
2220	U	0.168226	0.018556
2221	U	0.37554	0.026533
2222	G	1.539531	0.071964
2223	A	1.119429	0.036253
2224	U	0.36465	0.021742
2225	U	1.058474	0.034875
2226	A	1.201616	0.036389
2227	U	0.775717	0.029518
2228	G	0.609239	0.049804
2229	G	0.102155	0.072776
2230	C	0.141309	0.032289
2231	C	0.306303	0.057431
2232	A	0.392283	0.024588
2233	U	1.712982	0.053301
2234	A	1.039986	0.035985
2235	U	0.836301	0.031556
2236	G	0.734929	0.061512
2237	G	0.609212	0.036342
2238	U	0.384772	0.064234
2239	C	0.534372	0.077539
2240	C	0.292623	0.048462
2241	A	1.109704	0.036338
2242	C	0.110461	0.041623
2243	A	0.321401	0.028473
2244	G	1.253779	0.043892
2245	U	0.707315	0.031943
2246	G	1.177458	0.075324
2247	G	2.167953	0.216091
2248	U	0.583794	0.041124
2249	U	1.118294	0.039829
2250	U	0.159508	0.020532
2251	U	0.525792	0.026608
2252	A	0.42576	0.026489
2253	G	1.075135	0.039943
2254	U	0.597673	0.035613
2255	G	2.339682	0.082058
2256	A	0.825528	0.036174
2257	G	0.605197	0.036186
2258	U	0.377944	0.029097
2259	A	1.2011	0.041963
2260	U	0.112539	0.037899
2261	C	0.45685	0.051103
2262	U	0.215891	0.025785
2263	C	0.483101	0.082441
2264	G	0.297448	0.039732
2265	C	0.290576	0.082436
2266	G	2.118638	0.074807
2267	G	1.573454	0.066961
2268	G	0.407491	0.039021
2269	U	1.179905	0.045206
2270	G	0.209635	0.034116
2271	C	0.2399	0.058379
2272	G	0.723324	0.070746
2273	G	0.34999	0.065337
2274	G	0.408185	0.07499
2275	A	0.067798	0.04706
2276	U	0.132527	0.022446
2277	U	0.33207	0.027837
2278	G	0.888515	0.040715
2279	U	0.1435	0.029314
2280	G	0.848957	0.078223
2281	A	0.146953	0.026421
2282	C	0.429006	0.034405
2283	A	0.704688	0.040159
2284	U	0.318696	0.026648
2285	U	0.573084	0.028763
2286	A	0.357789	0.026399
2287	G	0.672618	0.066737
2288	G	1.303219	0.05625
2289	U	0.099989	0.046771
2290	C	1.327178	0.090777
2291	U	0.002956	0.074471
2292	C	0.44571	0.060273
2293	U	0.267323	0.025215
2294	U	0.165061	0.019709
2295	A	0.438059	0.028542
2296	G	1.401139	0.061394
2297	U	0.739841	0.041107
2298	U	0.609335	0.045009
2299	C	1.229441	0.093752
2300	U	0.17967	0.082749
2301	U	0.732409	0.049319
2302	U	0.373127	0.03336
2303	U	0.133482	0.023441
2304	A	1.240989	0.056793
2305	U	1.028571	0.053836
2306	U	0.12365	0.042592
2307	C	1.766648	0.101464
2308	U	0.127773	0.042511
2309	C	0.228997	0.100307
2310	U	0.278862	0.083836
2311	C	0.67693	0.087693
2312	C	0.497279	0.080496
2313	A	0.35929	0.050131
2314	U	1.495129	0.07762
2315	A	0.643944	0.056233
2316	U	0.147892	0.043318
2317	U	0.14198	0.035531
2318	G	0.721207	0.109036
2319	A	1.094317	0.075936
2320	A	0.039118	0.026061
2321	U	0.954258	0.079925
2322	A	0.090333	0.034912
2323	U	0.114692	0.03895
2324	A	0.977128	0.090943
2325	U	1.024971	0.093014
2326	U	0.170328	0.059398
2327	U	0.175142	0.061379
2328	G	0.724568	0.304596
2329	A	0.239181	0.125394
2330	C	0.219723	0.137549
2331	C	0.168701	0.172381
2332	U	0.961235	0.662795
2333	G	nan	nan
2334	C	nan	nan
2335	U	0.90592	0.39394
2336	U	0.731505	0.301696
2337	U	0.532607	0.517808
2338	C	0.818772	0.597878
2339	G	nan	nan
2340	C	nan	nan
2341	U	0.0	0.0
