Nucleotide	Sequence	Norm_profile	Norm_stderr
1	A	nan	nan
2	G	nan	nan
3	U	nan	nan
4	A	nan	nan
5	G	nan	nan
6	A	nan	nan
7	A	nan	nan
8	A	nan	nan
9	C	nan	nan
10	A	nan	nan
11	A	nan	nan
12	G	3.508401	1.018768
13	G	0.029385	0.27363
14	G	0.159056	0.160134
15	U	0.573087	0.12913
16	G	1.104497	0.413276
17	U	0.310259	0.091383
18	U	0.28209	0.051009
19	U	0.098762	0.045004
20	U	0.41568	0.053796
21	U	0.367716	0.153664
22	C	0.463274	0.094782
23	U	0.094534	0.039701
24	C	0.256916	0.217017
25	A	0.536747	0.092468
26	A	0.41632	0.055514
27	A	0.175336	0.027617
28	C	0.217125	0.052027
29	U	0.529468	0.090851
30	A	1.033088	0.050625
31	U	0.075215	0.05203
32	A	0.202355	0.02205
33	U	0.044014	0.030149
34	A	0.109636	0.020958
35	C	0.407562	0.041218
36	A	0.170251	0.027803
37	A	0.629667	0.043121
38	A	0.303203	0.026943
39	U	0.528033	0.037712
40	A	0.306683	0.026883
41	G	0.617991	0.044127
42	U	0.354306	0.032432
43	G	0.414894	0.142342
44	C	0.262577	0.08465
45	A	0.797441	0.037186
46	C	0.151885	0.041236
47	C	0.242089	0.166065
48	G	0.343652	0.071222
49	C	0.136538	0.042008
50	A	0.526772	0.181701
51	U	0.517737	0.032484
52	G	0.538904	0.186284
53	U	0.237885	0.048124
54	U	0.451077	0.035057
55	U	0.022104	0.142412
56	C	0.233732	0.152047
57	C	nan	nan
58	A	0.7765	0.05143
59	U	0.350659	0.04372
60	U	0.327012	0.046986
61	C	0.324277	0.090837
62	U	0.569467	0.059266
63	U	0.901493	0.038618
64	U	0.568138	0.029836
65	A	0.698998	0.034529
66	U	0.484982	0.030245
67	G	0.138462	0.05755
68	C	0.26069	0.087885
69	A	0.414071	0.031681
70	A	1.249529	0.041321
71	A	0.421135	0.025493
72	U	0.206507	0.032864
73	G	0.455059	0.07816
74	A	0.504758	0.032359
75	A	0.547642	0.031726
76	G	0.14342	0.198146
77	A	0.034135	0.038861
78	C	0.103252	0.074136
79	C	0.173614	0.140455
80	A	0.990426	0.035452
81	A	0.688663	0.029694
82	U	0.741573	0.053678
83	C	0.390362	0.184397
84	C	0.013479	0.135602
85	C	0.085998	0.144229
86	A	0.459251	0.03137
87	U	0.151664	0.027194
88	U	0.295447	0.026865
89	G	0.429006	0.058484
90	C	0.243167	0.083572
91	A	2.184386	0.049868
92	A	0.77839	0.035656
93	U	0.512253	0.030902
94	G	0.302743	0.084415
95	G	0.173735	0.072142
96	C	0.336444	0.072249
97	U	0.631124	0.033882
98	A	0.293952	0.037944
99	G	0.757019	0.054551
100	A	1.286332	0.046261
101	A	0.681086	0.053216
102	G	0.346591	0.063147
103	G	1.413079	0.072452
104	A	0.314169	0.038361
105	G	0.303285	0.140185
106	G	1.762827	0.235888
107	A	0.116436	0.027779
108	A	0.719837	0.029632
109	A	0.069027	0.017408
110	C	0.340201	0.029931
111	A	0.638495	0.027747
112	U	0.453721	0.027732
113	G	0.846938	0.056518
114	A	0.353263	0.039481
115	U	0.596526	0.03549
116	G	0.536008	0.083402
117	C	0.394944	0.139376
118	C	0.837336	0.173344
119	C	5.865397	0.257994
120	C	0.401145	0.139376
121	G	0.294549	0.069683
122	A	0.278851	0.055318
123	A	0.33923	0.037502
124	G	0.191775	0.062386
125	C	0.256107	0.089233
126	U	1.605658	0.065013
127	A	0.494281	0.039536
128	A	0.48797	0.031103
129	A	0.558956	0.044266
130	C	nan	nan
131	C	0.085729	0.186284
132	A	0.679788	0.034224
133	U	1.280644	0.048158
134	A	0.682749	0.036406
135	A	0.163669	0.029397
136	G	0.271675	0.075261
137	A	1.074033	0.112418
138	U	0.594491	0.038709
139	U	0.927362	0.049577
140	A	1.035831	0.041587
141	U	0.581555	0.034852
142	G	1.41983	0.055914
143	U	0.173482	0.080308
144	C	0.391709	0.256107
145	U	0.587591	0.10446
146	U	0.463654	0.044843
147	U	0.38944	0.041286
148	G	0.8851	0.052781
149	U	0.128054	0.070901
150	A	0.537351	0.055218
151	U	0.415192	0.078795
152	C	0.186015	0.168761
153	C	0.492804	0.188711
154	A	0.873295	0.056775
155	C	0.07818	0.080876
156	U	1.206646	0.058669
157	A	0.194947	0.035764
158	C	0.310833	0.081415
159	U	0.726554	0.064778
160	C	0.307059	0.218635
161	A	0.668759	0.045515
162	A	1.05629	0.060291
163	U	0.093547	0.1108
164	U	0.777743	0.04805
165	U	0.203953	0.043321
166	C	nan	nan
167	A	1.125687	0.051581
168	C	0.424758	0.047293
169	U	0.699251	0.053614
170	G	1.484554	0.097932
171	G	1.036561	0.216478
172	G	1.388658	0.073814
173	U	0.20219	0.193024
174	C	0.268778	0.193833
175	U	0.167402	0.042037
176	A	1.170157	0.05058
177	U	nan	nan
178	C	0.226453	0.151238
179	U	0.414945	0.044478
180	G	1.156837	0.057549
181	U	nan	nan
182	A	1.027853	0.064891
183	U	0.759444	0.048994
184	U	0.33632	0.096492
185	C	0.382963	0.092445
186	U	0.200033	0.070632
187	A	1.511834	0.056178
188	U	0.694186	0.043817
189	U	0.171159	0.056213
190	C	0.132906	0.173883
191	U	0.613982	0.041872
192	G	0.900987	0.051892
193	U	0.618776	0.040702
194	A	1.607367	0.05098
195	A	0.849427	0.047271
196	U	0.069214	0.029215
197	G	0.038551	0.23481
198	A	0.107597	0.031546
199	C	0.462072	0.100017
200	U	0.222266	0.074255
201	C	nan	nan
202	U	0.372085	0.033651
203	G	0.317755	0.053385
204	C	0.294928	0.090042
205	U	0.79053	0.063618
206	C	nan	nan
207	U	0.505574	0.03787
208	G	1.073829	0.051056
209	U	0.249522	0.029354
210	A	1.823936	0.05441
211	U	0.434167	0.033954
212	U	0.696039	0.037001
213	G	0.37272	0.08769
214	G	0.486334	0.18278
215	G	0.383634	0.04379
216	U	0.447035	0.03166
217	A	1.28633	0.040417
218	U	0.67944	0.030864
219	G	0.513293	0.17604
220	G	0.7694	0.127514
221	U	0.588777	0.088964
222	C	nan	nan
223	A	0.443135	0.026436
224	U	0.432367	0.035001
225	A	0.607121	0.02897
226	A	0.756125	0.032717
227	G	0.975282	0.044276
228	U	1.304267	0.044248
229	G	0.581122	0.055267
230	U	1.14177	0.041748
231	U	0.110288	0.019057
232	G	0.862661	0.057551
233	U	0.186406	0.02735
234	U	0.954593	0.042065
235	C	0.525694	0.164987
236	C	0.292232	0.116731
237	U	0.676344	0.03244
238	U	0.315718	0.021267
239	A	0.681783	0.027067
240	U	0.371754	0.022517
241	G	0.486169	0.046578
242	C	0.46288	0.067397
243	U	0.768658	0.046355
244	C	nan	nan
245	U	0.266891	0.181162
246	C	0.317573	0.13021
247	C	0.148273	0.108374
248	A	0.205678	0.017979
249	U	0.630628	0.028339
250	A	1.34024	0.035312
251	C	0.333052	0.031793
252	A	1.007438	0.041358
253	U	0.145437	0.023821
254	U	0.490952	0.026043
255	G	0.028037	0.142342
256	G	0.702695	0.052098
257	U	0.511647	0.03347
258	C	0.507093	0.188711
259	G	0.11619	0.039471
260	U	0.406353	0.037757
261	C	0.048256	0.122662
262	A	0.921609	0.03128
263	C	0.081954	0.051491
264	A	0.422936	0.023366
265	C	0.235619	0.057422
266	U	0.455074	0.029815
267	U	0.228484	0.022232
268	A	0.573722	0.027625
269	U	0.452583	0.039422
270	G	3.570136	0.187902
271	G	2.364545	0.206234
272	A	0.963739	0.038904
273	A	0.383207	0.029881
274	U	0.80136	0.030338
275	A	0.770701	0.061866
276	U	0.172473	0.027463
277	U	0.687105	0.030625
278	U	0.49658	0.030082
279	C	0.918482	0.140455
280	A	0.500622	0.063622
281	A	1.058	0.033073
282	A	0.086537	0.037203
283	A	0.209403	0.037142
284	C	0.275248	0.053648
285	A	0.385846	0.027486
286	U	0.285287	0.061508
287	C	0.968086	0.108374
288	C	nan	nan
289	A	0.178149	0.023434
290	G	0.886335	0.041203
291	U	0.499763	0.062352
292	C	0.496579	0.148003
293	C	0.25449	0.115383
294	C	0.156091	0.111339
295	A	0.917929	0.033763
296	U	0.38109	0.047548
297	C	0.295714	0.054473
298	U	1.339341	0.039615
299	U	0.099477	0.082224
300	C	0.046369	0.115114
301	U	0.294086	0.032137
302	U	0.367218	0.030524
303	C	nan	nan
304	A	0.113149	0.027665
305	G	0.828162	0.059014
306	C	0.12374	0.074136
307	A	0.850174	0.051823
308	U	0.788126	0.046481
309	U	0.374456	0.105139
310	C	0.326627	0.072567
311	U	0.802202	0.062287
312	C	0.30625	0.171996
313	C	0.537825	0.144498
314	C	nan	nan
315	U	0.191303	0.039385
316	U	0.665879	0.07144
317	A	0.58836	0.038288
318	G	1.05387	0.067486
319	U	0.158115	0.040413
320	U	0.969709	0.040068
321	G	1.024634	0.109861
322	U	0.574396	0.053986
323	U	0.430411	0.03009
324	U	0.192718	0.02555
325	U	0.138643	0.044592
326	C	0.131558	0.125358
327	U	0.087076	0.052839
328	G	nan	nan
329	A	0.189519	0.055804
330	C	0.919333	0.046629
331	A	0.096363	0.027025
332	C	0.167047	0.040195
333	G	0.279831	0.128862
334	C	0.249907	0.079258
335	U	0.408955	0.036157
336	C	nan	nan
337	A	0.346753	0.027773
338	U	0.669891	0.051011
339	A	0.769523	0.049966
340	A	0.746321	0.034216
341	A	1.112315	0.098938
342	G	1.112877	0.092396
343	U	0.387722	0.060001
344	U	0.149351	0.049334
345	U	0.500627	0.029709
346	G	0.863136	0.058456
347	U	0.626634	0.043446
348	U	0.445458	0.032447
349	C	0.221061	0.195181
350	A	1.064458	0.048093
351	U	0.305905	0.038512
352	U	0.243005	0.025535
353	U	0.211161	0.049137
354	C	0.232855	0.068564
355	U	0.517127	0.036974
356	G	0.235268	0.08969
357	A	0.469516	0.031073
358	A	0.556472	0.032308
359	U	0.231476	0.04586
360	C	0.064701	0.136141
361	C	0.167144	0.134793
362	G	1.122446	0.064332
363	C	0.352889	0.079528
364	A	0.275131	0.050066
365	A	0.334386	0.027903
366	G	0.343388	0.058837
367	A	0.469931	0.033418
368	U	nan	nan
369	C	0.15016	0.123201
370	U	0.772325	0.035867
371	A	1.252099	0.045458
372	U	0.907794	0.037231
373	U	0.204427	0.025579
374	G	2.144327	0.055516
375	U	0.086807	0.057422
376	G	0.375831	0.043827
377	U	0.145307	0.062544
378	G	0.318879	0.055754
379	C	0.315147	0.087616
380	U	0.158972	0.046373
381	G	0.24101	0.165257
382	A	0.664312	0.095912
383	U	0.745923	0.045722
384	U	0.395242	0.028908
385	U	0.250016	0.025025
386	U	0.029924	0.135063
387	C	0.454254	0.124819
388	C	0.213086	0.075205
389	A	0.693203	0.035612
390	U	0.643962	0.036652
391	G	0.377154	0.074433
392	G	0.567679	0.077649
393	C	0.28684	0.107835
394	C	0.23481	0.119157
395	A	0.920685	0.042602
396	C	0.226183	0.076023
397	C	0.066857	0.122123
398	A	0.699683	0.036614
399	A	1.123368	0.089233
400	C	0.30679	0.072788
401	A	0.055666	0.031638
402	G	0.267862	0.046902
403	C	0.886671	0.09786
404	U	0.988737	0.055175
405	C	0.260421	0.145038
406	A	0.135179	0.031937
407	G	0.762757	0.058096
408	C	0.03936	0.076023
409	A	0.845279	0.035158
410	U	0.676594	0.038374
411	U	0.807927	0.035075
412	A	1.275806	0.039645
413	U	0.022779	0.024144
414	A	0.250271	0.020435
415	C	0.428643	0.076023
416	G	0.576107	0.213782
417	A	0.240434	0.0298
418	C	0.262308	0.080067
419	C	0.200033	0.154204
420	A	0.277675	0.023556
421	U	0.513128	0.033613
422	A	0.770773	0.037557
423	C	0.266757	0.044125
424	U	0.701229	0.042318
425	U	0.95219	0.041842
426	C	0.014288	0.120775
427	A	0.093285	0.023282
428	G	0.969613	0.04881
429	U	0.108865	0.038187
430	C	nan	nan
431	A	1.007205	0.042383
432	U	0.235619	0.067666
433	U	0.533074	0.035741
434	G	0.373984	0.081434
435	A	0.261003	0.032933
436	G	0.926382	0.050997
437	U	0.321078	0.115653
438	C	0.167977	0.08618
439	U	0.352937	0.038721
440	C	0.58689	0.15636
441	G	2.452633	0.061318
442	U	0.996505	0.042091
443	G	1.034383	0.045275
444	U	0.384444	0.112242
445	C	0.505475	0.1693
446	C	0.170918	0.132097
447	A	0.662474	0.032609
448	G	0.569871	0.054042
449	U	0.112291	0.04914
450	U	0.879321	0.038506
451	A	1.159644	0.036969
452	A	0.750612	0.033761
453	U	0.270054	0.026492
454	G	0.056344	0.18925
455	A	0.17163	0.040369
456	C	0.250699	0.034376
457	A	0.725015	0.056549
458	U	0.364969	0.039212
459	U	0.733651	0.036399
460	U	nan	nan
461	C	0.236428	0.126975
462	C	nan	nan
463	A	0.798722	0.031917
464	A	0.987779	0.036521
465	U	0.684746	0.049485
466	C	0.223417	0.066089
467	U	0.629955	0.036126
468	G	1.600399	0.061282
469	U	1.245294	0.048886
470	U	0.071597	0.027907
471	G	0.728958	0.057544
472	U	0.266625	0.036509
473	U	0.246672	0.109722
474	C	nan	nan
475	U	0.145846	0.061196
476	A	1.054325	0.039436
477	U	0.134254	0.096782
478	C	0.456557	0.063096
479	U	0.380726	0.042012
480	C	0.008896	0.166605
481	A	0.885952	0.040724
482	U	0.314068	0.107565
483	U	0.143151	0.074136
484	G	0.310025	0.190328
485	A	1.62232	0.048182
486	A	0.211741	0.034512
487	U	0.14339	0.049788
488	U	0.122962	0.035767
489	C	0.203808	0.172805
490	A	0.532969	0.038862
491	U	0.14308	0.02833
492	U	0.088891	0.023275
493	G	0.646203	0.04619
494	U	nan	nan
495	C	0.041247	0.145577
496	U	0.22861	0.031034
497	A	0.670729	0.030322
498	U	0.136401	0.044918
499	C	nan	nan
500	A	0.103521	0.050143
501	G	0.272822	0.101365
502	C	0.244246	0.077641
503	U	0.358254	0.038881
504	C	0.05877	0.197607
505	A	0.249529	0.041506
506	A	0.485508	0.028963
507	A	0.298124	0.034642
508	C	0.137638	0.031332
509	U	0.517426	0.033328
510	G	0.209738	0.120236
511	C	0.304363	0.078719
512	U	0.025848	0.027755
513	G	nan	nan
514	A	0.394675	0.218096
515	U	0.877825	0.043772
516	U	0.212834	0.02676
517	U	0.367831	0.028752
518	G	0.797692	0.074039
519	U	0.6213	0.053505
520	U	1.201279	0.040176
521	U	0.166251	0.026538
522	U	0.436618	0.028668
523	G	0.801211	0.041047
524	U	0.211732	0.036849
525	C	nan	nan
526	A	0.894706	0.036613
527	A	0.689815	0.031924
528	U	0.222622	0.039741
529	C	0.032081	0.153395
530	A	0.130614	0.024001
531	G	0.46755	0.071399
532	A	0.291087	0.044118
533	C	0.218909	0.039121
534	G	0.153395	0.167144
535	A	0.133291	0.032798
536	U	0.342558	0.03116
537	U	0.185495	0.029727
538	C	nan	nan
539	A	0.80357	0.029652
540	A	1.185566	0.040738
541	U	0.566167	0.032204
542	U	0.159736	0.032429
543	U	0.432754	0.025444
544	G	0.575399	0.043002
545	C	0.485256	0.088964
546	C	0.184128	0.124279
547	A	0.186399	0.02077
548	G	0.680787	0.041215
549	U	0.474189	0.029288
550	G	0.25422	0.147734
551	A	0.616817	0.030555
552	U	0.148897	0.049368
553	C	0.218859	0.060743
554	U	0.0867	0.038342
555	G	0.044482	0.13695
556	A	0.316245	0.025268
557	U	nan	nan
558	C	0.280101	0.1046
559	U	0.35323	0.030346
560	A	0.851897	0.042305
561	U	0.175011	0.030404
562	U	0.436634	0.030425
563	G	0.470185	0.050962
564	C	0.351271	0.07198
565	A	0.225602	0.025066
566	G	0.689872	0.137489
567	A	0.343558	0.042761
568	U	0.209661	0.039351
569	U	0.296253	0.031428
570	G	0.464328	0.066029
571	G	0.496039	0.121044
572	G	0.351541	0.080337
573	U	0.157601	0.026549
574	G	0.402906	0.071394
575	C	nan	nan
576	U	2.640091	0.13198
577	U	1.833278	0.068981
578	U	0.629508	0.027298
579	U	0.702861	0.024887
580	G	1.004017	0.032347
581	U	0.02588	0.034777
582	A	1.271319	0.031676
583	G	0.968584	0.037819
584	U	0.20927	0.036712
585	C	0.205695	0.139915
586	A	0.18005	0.020076
587	G	0.657049	0.044177
588	C	0.284144	0.057422
589	U	1.573847	0.100286
590	G	0.276129	0.049624
591	C	0.207582	0.070632
592	A	0.325245	0.020327
593	G	0.636745	0.055001
594	U	0.147334	0.026265
595	U	0.716449	0.041581
596	C	nan	nan
597	C	0.412737	0.17604
598	U	1.36722	0.034681
599	U	0.832711	0.034183
600	C	0.384124	0.036465
601	U	0.32841	0.043917
602	C	0.225644	0.118618
603	C	nan	nan
604	U	0.498792	0.024267
605	U	0.653267	0.025063
606	G	2.081301	0.038395
607	U	0.097632	0.018701
608	G	0.073328	0.080606
609	C	0.247211	0.067127
610	A	0.309312	0.047518
611	U	2.233979	0.047407
612	U	2.925472	0.040274
613	U	0.230873	0.018675
614	U	0.450018	0.020783
615	G	1.044132	0.046461
616	A	0.318172	0.023147
617	U	0.17551	0.01921
618	G	0.167828	0.048964
619	C	nan	nan
620	C	0.139376	0.098669
621	U	0.136691	0.026107
622	G	0.788002	0.160134
623	A	0.200033	0.049334
624	A	0.128869	0.021011
625	A	0.11272	0.038244
626	C	0.349924	0.08465
627	C	0.126706	0.13695
628	A	0.22251	0.023344
629	U	0.698791	0.043147
630	A	0.359134	0.036368
631	C	0.075484	0.083302
632	C	0.669384	0.149351
633	A	0.721767	0.040493
634	C	0.480134	0.106217
635	C	nan	nan
636	C	0.083841	0.126975
637	A	0.484313	0.033613
638	U	0.267645	0.033827
639	C	nan	nan
640	G	0.539964	0.074053
641	A	0.877038	0.033469
642	U	0.85018	0.041041
643	G	0.442122	0.140455
644	A	0.528022	0.056056
645	G	0.018332	0.128593
646	A	0.598295	0.055013
647	C	0.865104	0.132906
648	C	0.101904	0.108913
649	C	nan	nan
650	U	0.795364	0.068387
651	C	0.572872	0.135063
652	C	0.400606	0.134524
653	C	0.176849	0.112957
654	A	0.079054	0.030694
655	U	0.315778	0.085809
656	C	0.070362	0.121314
657	C	0.155282	0.157169
658	A	0.747554	0.045878
659	U	1.065948	0.037589
660	U	0.13915	0.035043
661	C	0.612156	0.06287
662	U	nan	nan
663	C	nan	nan
664	U	0.293404	0.034698
665	A	1.108635	0.033174
666	U	0.148488	0.038321
667	G	0.174639	0.087129
668	A	0.404971	0.035419
669	A	0.482634	0.028801
670	U	0.20345	0.059385
671	C	0.438078	0.155282
672	C	0.151777	0.14369
673	A	0.071335	0.024224
674	G	0.616823	0.064611
675	C	0.187902	0.120775
676	A	1.372316	0.041276
677	A	0.541494	0.037158
678	U	0.229764	0.034496
679	U	0.601092	0.031555
680	G	0.160408	0.054848
681	C	0.255029	0.083033
682	U	0.824297	0.063253
683	C	0.276057	0.213243
684	C	0.275248	0.13075
685	C	0.086807	0.299511
686	A	0.205115	0.052861
687	A	0.847477	0.045346
688	A	0.222845	0.035995
689	A	0.234271	0.110531
690	G	0.949754	0.279292
691	C	0.343453	0.200303
692	C	nan	nan
693	C	nan	nan
694	C	0.31299	0.146386
695	C	nan	nan
696	U	0.756785	0.078965
697	C	0.490648	0.145038
698	C	0.049604	0.133715
699	G	1.181842	0.063821
700	U	0.306839	0.058905
701	C	0.325191	0.100209
702	U	1.427593	0.054618
703	U	0.159827	0.057844
704	C	0.332917	0.056829
705	U	0.876589	0.042182
706	G	0.378412	0.081603
707	G	1.291464	0.074487
708	U	0.137224	0.093981
709	C	0.60322	0.142561
710	U	0.787653	0.077076
711	U	0.51737	0.037339
712	U	0.510577	0.035252
713	G	0.344116	0.095474
714	G	nan	nan
715	A	0.902319	0.064716
716	U	1.414744	0.055617
717	U	0.157331	0.05164
718	C	0.668146	0.082648
719	U	0.116144	0.094357
720	C	0.405811	0.096887
721	U	1.266537	0.055223
722	G	1.417165	0.094331
723	G	0.307329	0.187093
724	G	0.423521	0.212165
725	A	0.419287	0.039404
726	C	0.422017	0.050298
727	A	0.964732	0.06195
728	U	0.173613	0.042789
729	U	1.172435	0.049238
730	U	0.151212	0.051404
731	C	0.470825	0.065894
732	U	0.463337	0.042146
733	C	nan	nan
734	A	1.471749	0.053749
735	U	0.992102	0.043308
736	U	0.747623	0.05129
737	C	0.125897	0.200033
738	C	0.272419	0.080618
739	U	0.876994	0.045023
740	G	1.08234	0.061664
741	U	0.297697	0.039729
742	A	0.237236	0.131019
743	G	0.190233	0.058957
744	C	0.040977	0.100825
745	C	0.380926	0.203268
746	A	0.099932	0.055093
747	A	1.052519	0.048459
748	A	0.216973	0.032835
749	A	0.960505	0.051316
750	G	2.144444	0.084357
751	G	1.775128	0.0811
752	A	0.486872	0.048388
753	G	0.189145	0.089202
754	G	0.357825	0.080785
755	C	0.185905	0.083431
756	U	0.315555	0.03364
757	U	0.601025	0.03955
758	G	0.223842	0.085001
759	G	0.460496	0.082892
760	C	0.594587	0.04641
761	U	0.517676	0.038814
762	G	1.103414	0.107229
763	U	0.804627	0.064554
764	U	0.332818	0.026472
765	U	0.406014	0.031071
766	G	0.4893	0.246941
767	A	0.088103	0.028627
768	C	0.369397	0.036446
769	A	0.363279	0.041356
770	U	1.432729	0.062495
771	A	1.075689	0.04519
772	U	1.029201	0.043092
773	C	0.490819	0.086107
774	G	0.418234	0.078517
775	G	0.248289	0.140724
776	G	nan	nan
777	G	0.637033	0.211356
778	G	0.244785	0.171188
779	C	0.004853	0.113496
780	A	0.87664	0.080135
781	U	0.488534	0.046386
782	U	0.622914	0.037965
783	U	1.299168	0.074951
784	C	0.150429	0.172805
785	C	0.214321	0.147734
786	C	nan	nan
787	C	nan	nan
788	A	1.196073	0.058832
789	C	0.158616	0.035034
790	C	0.102713	0.162022
791	G	1.14086	0.064995
792	U	0.637112	0.04689
793	U	0.349765	0.053896
794	C	0.404504	0.095482
795	U	0.882384	0.036118
796	A	0.542938	0.02931
797	G	0.859117	0.080504
798	A	1.418931	0.045644
799	A	1.152171	0.04384
800	U	0.132097	0.078719
801	U	0.734327	0.036984
802	G	1.132946	0.07148
803	A	1.65904	0.048497
804	U	0.512685	0.031351
805	G	2.547261	0.099097
806	U	1.115256	0.06928
807	U	0.808512	0.037436
808	U	0.396135	0.028009
809	U	0.352489	0.026679
810	G	0.430447	0.071275
811	G	0.767572	0.099785
812	A	1.883054	0.050959
813	A	0.736957	0.034925
814	U	0.591284	0.037711
815	G	1.003671	0.194372
816	G	0.405156	0.082684
817	C	0.230212	0.045426
818	A	0.13159	0.030361
819	G	2.129088	0.083857
820	A	0.128635	0.039898
821	G	0.257748	0.095884
822	A	1.354793	0.044207
823	A	0.595881	0.033377
824	C	0.465576	0.095973
825	U	0.478566	0.032342
826	G	0.525128	0.108095
827	A	0.155998	0.028208
828	C	0.137449	0.027196
829	U	0.412682	0.029558
830	A	1.032833	0.037331
831	U	0.774895	0.033673
832	C	0.14989	0.139646
833	G	0.947818	0.048597
834	U	0.382005	0.029719
835	G	0.906571	0.090071
836	C	0.468106	0.077765
837	C	0.284953	0.167413
838	C	0.032081	0.216748
839	C	nan	nan
840	C	nan	nan
841	A	0.104531	0.027909
842	C	0.015906	0.06497
843	U	0.355721	0.030548
844	A	0.598484	0.031199
845	U	0.214505	0.025351
846	G	0.67332	0.075498
847	A	0.432554	0.04229
848	A	0.797949	0.035368
849	A	0.301151	0.048818
850	G	0.300341	0.062209
851	C	0.350732	0.102173
852	A	1.043447	0.042662
853	A	0.777227	0.041794
854	U	1.017242	0.075628
855	C	0.549148	0.162291
856	C	0.229557	0.075427
857	C	nan	nan
858	C	0.147568	0.070116
859	U	1.209047	0.074027
860	C	nan	nan
861	C	0.22187	0.121044
862	A	0.851685	0.039428
863	C	0.21513	0.09112
864	A	0.863286	0.035464
865	A	0.323814	0.041873
866	U	0.314601	0.029287
867	U	0.635057	0.032831
868	A	0.594271	0.035155
869	G	1.5536	0.077983
870	A	0.127347	0.027621
871	G	0.692176	0.05111
872	U	0.051504	0.07553
873	C	0.240471	0.172535
874	U	0.739843	0.046719
875	A	0.609274	0.035325
876	A	0.80337	0.044648
877	A	0.722575	0.042791
878	G	0.205877	0.077787
879	G	0.113401	0.088413
880	C	0.405047	0.042899
881	A	1.196521	0.040679
882	C	0.119361	0.059996
883	A	0.920071	0.038111
884	U	0.900083	0.046604
885	C	nan	nan
886	A	0.918238	0.038126
887	C	0.402231	0.033804
888	U	0.931025	0.054604
889	C	0.204964	0.076923
890	U	0.284181	0.035078
891	G	0.413751	0.089313
892	G	0.997288	0.081345
893	A	0.675646	0.045095
894	C	0.031577	0.071995
895	U	0.422038	0.071661
896	C	nan	nan
897	C	0.120505	0.129402
898	U	0.571707	0.049072
899	A	0.375707	0.031409
900	G	0.711851	0.043729
901	U	0.398122	0.034243
902	G	nan	nan
903	A	0.826859	0.052237
904	U	1.009707	0.044119
905	U	0.047674	0.050149
906	C	0.718988	0.186824
907	U	0.296104	0.072286
908	C	0.163389	0.089839
909	C	0.113766	0.123471
910	U	1.090978	0.0945
911	C	0.179006	0.132906
912	U	0.690659	0.039535
913	A	0.189194	0.034451
914	A	0.920798	0.052209
915	A	0.314306	0.032979
916	G	0.868498	0.084001
917	A	0.142226	0.030781
918	A	0.747625	0.035831
919	A	0.431084	0.03327
920	C	0.432491	0.045417
921	U	1.107888	0.049185
922	U	1.431725	0.049976
923	G	0.183655	0.07239
924	C	nan	nan
925	C	0.133176	0.167144
926	C	nan	nan
927	U	0.064139	0.029537
928	A	3.006575	0.069013
929	U	1.229226	0.059816
930	U	0.48291	0.031808
931	A	0.723887	0.041335
932	G	0.056613	0.160134
933	G	0.117809	0.170109
934	G	nan	nan
935	G	0.231845	0.172266
936	C	nan	nan
937	U	0.090736	0.02809
938	A	0.387357	0.029521
939	U	0.35576	0.037021
940	G	0.344532	0.169031
941	A	0.508655	0.034997
942	A	0.327416	0.029816
943	U	0.388858	0.035523
944	G	0.100429	0.061582
945	C	0.165764	0.038902
946	U	0.847202	0.077384
947	C	0.465846	0.18898
948	C	0.329521	0.072646
949	A	1.120932	0.050873
950	U	0.210711	0.031188
951	U	0.24612	0.046606
952	G	0.691639	0.061587
953	A	0.831096	0.04362
954	A	1.063369	0.042192
955	G	1.230309	0.113581
956	G	1.570051	0.065277
957	U	0.615765	0.049077
958	G	1.035712	0.099859
959	A	1.171745	0.050771
960	A	0.616435	0.031203
961	A	0.549407	0.037958
962	G	0.912487	0.0509
963	U	0.164991	0.042624
964	C	0.366638	0.214591
965	A	1.031015	0.045773
966	C	0.374768	0.041473
967	U	0.517458	0.042705
968	G	1.774519	0.062956
969	U	0.093968	0.03275
970	G	0.881001	0.045727
971	U	0.196556	0.049359
972	C	0.31326	0.231575
973	A	1.266471	0.05173
974	U	0.385224	0.038956
975	U	1.057625	0.047479
976	G	0.734224	0.081354
977	G	0.201651	0.161213
978	G	0.579611	0.18278
979	A	0.704245	0.036312
980	U	0.358186	0.034221
981	C	0.07198	0.151777
982	A	1.206406	0.044918
983	A	1.656389	0.054209
984	G	1.094281	0.071252
985	G	2.203621	0.094312
986	A	1.590693	0.048767
987	G	1.449291	0.05696
988	U	0.956197	0.043673
989	A	0.741436	0.035616
990	G	0.798523	0.062858
991	C	0.018601	0.083033
992	C	0.147131	0.08467
993	A	0.854067	0.034696
994	A	0.35156	0.055692
995	U	0.313663	0.027385
996	G	0.684461	0.072021
997	G	0.831509	0.07789
998	A	0.397769	0.032219
999	A	0.928423	0.038979
1000	A	1.049383	0.040504
1001	U	0.113022	0.026372
1002	U	0.626929	0.03572
1003	G	0.211194	0.103725
1004	A	0.919989	0.04234
1005	U	1.616465	0.048863
1006	U	0.133842	0.047097
1007	C	0.49998	0.08189
1008	U	0.86437	0.059107
1009	C	0.389553	0.180084
1010	C	0.277135	0.150969
1011	C	1.055971	0.190059
1012	U	0.661052	0.041098
1013	G	0.743683	0.088047
1014	A	1.561289	0.054624
1015	U	0.607108	0.036079
1016	U	0.312806	0.032599
1017	G	1.431388	0.052616
1018	U	0.487952	0.236697
1019	C	0.234285	0.083214
1020	C	0.288727	0.157978
1021	A	0.4922	0.073769
1022	U	0.692639	0.046063
1023	U	0.833298	0.043444
1024	C	0.154204	0.158247
1025	A	1.074725	0.040757
1026	C	0.428973	0.052755
1027	U	0.910568	0.040875
1028	U	1.034571	0.049918
1029	G	1.365557	0.054159
1030	U	1.079086	0.041338
1031	G	1.552177	0.069318
1032	G	0.943256	0.076777
1033	C	0.206503	0.083841
1034	C	0.055545	0.06822
1035	G	0.308267	0.046603
1036	U	0.567372	0.040077
1037	G	0.398275	0.056301
1038	C	0.141263	0.076023
1039	U	0.723242	0.053719
1040	C	nan	nan
1041	C	0.343723	0.117001
1042	C	0.170918	0.150429
1043	G	nan	nan
1044	G	0.363672	0.162291
1045	A	0.995697	0.046488
1046	C	nan	nan
1047	U	0.494849	0.032966
1048	U	1.271492	0.050828
1049	G	0.141803	0.167144
1050	G	0.422442	0.159326
1051	G	nan	nan
1052	G	0.50733	0.05722
1053	U	0.381286	0.064471
1054	G	nan	nan
1055	A	1.599188	0.132367
1056	A	0.189851	0.027116
1057	C	0.668305	0.087076
1058	G	0.359359	0.160404
1059	A	0.659888	0.043082
1060	U	0.146973	0.034704
1061	U	0.505874	0.031363
1062	G	1.650792	0.053418
1063	U	0.029461	0.027575
1064	U	0.383626	0.027681
1065	G	0.556936	0.065622
1066	A	0.569106	0.032119
1067	U	1.383019	0.046848
1068	A	1.179579	0.050013
1069	U	0.36568	0.038343
1070	U	0.326864	0.027289
1071	U	0.521478	0.029755
1072	C	0.284144	0.142072
1073	G	0.084381	0.167144
1074	A	0.288379	0.029797
1075	G	0.534162	0.050043
1076	C	0.307059	0.102443
1077	U	0.779862	0.038518
1078	U	0.774585	0.051938
1079	C	0.190867	0.10406
1080	C	0.068475	0.108913
1081	U	0.330969	0.030616
1082	A	1.100113	0.043519
1083	C	0.138034	0.035017
1084	U	0.686873	0.033811
1085	G	1.093579	0.049927
1086	U	0.779739	0.039688
1087	U	0.165996	0.022773
1088	A	0.995612	0.034095
1089	U	0.415535	0.03108
1090	C	nan	nan
1091	A	0.769127	0.033167
1092	A	1.086233	0.039063
1093	C	nan	nan
1094	U	0.614627	0.035958
1095	U	0.623888	0.039756
1096	G	1.513283	0.100032
1097	U	0.227541	0.068268
1098	U	0.42749	0.029606
1099	U	0.173996	0.055097
1100	C	0.402223	0.142881
1101	C	nan	nan
1102	A	0.943503	0.043497
1103	C	0.322695	0.09139
1104	U	1.186955	0.044615
1105	U	0.114574	0.161482
1106	C	0.101365	0.113496
1107	C	nan	nan
1108	A	0.664488	0.032365
1109	U	0.752329	0.037601
1110	A	0.422656	0.035184
1111	G	1.428721	0.066259
1112	A	0.105678	0.027912
1113	G	0.824874	0.049469
1114	U	0.136064	0.072791
1115	C	0.072303	0.07848
1116	U	1.679384	0.046211
1117	G	0.282169	0.072704
1118	G	1.271367	0.056438
1119	U	0.141692	0.081809
1120	C	0.048795	0.158517
1121	U	0.884613	0.036859
1122	G	1.271261	0.069405
1123	U	1.026449	0.041055
1124	U	0.713644	0.032234
1125	C	nan	nan
1126	G	0.177637	0.088459
1127	G	0.08352	0.039298
1128	U	0.056838	0.053996
1129	A	1.182329	0.040654
1130	G	1.171892	0.048644
1131	U	0.390072	0.045391
1132	C	nan	nan
1133	G	nan	nan
1134	A	0.469242	0.026478
1135	U	0.280808	0.067406
1136	C	nan	nan
1137	C	nan	nan
1138	A	0.420092	0.030396
1139	G	0.561681	0.072995
1140	A	1.469531	0.04261
1141	A	0.835531	0.045453
1142	U	0.528801	0.027855
1143	G	0.370229	0.101624
1144	G	0.822936	0.052587
1145	U	0.351671	0.044394
1146	G	0.443256	0.087933
1147	A	0.152138	0.029608
1148	A	1.013144	0.038838
1149	U	0.321186	0.035577
1150	U	0.993467	0.066757
1151	C	0.001887	0.17604
1152	C	0.335976	0.071303
1153	C	nan	nan
1154	C	0.61951	0.167144
1155	A	0.15046	0.026624
1156	A	0.726707	0.033517
1157	A	0.449401	0.0288
1158	C	0.067458	0.026851
1159	U	0.341245	0.028044
1160	A	0.69425	0.028954
1161	U	0.67385	0.077995
1162	C	0.142621	0.067366
1163	A	0.081976	0.023672
1164	G	1.672684	0.071938
1165	A	0.219719	0.026048
1166	G	0.806307	0.060347
1167	C	0.247715	0.033989
1168	U	0.624009	0.032877
1169	G	nan	nan
1170	G	1.659306	0.360437
1171	U	0.614498	0.067148
1172	U	0.633636	0.035118
1173	U	0.768086	0.037448
1174	G	1.39012	0.064732
1175	U	0.635144	0.04735
1176	U	0.311613	0.026201
1177	U	0.37442	0.046971
1178	C	0.333062	0.067931
1179	U	1.019658	0.0488
1180	G	1.285826	0.073914
1181	G	0.323131	0.082352
1182	G	0.657522	0.157439
1183	A	0.370529	0.098241
1184	U	0.374995	0.092199
1185	U	0.659997	0.036803
1186	U	nan	nan
1187	C	0.338336	0.054529
1188	U	0.363853	0.029071
1189	A	2.24365	0.050562
1190	U	nan	nan
1191	A	1.090139	0.0334
1192	U	0.31212	0.023085
1193	G	1.110523	0.098908
1194	A	1.235888	0.052978
1195	U	1.036429	0.047478
1196	U	0.691093	0.02959
1197	U	0.64692	0.02846
1198	G	0.504069	0.088967
1199	G	0.88353	0.049585
1200	U	0.257606	0.036594
1201	C	0.191946	0.195181
1202	A	1.47398	0.048548
1203	U	0.998306	0.047964
1204	U	0.407885	0.057692
1205	U	0.688229	0.031936
1206	G	1.228055	0.063615
1207	A	1.445124	0.052561
1208	G	1.324218	0.093895
1209	G	0.27289	0.081292
1210	G	0.180893	0.199764
1211	A	1.8412	0.046032
1212	A	0.66093	0.029851
1213	U	0.612502	0.031645
1214	G	0.836581	0.050883
1215	C	0.351002	0.07818
1216	C	0.13722	0.145846
1217	G	0.736896	0.077369
1218	C	0.202476	0.031221
1219	A	1.457444	0.04315
1220	U	0.387381	0.028928
1221	U	0.319335	0.024696
1222	G	1.049422	0.040461
1223	U	0.1071	0.067218
1224	C	nan	nan
1225	U	1.521278	0.113766
1226	G	0.461574	0.084135
1227	A	0.996571	0.035017
1228	A	1.231301	0.042401
1229	U	0.354432	0.032413
1230	U	0.580679	0.034189
1231	C	0.403302	0.16957
1232	G	1.132871	0.103191
1233	A	0.45165	0.036793
1234	C	0.280224	0.033989
1235	A	0.535683	0.033942
1236	G	1.146835	0.060666
1237	C	0.316225	0.070632
1238	A	0.47894	0.043289
1239	A	0.417543	0.049445
1240	C	0.199494	0.068205
1241	C	0.168222	0.136141
1242	A	0.963715	0.03619
1243	C	0.408963	0.11107
1244	U	0.624984	0.038716
1245	U	0.866104	0.041845
1246	C	0.050143	0.119427
1247	A	1.600896	0.063665
1248	U	0.44183	0.041538
1249	U	0.568939	0.029125
1250	U	0.352247	0.042856
1251	C	nan	nan
1252	C	nan	nan
1253	G	1.108686	0.070572
1254	C	0.002157	0.057692
1255	A	0.381542	0.023664
1256	U	0.751809	0.028791
1257	A	0.419296	0.032797
1258	G	1.114232	0.049458
1259	A	1.807807	0.0428
1260	A	0.924961	0.030727
1261	G	1.089033	0.071067
1262	G	0.398439	0.064132
1263	A	0.282548	0.023482
1264	A	1.253475	0.034498
1265	G	nan	nan
1266	A	0.226453	0.050682
1267	A	0.260288	0.035068
1268	C	0.098399	0.066588
1269	C	0.344262	0.111609
1270	U	0.887815	0.033887
1271	G	0.386857	0.144229
1272	A	2.657316	0.121314
1273	U	0.651349	0.05282
1274	C	0.018871	0.140994
1275	U	1.906407	0.042491
1276	U	0.118365	0.032205
1277	C	0.259073	0.090312
1278	U	0.79151	0.032003
1279	G	0.695004	0.055253
1280	C	0.25422	0.063353
1281	A	0.966162	0.038624
1282	G	1.174348	0.054851
1283	G	0.285492	0.120236
1284	C	0.56101	0.075754
1285	A	0.533448	0.042285
1286	C	0.30556	0.057321
1287	U	0.436017	0.029194
1288	U	0.548573	0.028275
1289	G	1.812099	0.060451
1290	U	0.15979	0.025625
1291	U	0.023953	0.027692
1292	G	1.177675	0.055254
1293	U	0.571866	0.033532
1294	U	0.346035	0.038031
1295	C	nan	nan
1296	C	0.094625	0.120505
1297	A	1.698858	0.042023
1298	U	0.200203	0.022478
1299	U	0.653084	0.030098
1300	G	0.448274	0.077932
1301	G	0.704009	0.08422
1302	U	0.470994	0.037725
1303	U	0.199651	0.041829
1304	C	0.028576	0.154743
1305	U	0.540537	0.03131
1306	U	0.480839	0.025045
1307	A	1.471087	0.041652
1308	U	1.029386	0.031916
1309	U	0.289004	0.041117
1310	C	0.131019	0.128323
1311	C	0.016984	0.108104
1312	A	0.483758	0.097888
1313	C	0.153955	0.026734
1314	U	0.65274	0.027338
1315	A	1.504507	0.034423
1316	U	0.203113	0.019689
1317	A	0.407347	0.024329
1318	G	0.544835	0.172266
1319	G	0.318384	0.042339
1320	U	0.455692	0.042274
1321	G	0.755226	0.10035
1322	A	0.278775	0.032107
1323	A	0.29759	0.020756
1324	A	0.775289	0.035316
1325	C	0.279365	0.047846
1326	C	0.185206	0.1046
1327	C	0.055535	0.117809
1328	A	0.931487	0.05415
1329	U	0.2216	0.050143
1330	U	0.300389	0.04644
1331	G	0.129402	0.152047
1332	A	0.438893	0.028939
1333	C	0.149351	0.067666
1334	U	0.811487	0.052858
1335	C	0.578832	0.122991
1336	U	0.479656	0.048676
1337	U	0.68127	0.027416
1338	U	0.051178	0.018709
1339	A	0.880024	0.028525
1340	U	0.166992	0.023168
1341	C	nan	nan
1342	G	0.278753	0.157169
1343	A	0.372772	0.028699
1344	C	0.6063	0.074406
1345	U	1.038289	0.05774
1346	C	0.160404	0.13048
1347	C	0.238854	0.097051
1348	U	0.62291	0.057515
1349	C	nan	nan
1350	C	0.344532	0.106217
1351	U	0.273674	0.033821
1352	G	0.038551	0.137759
1353	A	0.420617	0.068948
1354	C	0.347767	0.127245
1355	C	0.133985	0.135602
1356	C	0.104869	0.15016
1357	C	nan	nan
1358	C	0.043134	0.114844
1359	G	0.492265	0.105678
1360	A	0.223869	0.030576
1361	A	0.603418	0.035482
1362	G	0.675854	0.144229
1363	G	0.305711	0.13048
1364	A	0.796397	0.03449
1365	U	0.625339	0.054152
1366	C	0.121707	0.057867
1367	U	0.754535	0.03657
1368	G	1.086318	0.054355
1369	C	0.065779	0.083572
1370	C	0.049874	0.122932
1371	U	0.899666	0.041121
1372	C	0.095973	0.097321
1373	A	0.343519	0.033031
1374	G	1.462619	0.04544
1375	U	0.553095	0.0347
1376	G	0.381186	0.083137
1377	A	0.973352	0.04434
1378	U	0.376068	0.029062
1379	U	0.588238	0.106217
1380	C	0.009975	0.190867
1381	U	0.431301	0.038455
1382	U	0.156466	0.028503
1383	C	nan	nan
1384	A	1.552034	0.04669
1385	U	0.372327	0.036061
1386	U	0.997926	0.033121
1387	U	0.312445	0.033913
1388	A	1.000065	0.031955
1389	U	0.217958	0.022827
1390	G	nan	nan
1391	A	0.318877	0.027106
1392	A	0.18652	0.02656
1393	C	0.299511	0.07845
1394	U	0.80422	0.034957
1395	U	0.532702	0.051095
1396	C	nan	nan
1397	C	0.50251	0.118079
1398	C	nan	nan
1399	A	0.050682	0.058231
1400	G	0.356916	0.061965
1401	G	0.718515	0.059813
1402	A	0.597248	0.034299
1403	U	0.607543	0.032132
1404	A	0.35632	0.025626
1405	G	0.439799	0.062152
1406	C	0.221061	0.073328
1407	A	1.299784	0.041246
1408	C	0.226453	0.056613
1409	A	0.196459	0.022233
1410	C	0.272552	0.064162
1411	A	0.927397	0.031717
1412	U	0.780051	0.034888
1413	C	0.164717	0.125358
1414	G	0.942642	0.078747
1415	U	0.354835	0.033939
1416	U	1.15358	0.055059
1417	C	0.511406	0.16957
1418	C	0.17631	0.126436
1419	C	nan	nan
1420	U	0.459105	0.036379
1421	U	0.912762	0.064118
1422	C	0.296707	0.067263
1423	C	0.12374	0.128054
1424	C	nan	nan
1425	U	0.62958	0.043655
1426	U	0.712004	0.033315
1427	C	0.271743	0.121314
1428	G	1.633385	0.069177
1429	U	0.791846	0.041914
1430	U	0.315691	0.028341
1431	C	0.065779	0.193833
1432	G	0.363854	0.09322
1433	A	1.097239	0.038513
1434	U	0.414498	0.033946
1435	U	0.484644	0.052612
1436	A	0.781824	0.037325
1437	U	0.281619	0.034365
1438	C	0.203808	0.179545
1439	A	0.047986	0.053648
1440	A	0.940292	0.033983
1441	A	0.939503	0.061612
1442	U	0.948022	0.053122
1443	U	0.12999	0.028634
1444	U	0.53709	0.031084
1445	G	0.555163	0.109752
1446	A	0.700882	0.040276
1447	U	0.616936	0.049724
1448	U	0.240239	0.030492
1449	C	nan	nan
1450	A	0.831064	0.059993
1451	A	1.090632	0.037969
1452	A	0.342048	0.029644
1453	C	0.432417	0.116192
1454	U	0.479105	0.076296
1455	C	nan	nan
1456	C	0.255299	0.119696
1457	A	0.271362	0.038101
1458	G	0.495328	0.069818
1459	G	0.379062	0.109081
1460	A	1.413569	0.048728
1461	A	0.762661	0.136411
1462	U	0.564784	0.078719
1463	U	0.476426	0.037225
1464	G	0.040438	0.245863
1465	A	0.471577	0.031536
1466	U	0.287316	0.043058
1467	C	nan	nan
1468	A	1.192319	0.043925
1469	C	0.149621	0.095164
1470	A	0.728157	0.03901
1471	U	0.157633	0.033866
1472	U	0.648332	0.046852
1473	G	0.191347	0.092447
1474	G	nan	nan
1475	G	0.092468	0.138298
1476	G	0.233462	0.143151
1477	A	1.251402	0.063129
1478	G	0.18401	0.084907
1479	G	0.331964	0.064401
1480	U	0.445385	0.087066
1481	C	nan	nan
1482	C	0.203538	0.137759
1483	U	0.504483	0.034924
1484	A	1.9804	0.051835
1485	U	0.524962	0.043153
1486	U	0.804663	0.032373
1487	A	1.839625	0.053159
1488	G	0.144768	0.169031
1489	G	0.038012	0.164448
1490	G	nan	nan
1491	U	0.199225	0.203268
1492	U	0.422442	0.13021
1493	C	0.225374	0.153664
1494	C	0.133445	0.128054
1495	U	0.244689	0.030457
1496	A	0.554947	0.039204
1497	G	0.318918	0.073233
1498	G	nan	nan
1499	A	0.101711	0.037531
1500	G	0.373917	0.204077
1501	C	0.186554	0.123201
1502	C	nan	nan
1503	C	nan	nan
1504	A	0.885163	0.039225
1505	C	0.100043	0.02816
1506	A	1.643773	0.041636
1507	U	0.309671	0.031487
1508	U	0.366422	0.023925
1509	G	0.613696	0.042351
1510	U	0.175849	0.065874
1511	C	nan	nan
1512	C	0.259342	0.138837
1513	C	0.402223	0.13048
1514	A	0.049065	0.056883
1515	G	0.066049	0.140994
1516	G	0.340218	0.092468
1517	U	0.19572	0.124549
1518	C	nan	nan
1519	U	0.731742	0.031875
1520	G	1.726312	0.063024
1521	U	0.688582	0.031497
1522	U	0.728282	0.052097
1523	G	0.252843	0.05661
1524	G	0.309216	0.266352
1525	C	0.186824	0.101095
1526	C	nan	nan
1527	U	0.797118	0.056315
1528	U	0.09907	0.029176
1529	U	0.20022	0.024513
1530	U	0.556479	0.040824
1531	C	0.099208	0.14342
1532	C	0.453714	0.131289
1533	C	nan	nan
1534	U	0.557635	0.033317
1535	U	0.657467	0.038819
1536	G	0.568946	0.063268
1537	G	0.331078	0.086955
1538	G	0.423996	0.047972
1539	U	1.143317	0.11107
1540	G	0.669878	0.065316
1541	C	0.225914	0.085998
1542	A	0.322972	0.026998
1543	G	0.67358	0.059937
1544	A	0.172448	0.101526
1545	U	0.83775	0.047168
1546	U	0.512622	0.030194
1547	U	0.257767	0.025248
1548	U	0.519926	0.038832
1549	C	0.264734	0.166605
1550	C	0.02615	0.110531
1551	C	0.059848	0.13075
1552	G	0.387493	0.072848
1553	A	0.32696	0.023385
1554	U	0.983279	0.035982
1555	A	1.476979	0.040304
1556	U	0.334927	0.02857
1557	U	0.535668	0.028132
1558	C	0.544835	0.153125
1559	G	2.039422	0.057306
1560	C	0.127703	0.041141
1561	G	0.517122	0.06405
1562	G	nan	nan
1563	U	0.403733	0.035009
1564	U	0.552283	0.027991
1565	U	0.056638	0.076227
1566	C	nan	nan
1567	C	0.035046	0.109183
1568	A	1.126622	0.036762
1569	C	0.343804	0.029598
1570	U	0.862	0.033888
1571	G	1.076709	0.122947
1572	U	0.308525	0.03733
1573	U	0.345053	0.021136
1574	U	0.284113	0.059277
1575	C	nan	nan
1576	C	0.201681	0.064516
1577	G	2.230516	0.054212
1578	U	0.47735	0.030902
1579	G	0.381794	0.068777
1580	G	0.048256	0.116461
1581	C	0.164987	0.080876
1582	A	0.58784	0.043475
1583	U	0.367012	0.031605
1584	U	0.379324	0.029919
1585	C	0.063622	0.13048
1586	A	0.82497	0.028537
1587	C	0.070681	0.027455
1588	U	1.705273	0.037171
1589	A	0.060267	0.017876
1590	C	0.19599	0.100556
1591	U	0.959323	0.037517
1592	U	0.811411	0.039914
1593	C	0.158247	0.128593
1594	A	1.189323	0.039819
1595	A	1.171553	0.046215
1596	U	1.243611	0.099664
1597	C	0.24775	0.160674
1598	C	0.599561	0.144229
1599	C	nan	nan
1600	C	nan	nan
1601	C	nan	nan
1602	U	0.568525	0.063956
1603	C	0.138028	0.122662
1604	U	0.125627	0.124549
1605	C	0.200033	0.139376
1606	U	0.402762	0.034895
1607	G	1.675039	0.061466
1608	U	0.234615	0.030945
1609	U	0.161934	0.023536
1610	A	0.25366	0.024354
1611	G	0.719953	0.047652
1612	C	0.417664	0.059877
1613	G	1.023104	0.05327
1614	U	0.718654	0.044899
1615	G	0.774898	0.096436
1616	U	0.190412	0.04428
1617	U	0.362442	0.03895
1618	C	nan	nan
1619	A	0.942187	0.059228
1620	C	0.191407	0.114305
1621	C	nan	nan
1622	U	1.396683	0.088848
1623	U	0.325153	0.029797
1624	U	0.396985	0.027781
1625	G	1.207524	0.06822
1626	U	0.745722	0.04116
1627	U	0.276701	0.080909
1628	C	0.409502	0.212434
1629	C	0.095703	0.146116
1630	A	1.87648	0.071068
1631	U	0.464309	0.046019
1632	U	0.325281	0.035604
1633	U	0.968978	0.044044
1634	G	0.373497	0.059815
1635	C	0.072519	0.09759
1636	C	0.604144	0.179275
1637	A	0.966411	0.044006
1638	C	0.009436	0.064162
1639	A	0.101085	0.03215
1640	G	1.029947	0.06212
1641	C	0.119427	0.078989
1642	A	0.789803	0.035763
1643	U	0.640802	0.036283
1644	G	0.560693	0.132823
1645	G	0.554499	0.057309
1646	U	0.689851	0.039843
1647	G	0.903279	0.047197
1648	U	0.19157	0.130499
1649	C	0.140994	0.172535
1650	C	0.234271	0.159595
1651	A	0.286977	0.031831
1652	A	0.412737	0.07845
1653	G	0.348036	0.181971
1654	A	0.263389	0.037478
1655	C	0.419775	0.039219
1656	A	0.281646	0.023734
1657	U	1.217464	0.069701
1658	A	1.518196	0.08408
1659	U	0.742542	0.056098
1660	U	0.848196	0.041472
1661	U	0.324313	0.079798
1662	U	0.284014	0.025968
1663	G	0.88223	0.041647
1664	U	0.150429	0.137489
1665	C	0.468811	0.193294
1666	U	0.612211	0.089668
1667	C	0.142881	0.193294
1668	C	nan	nan
1669	U	0.482927	0.076346
1670	U	0.247172	0.038135
1671	U	0.173737	0.031861
1672	A	0.324926	0.080205
1673	G	0.470982	0.08496
1674	C	nan	nan
1675	U	0.970785	0.073962
1676	U	0.885624	0.071743
1677	C	nan	nan
1678	A	1.205554	0.07195
1679	A	1.785952	0.082204
1680	U	0.344322	0.065103
1681	C	0.030733	0.293041
1682	A	1.071683	0.077315
1683	G	0.773154	0.123796
1684	C	0.272822	0.135333
1685	A	1.557705	0.114597
1686	C	nan	nan
1687	A	nan	nan
1688	C	nan	nan
1689	A	0.403409	0.073047
1690	G	0.559734	0.130636
1691	G	0.247877	0.144409
1692	C	nan	nan
1693	A	1.038195	0.064174
1694	A	0.660334	0.059925
1695	U	0.28959	0.055294
1696	G	1.356286	0.196699
1697	A	0.599939	0.062073
1698	A	0.185268	0.037177
1699	U	0.637124	0.081359
1700	A	0.401885	0.058081
1701	C	0.24436	0.079702
1702	C	nan	nan
1703	A	0.442999	0.060927
1704	G	0.316172	0.151514
1705	A	0.676699	0.069415
1706	A	1.133351	0.130925
1707	U	0.729354	0.083085
1708	U	nan	nan
1709	U	0.37376	0.05553
1710	G	nan	nan
1711	A	0.419595	0.075936
1712	G	1.388227	0.100861
1713	U	0.9246	0.08468
1714	G	1.37879	0.198498
1715	U	0.359585	0.078001
1716	U	0.384524	0.062605
1717	C	nan	nan
1718	A	1.113977	0.137739
1719	U	0.189552	0.102669
1720	U	0.55425	0.083601
1721	U	0.119361	0.159463
1722	U	0.164091	0.092022
1723	G	0.851596	0.148964
1724	U	0.491652	0.305348
1725	A	1.022978	0.198779
1726	U	1.280552	0.379265
1727	C	0.349384	0.725458
1728	C	0.026979	0.184485
1729	C	nan	nan
1730	C	nan	nan
1731	U	nan	nan
1732	G	nan	nan
1733	C	nan	nan
1734	U	nan	nan
1735	U	nan	nan
1736	U	nan	nan
1737	U	nan	nan
1738	G	nan	nan
1739	C	nan	nan
1740	U	nan	nan
