Nucleotide	Sequence	Norm_profile	Norm_stderr
1	A	nan	nan
2	G	nan	nan
3	U	nan	nan
4	A	nan	nan
5	G	nan	nan
6	A	nan	nan
7	A	nan	nan
8	A	nan	nan
9	C	0.560161	0.491077
10	A	2.65063	0.93381
11	A	nan	nan
12	G	0.97159	0.520302
13	G	0.411975	0.224589
14	U	0.347767	0.175771
15	A	0.198829	0.11616
16	G	2.141901	0.397339
17	U	1.214488	0.294658
18	U	0.202143	0.043078
19	U	0.055028	0.038436
20	U	0.09246	0.050572
21	U	1.83939	0.277135
22	U	0.167252	0.027385
23	A	0.297306	0.034279
24	C	0.133859	0.035849
25	U	0.628679	0.093111
26	C	2.924207	0.288727
27	C	0.444548	0.170379
28	A	0.270223	0.070022
29	G	0.182966	0.055693
30	C	0.064701	0.06524
31	U	0.281906	0.068803
32	C	0.358281	0.155821
33	U	0.362748	0.03142
34	A	0.644628	0.035439
35	U	0.754796	0.037164
36	G	0.66113	0.050338
37	U	0.145384	0.03026
38	U	0.181341	0.031058
39	G	0.174692	0.223218
40	A	0.048547	0.01769
41	C	0.406033	0.061393
42	A	0.261176	0.029721
43	A	1.363845	0.043975
44	A	0.275428	0.019671
45	A	0.422657	0.025634
46	U	0.172398	0.024943
47	G	nan	nan
48	A	0.11749	0.0202
49	C	0.389283	0.084381
50	U	0.190101	0.022854
51	A	0.566743	0.026383
52	U	0.692437	0.034533
53	C	0.402762	0.15636
54	G	0.814711	0.04581
55	U	0.230286	0.033776
56	C	0.099747	0.146116
57	A	0.328063	0.02369
58	A	0.383388	0.024356
59	C	0.105421	0.023333
60	A	0.457121	0.023967
61	U	0.122807	0.070382
62	C	0.310025	0.108643
63	C	0.485256	0.150969
64	A	0.335669	0.028864
65	C	0.084381	0.056344
66	A	0.068292	0.02838
67	G	0.191925	0.057295
68	C	0.105678	0.062544
69	A	0.552267	0.025587
70	C	0.317338	0.028793
71	U	0.558798	0.044847
72	C	0.905811	0.167953
73	U	0.194928	0.025867
74	G	0.060133	0.045942
75	C	nan	nan
76	U	0.205844	0.021584
77	G	2.216616	0.068911
78	U	0.381445	0.028964
79	U	0.282375	0.044325
80	C	0.199764	0.183049
81	C	0.173883	0.123201
82	U	0.08067	0.021131
83	G	0.144879	0.049518
84	C	0.444009	0.10406
85	C	0.725997	0.17631
86	G	nan	nan
87	A	0.060732	0.013772
88	U	0.878918	0.037043
89	A	1.534609	0.045407
90	U	0.427816	0.030778
91	U	0.29871	0.038331
92	C	0.389283	0.15636
93	U	0.380285	0.028186
94	U	0.677648	0.047777
95	C	0.193024	0.123201
96	C	nan	nan
97	C	nan	nan
98	U	0.276638	0.043367
99	C	nan	nan
100	A	0.701669	0.029657
101	U	1.080614	0.038051
102	A	0.736884	0.029194
103	G	nan	nan
104	A	0.295254	0.023701
105	C	0.195161	0.025117
106	U	1.089319	0.038684
107	C	0.692669	0.061859
108	A	0.61274	0.036362
109	G	0.624215	0.073345
110	G	0.127341	0.070731
111	C	0.191208	0.043215
112	A	0.654823	0.029635
113	C	0.265208	0.029789
114	U	0.979598	0.053316
115	C	0.114035	0.150699
116	C	0.150447	0.081708
117	U	0.875813	0.045037
118	U	0.279834	0.058428
119	C	0.297085	0.124279
120	C	0.627059	0.148542
121	G	0.870732	0.050267
122	U	0.497589	0.031079
123	A	0.669067	0.04472
124	G	0.890192	0.059674
125	A	0.866923	0.045244
126	A	0.568039	0.035563
127	G	0.196529	0.126975
128	G	nan	nan
129	C	0.283918	0.057115
130	C	0.466386	0.131477
131	C	0.097321	0.140455
132	U	1.001016	0.08095
133	C	0.193903	0.121847
134	U	0.531201	0.08511
135	U	0.544105	0.05173
136	U	0.232448	0.031372
137	U	0.347395	0.035345
138	C	nan	nan
139	A	1.099343	0.045644
140	A	0.77635	0.040786
141	U	0.28947	0.075779
142	C	0.072161	0.084695
143	C	0.305981	0.184128
144	G	0.538707	0.062927
145	U	0.508513	0.041878
146	A	1.357815	0.065012
147	U	0.413661	0.043621
148	U	0.307589	0.031067
149	U	0.23758	0.037637
150	A	0.463708	0.044726
151	A	3.459875	0.239663
152	G	0.445172	0.071425
153	G	0.704058	0.072676
154	C	1.246838	0.159326
155	G	0.127514	0.210817
156	A	1.06916	0.06334
157	C	0.569637	0.119696
158	G	0.106217	0.181971
159	A	0.335219	0.034843
160	U	0.626156	0.048872
161	A	0.526813	0.039681
162	A	1.065179	0.045202
163	A	0.390615	0.031393
164	U	0.518726	0.038881
165	G	0.113703	0.085686
166	C	0.103794	0.046973
167	A	0.832434	0.060739
168	U	0.709407	0.056668
169	U	0.227515	0.027168
170	U	0.355146	0.047129
171	G	0.826693	0.07428
172	A	0.472408	0.036596
173	A	1.982804	0.058935
174	G	0.921551	0.090196
175	A	0.159171	0.053943
176	A	0.962763	0.038475
177	A	0.076832	0.047717
178	A	0.668305	0.091659
179	G	0.665725	0.056714
180	A	0.526168	0.032513
181	U	1.129474	0.052625
182	G	nan	nan
183	A	0.484372	0.0413
184	U	0.372582	0.035131
185	C	0.072788	0.201112
186	A	0.380647	0.029723
187	A	0.440985	0.030619
188	G	0.829492	0.089583
189	A	0.250413	0.028774
190	A	0.328266	0.023972
191	U	0.192169	0.088759
192	C	nan	nan
193	C	nan	nan
194	A	0.849702	0.038242
195	C	0.230232	0.031018
196	A	0.369759	0.02671
197	A	0.040137	0.030185
198	U	1.422548	0.051093
199	A	0.489821	0.027521
200	U	0.496003	0.032787
201	C	0.22187	0.151508
202	A	0.639397	0.033494
203	A	0.109092	0.017113
204	G	0.244203	0.041644
205	U	0.431909	0.033557
206	G	0.224799	0.048748
207	C	0.077102	0.076023
208	A	0.124459	0.022994
209	A	0.522256	0.034923
210	G	0.221233	0.063547
211	A	0.373753	0.029632
212	U	0.767009	0.05327
213	C	0.283336	0.196529
214	C	0.421364	0.139915
215	C	nan	nan
216	A	0.796962	0.03329
217	A	0.905433	0.033283
218	U	0.661006	0.030092
219	G	1.097076	0.062113
220	A	0.179047	0.022405
221	U	0.66801	0.032757
222	G	0.342973	0.042553
223	C	0.259882	0.08492
224	U	1.123737	0.039854
225	U	0.314402	0.025066
226	G	1.492913	0.048359
227	C	0.307199	0.06214
228	G	0.92357	0.073175
229	G	0.382548	0.075246
230	C	0.238315	0.089772
231	A	1.94056	0.046034
232	A	0.467625	0.025524
233	U	0.931277	0.033536
234	A	0.986327	0.033671
235	A	0.222028	0.01945
236	C	0.249246	0.035392
237	G	0.357878	0.085943
238	A	2.107362	0.047372
239	G	0.142342	0.107295
240	A	0.791221	0.037646
241	G	0.814874	0.077054
242	G	nan	nan
243	A	0.537406	0.028085
244	U	0.412076	0.033037
245	C	0.113496	0.144498
246	A	0.677082	0.049258
247	C	0.56833	0.034708
248	U	0.846547	0.034559
249	U	0.744489	0.033004
250	G	0.666572	0.097629
251	A	0.559918	0.033489
252	A	0.489779	0.023311
253	U	0.455854	0.033881
254	C	0.009705	0.149621
255	G	1.175246	0.061511
256	C	0.174184	0.030773
257	U	1.154481	0.040679
258	G	0.203945	0.049318
259	C	0.3262	0.096512
260	A	2.186031	0.053204
261	U	0.347861	0.035953
262	U	0.187399	0.026825
263	U	0.226867	0.021386
264	G	0.069081	0.047373
265	C	0.126436	0.082224
266	A	0.681858	0.031844
267	C	0.101267	0.035143
268	U	0.702531	0.058997
269	C	0.59336	0.184397
270	C	0.558314	0.127784
271	C	nan	nan
272	A	0.627033	0.02971
273	U	0.767118	0.062062
274	C	0.217238	0.054882
275	C	0.117001	0.128323
276	G	1.611316	0.066743
277	U	0.183664	0.038112
278	U	0.889501	0.034226
279	U	0.533004	0.045359
280	C	0.133445	0.120505
281	U	0.011683	0.041997
282	G	0.070085	0.068598
283	A	0.643133	0.03149
284	U	0.365576	0.025749
285	A	0.156692	0.063879
286	G	0.357385	0.05283
287	G	0.641145	0.056943
288	C	0.293041	0.107026
289	C	1.1479	0.174692
290	U	0.195358	0.03094
291	G	0.299244	0.052642
292	C	3.914129	0.236428
293	A	0.14529	0.026078
294	A	0.478401	0.026277
295	A	0.545632	0.038929
296	U	0.491342	0.036834
297	U	nan	nan
298	U	0.138699	0.024239
299	U	0.524582	0.034187
300	C	nan	nan
301	A	2.601511	0.152856
302	A	1.386484	0.108374
303	G	2.13741	0.067093
304	A	0.753225	0.089772
305	A	0.930883	0.095973
306	G	0.824791	0.082613
307	A	0.694131	0.038967
308	U	0.554952	0.03262
309	C	0.686576	0.09254
310	A	0.412198	0.074406
311	U	0.439583	0.049795
312	C	nan	nan
313	U	0.7791	0.055728
314	U	0.770801	0.033978
315	U	0.143349	0.02395
316	U	0.66534	0.064431
317	A	0.481365	0.085555
318	G	0.589856	0.173344
319	A	0.30561	0.033503
320	C	0.172104	0.046245
321	C	nan	nan
322	A	0.227312	0.022701
323	G	0.682692	0.053627
324	C	0.228328	0.039296
325	A	0.81416	0.036473
326	C	0.162445	0.027294
327	U	0.687998	0.02834
328	G	0.45511	0.050775
329	G	0.155332	0.068768
330	A	0.564969	0.037393
331	G	0.353289	0.049155
332	C	0.166538	0.03226
333	U	0.555818	0.025855
334	A	0.603612	0.03078
335	G	0.181611	0.06704
336	G	1.047192	0.058695
337	A	0.575845	0.027129
338	U	0.807752	0.028874
339	G	0.132079	0.065125
340	A	0.372859	0.02687
341	G	0.888467	0.034678
342	U	0.279174	0.05175
343	C	0.401415	0.158787
344	C	0.247211	0.107835
345	C	0.229127	0.077501
346	A	1.39243	0.032959
347	A	0.73792	0.038446
348	U	0.647715	0.024291
349	G	0.318425	0.070121
350	G	0.722434	0.038105
351	U	0.658352	0.04643
352	C	0.420825	0.16984
353	C	0.400336	0.107026
354	U	0.416791	0.034005
355	C	nan	nan
356	A	0.914586	0.032712
357	U	0.106111	0.024191
358	U	0.691759	0.068745
359	G	0.578545	0.039525
360	C	0.221331	0.087885
361	C	0.158958	0.059292
362	U	0.191637	0.032346
363	G	0.154928	0.05214
364	C	0.369603	0.075215
365	A	0.453616	0.034829
366	C	0.265653	0.050462
367	C	nan	nan
368	A	0.912048	0.029006
369	U	1.074915	0.046244
370	C	0.337792	0.088424
371	U	0.385357	0.030702
372	G	0.601076	0.049142
373	C	0.197337	0.080876
374	C	0.100825	0.109452
375	U	0.049379	0.027759
376	A	0.152467	0.023559
377	G	0.276363	0.042791
378	C	0.177658	0.088964
379	C	0.330783	0.094895
380	U	0.420732	0.029516
381	G	0.349924	0.164178
382	A	0.699764	0.032237
383	C	0.142342	0.064162
384	U	0.185206	0.05203
385	G	0.0523	0.125358
386	G	0.007279	0.111609
387	C	0.101365	0.068745
388	A	0.116741	0.022349
389	A	0.445032	0.032098
390	C	0.066588	0.065779
391	C	0.226183	0.102982
392	U	0.803812	0.083645
393	C	0.172696	0.056411
394	C	0.100825	0.099208
395	A	0.878976	0.03339
396	U	0.343797	0.02767
397	A	0.152807	0.027182
398	G	0.53512	0.0432
399	C	0.09813	0.079528
400	C	0.048795	0.099747
401	U	1.010942	0.063318
402	C	0.084376	0.044817
403	U	0.761643	0.032808
404	G	2.525089	0.058952
405	C	0.170379	0.077371
406	U	0.147444	0.023372
407	G	0.109985	0.039253
408	C	0.322156	0.105139
409	U	0.802986	0.035377
410	U	0.424894	0.033328
411	G	1.046256	0.061687
412	U	0.71258	0.043745
413	U	0.451942	0.034117
414	C	0.120505	0.197877
415	A	0.721785	0.035897
416	C	0.44354	0.035097
417	U	0.875048	0.046925
418	C	0.015906	0.172805
419	G	nan	nan
420	A	0.924465	0.048293
421	C	0.347767	0.095164
422	C	0.080876	0.150969
423	C	0.047986	0.129402
424	U	0.198292	0.036318
425	G	0.455254	0.065847
426	C	0.420825	0.100556
427	C	0.109722	0.147464
428	A	0.482038	0.033164
429	U	0.143476	0.068072
430	C	0.215939	0.095434
431	U	1.096704	0.044279
432	G	0.104607	0.05074
433	C	0.237506	0.09112
434	U	0.517981	0.083903
435	C	0.697263	0.083431
436	C	0.118079	0.126167
437	A	0.662282	0.038867
438	U	0.730149	0.043074
439	G	0.324416	0.071625
440	G	0.350463	0.155821
441	C	0.168492	0.114844
442	C	0.578663	0.070499
443	U	0.249314	0.037543
444	U	0.142264	0.041844
445	A	0.172272	0.031421
446	G	0.51011	0.057234
447	C	0.018332	0.092738
448	C	0.317843	0.140185
449	G	0.725226	0.057583
450	U	0.250196	0.02937
451	A	1.182146	0.055062
452	G	0.133711	0.040012
453	U	0.050179	0.031702
454	A	0.403985	0.030671
455	C	0.476673	0.040492
456	U	0.428692	0.044194
457	A	0.110349	0.068981
458	G	1.169124	0.060823
459	C	0.426217	0.107835
460	C	1.099644	0.153125
461	A	0.238294	0.03457
462	G	0.267722	0.038296
463	U	0.096535	0.035867
464	A	0.735391	0.04338
465	C	0.136411	0.080337
466	C	0.208121	0.181701
467	A	0.761629	0.033671
468	U	0.833742	0.04795
469	C	0.148003	0.126706
470	C	0.415163	0.123471
471	U	0.867975	0.039558
472	G	1.105913	0.055173
473	U	1.456781	0.044846
474	U	0.156916	0.043162
475	C	0.435256	0.082995
476	U	0.341167	0.035257
477	C	0.321078	0.147194
478	A	0.90539	0.032051
479	U	0.245606	0.025581
480	G	1.516454	0.044508
481	U	0.309549	0.061372
482	C	0.42379	0.13722
483	U	0.535558	0.02976
484	G	0.290659	0.094605
485	A	1.135328	0.036904
486	U	0.353292	0.034179
487	C	0.207851	0.171188
488	A	1.623988	0.041353
489	A	0.892404	0.03267
490	U	0.501482	0.034642
491	G	0.515732	0.074671
492	G	0.451554	0.067448
493	G	1.256274	0.362864
494	U	0.202476	0.039311
495	U	1.140822	0.038178
496	G	0.444508	0.070029
497	G	0.951372	0.063013
498	U	0.060719	0.030134
499	U	1.212689	0.037774
500	G	0.914333	0.045878
501	U	0.127529	0.026655
502	U	0.133808	0.02363
503	G	1.755895	0.045608
504	U	0.758413	0.044229
505	C	0.031002	0.167953
506	A	0.840528	0.03368
507	C	0.213035	0.044975
508	C	nan	nan
509	A	0.609932	0.027371
510	U	0.449747	0.053853
511	C	0.141758	0.037254
512	U	0.270442	0.03237
513	G	0.975402	0.040349
514	U	0.041681	0.106098
515	C	nan	nan
516	U	0.2236	0.028071
517	G	0.879057	0.04214
518	U	0.230756	0.042035
519	G	nan	nan
520	A	0.795072	0.036446
521	G	0.01294	0.164717
522	A	0.483204	0.033386
523	C	0.359138	0.034887
524	C	0.596326	0.134793
525	G	0.521765	0.052984
526	A	0.881977	0.033158
527	U	0.777338	0.029777
528	G	0.210051	0.045071
529	C	0.317843	0.083572
530	U	0.399212	0.032115
531	G	0.238089	0.07764
532	G	0.338479	0.058152
533	G	0.167683	0.141803
534	A	0.921141	0.038105
535	G	0.979869	0.040125
536	U	1.461248	0.043996
537	C	nan	nan
538	A	0.083267	0.020766
539	G	0.305711	0.052897
540	C	0.096242	0.077911
541	A	0.538103	0.039124
542	A	0.59318	0.025588
543	U	0.930117	0.052222
544	C	0.281413	0.05942
545	C	0.261207	0.070073
546	G	0.468932	0.055252
547	C	0.15252	0.02954
548	U	0.369517	0.045609
549	C	nan	nan
550	A	1.248356	0.037138
551	C	0.083572	0.045291
552	A	0.984986	0.032773
553	U	0.652194	0.031321
554	G	1.672338	0.045477
555	U	1.328274	0.038872
556	G	0.486874	0.148542
557	G	0.154473	0.104869
558	C	0.391979	0.085998
559	G	0.534274	0.063552
560	C	0.155821	0.072519
561	A	0.928611	0.036586
562	C	0.012671	0.070093
563	A	0.252412	0.029622
564	C	0.153274	0.054898
565	C	0.028576	0.131558
566	A	0.275004	0.035504
567	G	0.171529	0.071326
568	G	0.152047	0.153125
569	C	0.155552	0.089233
570	C	nan	nan
571	A	0.236376	0.039987
572	A	0.321221	0.026729
573	A	0.162471	0.02733
574	C	0.185753	0.034088
575	G	0.487682	0.118888
576	C	0.013479	0.081954
577	C	nan	nan
578	A	0.398163	0.031384
579	C	0.078995	0.126075
580	U	0.666538	0.036692
581	U	0.463329	0.034994
582	C	0.628137	0.145846
583	G	0.161282	0.101546
584	G	0.279249	0.045771
585	U	0.54589	0.037761
586	G	0.259612	0.166065
587	G	0.093453	0.058286
588	U	0.204347	0.093277
589	C	nan	nan
590	A	0.958139	0.04388
591	C	nan	nan
592	A	0.231592	0.025462
593	G	1.036909	0.068043
594	U	0.30236	0.033501
595	U	0.915647	0.048802
596	C	0.490378	0.209199
597	C	0.013749	0.123201
598	C	nan	nan
599	A	0.384191	0.05099
600	U	0.776034	0.037109
601	U	0.500018	0.050236
602	C	0.414624	0.140724
603	U	0.414961	0.028896
604	G	0.653068	0.060946
605	U	1.470928	0.049401
606	U	0.117306	0.022889
607	G	1.43034	0.048933
608	U	0.089422	0.025914
609	A	2.32823	0.050789
610	U	0.060312	0.039471
611	A	0.762393	0.033598
612	U	0.514018	0.031038
613	G	0.949824	0.056408
614	A	0.862441	0.043165
615	G	0.891884	0.056326
616	G	0.260455	0.064018
617	C	0.226722	0.121044
618	C	nan	nan
619	C	nan	nan
620	A	0.281766	0.025766
621	U	0.727936	0.033427
622	G	0.543264	0.052564
623	C	0.214052	0.076023
624	A	0.818943	0.047149
625	A	0.60826	0.030845
626	C	0.170109	0.069014
627	U	0.113403	0.034856
628	G	nan	nan
629	G	0.260421	0.131558
630	C	0.285492	0.090851
631	A	1.099757	0.036349
632	A	0.365086	0.030463
633	G	0.851943	0.041462
634	U	0.551284	0.045531
635	G	0.189127	0.053526
636	C	0.454254	0.082763
637	A	0.785384	0.038269
638	C	0.494152	0.087616
639	C	0.111609	0.127514
640	A	0.147276	0.025359
641	G	0.882815	0.047568
642	U	0.714098	0.036931
643	G	0.375654	0.078296
644	G	0.519223	0.089464
645	A	1.39944	0.046069
646	A	0.669671	0.027547
647	U	1.086551	0.033569
648	A	0.28398	0.020315
649	A	0.221939	0.021166
650	C	0.37086	0.026048
651	U	1.087125	0.034934
652	G	0.454713	0.081703
653	A	0.626276	0.053602
654	G	0.903791	0.039503
655	U	0.882206	0.034469
656	G	0.694132	0.057237
657	C	nan	nan
658	U	0.260301	0.030071
659	A	0.72408	0.03492
660	C	0.259882	0.078719
661	C	nan	nan
662	U	1.565407	0.069382
663	C	0.069014	0.121584
664	C	0.391652	0.062647
665	U	0.407657	0.065364
666	U	0.511097	0.033426
667	G	0.365564	0.066102
668	G	0.359423	0.081583
669	C	0.209118	0.102114
670	C	0.321347	0.155012
671	C	0.021028	0.131289
672	C	0.044482	0.113496
673	A	0.56061	0.032856
674	U	0.729232	0.112957
675	G	0.883123	0.064571
676	G	0.75529	0.088692
677	A	1.514524	0.059229
678	A	0.713998	0.031924
679	U	0.489423	0.036129
680	G	0.592539	0.045155
681	U	0.992259	0.041178
682	A	0.329305	0.025272
683	A	1.253373	0.051909
684	U	0.335706	0.037373
685	U	0.227186	0.02546
686	U	0.67678	0.065007
687	C	0.222679	0.144498
688	C	0.269394	0.06936
689	C	1.211792	0.220522
690	U	0.876228	0.118303
691	U	0.627332	0.04231
692	U	0.074558	0.02698
693	U	0.130279	0.023641
694	G	nan	nan
695	A	0.39755	0.036101
696	G	0.773531	0.04754
697	C	0.24155	0.138568
698	U	0.272724	0.036386
699	U	0.410163	0.048806
700	C	0.31237	0.069613
701	C	0.159595	0.115114
702	U	0.488744	0.033565
703	G	0.985336	0.045876
704	U	0.169028	0.02792
705	A	0.660097	0.032313
706	C	0.242762	0.035203
707	A	0.593228	0.031027
708	G	1.336686	0.075257
709	U	0.292096	0.048578
710	U	0.15122	0.024514
711	U	0.551305	0.086537
712	G	0.039629	0.212165
713	A	0.179395	0.030374
714	C	0.080646	0.028456
715	U	0.27186	0.029678
716	G	0.547311	0.060817
717	C	0.382543	0.117809
718	C	0.271204	0.167953
719	C	nan	nan
720	U	0.302717	0.031946
721	G	0.487196	0.046481
722	U	0.177905	0.096939
723	C	0.245054	0.165526
724	C	nan	nan
725	A	0.734935	0.032363
726	U	0.379955	0.030588
727	G	1.244143	0.058213
728	U	1.571395	0.046181
729	U	0.022645	0.041516
730	G	1.456441	0.088535
731	U	1.385626	0.052792
732	U	0.181775	0.024607
733	U	0.578616	0.029728
734	G	0.126861	0.077121
735	G	0.119427	0.135602
736	A	0.675508	0.034562
737	U	0.181819	0.040269
738	C	0.422377	0.053879
739	U	0.260241	0.077298
740	C	nan	nan
741	C	0.120775	0.115922
742	A	0.893327	0.037667
743	U	0.525034	0.031463
744	U	0.557748	0.051468
745	C	0.491726	0.187093
746	C	nan	nan
747	C	nan	nan
748	A	0.863632	0.03679
749	U	0.433314	0.027746
750	U	0.920226	0.033874
751	A	0.736886	0.031665
752	A	0.228099	0.026437
753	G	1.446965	0.079798
754	A	0.117393	0.03334
755	G	0.742736	0.055343
756	C	0.364354	0.038745
757	A	1.8505	0.066055
758	U	1.243695	0.072672
759	U	0.653022	0.031402
760	U	0.650049	0.03137
761	U	1.177454	0.037113
762	G	0.301802	0.08749
763	G	0.338062	0.161482
764	A	0.453216	0.039632
765	C	0.550874	0.096602
766	A	0.295041	0.02872
767	A	1.095127	0.042101
768	A	0.200008	0.03478
769	G	0.490256	0.037036
770	C	0.155261	0.046034
771	G	0.073896	0.027775
772	U	0.050213	0.073357
773	C	nan	nan
774	U	0.010814	0.032602
775	A	0.080639	0.014988
776	C	0.435235	0.030739
777	G	0.162022	0.088694
778	C	0.007818	0.057422
779	U	0.176407	0.024863
780	G	0.142093	0.055381
781	C	0.085189	0.075215
782	A	0.246426	0.037383
783	G	0.56397	0.036765
784	U	0.685844	0.062425
785	C	0.072519	0.1693
786	C	0.531113	0.067586
787	U	0.187493	0.056578
788	C	0.14145	0.062398
789	G	nan	nan
790	C	nan	nan
791	U	0.018412	0.033596
792	C	nan	nan
793	A	0.040999	0.019045
794	C	0.121853	0.048256
795	U	0.178937	0.036005
796	G	nan	nan
797	G	nan	nan
798	G	0.345701	0.090623
799	C	0.169371	0.034335
800	A	0.387132	0.047997
801	C	0.141533	0.083841
802	G	nan	nan
803	G	nan	nan
804	U	0.101634	0.066318
805	G	nan	nan
806	A	0.077371	0.053917
807	G	0.004853	0.115653
808	C	0.163909	0.082224
809	G	0.862849	0.043437
810	U	0.21063	0.039983
811	G	0.354584	0.104982
812	A	1.825464	0.052499
813	A	0.050952	0.048526
814	C	2.005702	0.078001
815	A	0.085135	0.038363
816	C	0.385223	0.065836
817	A	0.62378	0.040928
818	A	1.087867	0.053264
819	A	1.238594	0.053635
820	C	0.283605	0.122392
821	C	0.281718	0.175231
822	C	0.31973	0.157439
823	U	1.146049	0.079496
824	A	0.471224	0.045895
825	A	1.441428	0.051211
826	A	0.08157	0.022125
827	A	0.973518	0.047984
828	U	0.418334	0.036597
829	U	1.37088	0.069709
830	C	0.45668	0.236158
831	C	0.417004	0.0875
832	C	0.317771	0.104652
833	U	2.320381	0.065907
834	U	0.104427	0.031465
835	A	0.194876	0.03716
836	G	0.526813	0.04672
837	U	0.24068	0.044907
838	C	0.452906	0.218365
839	A	0.219061	0.0347
840	G	1.569989	0.083065
841	A	0.409088	0.042777
842	G	0.784177	0.127272
843	G	0.437316	0.05748
844	U	0.198937	0.042648
845	G	nan	nan
846	A	0.19187	0.048237
847	C	0.278753	0.089772
848	A	0.222229	0.034079
849	G	0.256107	0.173344
850	G	0.860862	0.099554
851	A	0.622505	0.055024
852	U	0.149453	0.030369
853	U	0.544509	0.038943
854	G	0.158247	0.216209
855	G	1.214728	0.063147
856	U	0.745425	0.05845
857	C	0.441313	0.25422
858	U	0.320291	0.040295
859	U	0.343054	0.034177
860	G	0.340944	0.042471
861	U	0.1573	0.085977
862	C	nan	nan
863	U	0.668752	0.05893
864	U	0.201292	0.029285
865	U	0.156306	0.056207
866	A	0.108814	0.024792
867	G	0.418322	0.062292
868	C	0.259073	0.110261
869	C	nan	nan
870	A	3.706498	0.080713
871	U	0.791038	0.056284
872	U	0.524152	0.081267
873	C	0.11754	0.186015
874	C	nan	nan
875	A	0.915706	0.048846
876	U	0.469637	0.0568
877	G	0.449994	0.106585
878	A	0.820854	0.046281
879	G	0.804624	0.063068
880	U	0.600182	0.04359
881	G	0.940646	0.069455
882	C	0.105948	0.152586
883	C	nan	nan
884	U	0.682372	0.053756
885	C	0.035585	0.158247
886	A	0.080415	0.027231
887	A	0.249907	0.081685
888	G	0.730937	0.093348
889	A	0.573736	0.04001
890	U	0.787761	0.047111
891	C	0.490917	0.192485
892	G	0.746078	0.122322
893	G	1.596835	0.065021
894	U	1.128619	0.054532
895	G	1.647629	0.109697
896	U	0.374275	0.049316
897	U	0.44826	0.05542
898	C	0.183818	0.12268
899	U	0.29279	0.038251
900	U	0.982146	0.069932
901	C	0.345071	0.182241
902	C	0.315413	0.100713
903	C	0.448862	0.18925
904	U	0.222725	0.043902
905	G	0.394051	0.078301
906	C	0.379848	0.132097
907	A	0.388658	0.057768
908	A	0.932573	0.048395
909	A	0.120994	0.050855
910	G	0.287532	0.073122
911	A	0.395912	0.034859
912	C	0.188574	0.036398
913	A	0.84412	0.045285
914	U	0.455775	0.055829
915	C	0.330067	0.114553
916	U	1.269397	0.058615
917	U	0.553776	0.041714
918	C	nan	nan
919	A	0.595507	0.045033
920	A	0.284374	0.028244
921	G	1.55596	0.058113
922	U	0.037742	0.058459
923	C	0.95406	0.079418
924	U	0.141626	0.067087
925	C	nan	nan
926	U	0.861594	0.038648
927	G	1.330715	0.058572
928	C	2.644348	0.070001
929	G	0.21756	0.051544
930	C	0.133392	0.053272
931	G	nan	nan
932	A	1.76246	0.049304
933	U	0.296133	0.047338
934	C	0.715146	0.067149
935	U	0.939895	0.039935
936	C	0.362997	0.086893
937	G	0.042595	0.129941
938	G	0.288513	0.066521
939	C	0.606194	0.122013
940	U	0.623126	0.068355
941	U	0.283907	0.035011
942	U	0.256314	0.035895
943	G	0.162291	0.142342
944	A	0.151598	0.04835
945	G	0.093453	0.110841
946	G	nan	nan
947	G	nan	nan
948	G	nan	nan
949	G	0.668003	0.09944
950	C	0.16957	0.132906
951	C	0.015636	0.118349
952	U	0.672674	0.042716
953	G	0.085101	0.085949
954	A	0.28136	0.031443
955	C	0.441053	0.051007
956	G	1.145379	0.084628
957	G	0.454955	0.071092
958	G	0.191242	0.083522
959	A	0.460604	0.034342
960	C	0.511545	0.093152
961	G	0.304916	0.068954
962	A	0.25501	0.026127
963	U	1.830709	0.051068
964	A	0.358967	0.030618
965	G	4.145548	0.102524
966	A	0.040109	0.029453
967	G	0.147992	0.087952
968	A	0.050098	0.036226
969	G	nan	nan
970	A	1.357142	0.043356
971	A	0.249637	0.023939
972	C	0.412715	0.040199
973	G	0.954978	0.049961
974	U	2.204692	0.054631
975	A	0.095705	0.020329
976	C	0.03882	0.071171
977	G	1.535634	0.091666
978	U	0.471482	0.049446
979	U	0.460152	0.033438
980	U	0.839075	0.044425
981	C	0.324043	0.185476
982	G	nan	nan
983	A	0.999663	0.048879
984	C	0.035585	0.100556
985	C	0.073347	0.086758
986	U	1.240308	0.052791
987	C	0.496579	0.151777
988	G	0.338136	0.108133
989	G	1.416356	0.070684
990	U	0.508248	0.036428
991	U	0.393542	0.04957
992	A	0.521672	0.036008
993	G	1.208017	0.07067
994	A	2.192765	0.063246
995	A	0.21326	0.026627
996	G	0.153395	0.19572
997	A	0.280337	0.034589
998	C	0.86831	0.074313
999	U	1.39762	0.060394
1000	C	0.207312	0.186284
1001	A	2.406154	0.071718
1002	U	0.383076	0.063432
1003	C	0.519173	0.105043
1004	U	0.220315	0.073197
1005	U	1.181428	0.054745
1006	U	0.385769	0.040658
1007	C	0.089233	0.22187
1008	A	1.139016	0.056985
1009	A	0.384635	0.042649
1010	U	1.180859	0.077581
1011	A	1.952462	0.090666
1012	U	0.234059	0.169568
1013	C	nan	nan
1014	U	nan	nan
1015	A	0.277174	0.154263
1016	C	0.339631	0.255978
1017	C	0.827631	0.426217
1018	U	nan	nan
1019	G	nan	nan
1020	C	nan	nan
1021	U	nan	nan
1022	U	nan	nan
1023	U	nan	nan
1024	U	nan	nan
1025	G	nan	nan
1026	C	nan	nan
1027	U	nan	nan
