Nucleotide	Sequence	Norm_profile	Norm_stderr
1	A	nan	nan
2	G	nan	nan
3	U	nan	nan
4	A	nan	nan
5	G	nan	nan
6	A	nan	nan
7	A	nan	nan
8	A	nan	nan
9	C	nan	nan
10	A	nan	nan
11	A	nan	nan
12	G	0.197877	0.196798
13	G	0.301937	0.167953
14	G	0.089652	0.077943
15	U	0.257302	0.088427
16	G	1.212149	0.34617
17	U	0.507932	0.082784
18	U	0.410594	0.049151
19	U	0.04567	0.036674
20	U	0.468707	0.084331
21	U	0.472415	0.038916
22	G	0.266823	0.08172
23	C	0.161447	0.050448
24	A	0.620649	0.041015
25	A	0.548822	0.057339
26	U	0.390045	0.045857
27	U	0.319211	0.031385
28	U	0.190636	0.026705
29	A	0.216148	0.023414
30	C	0.09413	0.033943
31	G	0.980217	0.266352
32	A	0.143772	0.035066
33	A	0.97612	0.04288
34	A	0.263552	0.023585
35	A	0.236433	0.029401
36	G	0.347803	0.034225
37	U	0.619443	0.046926
38	A	2.246881	0.062023
39	U	0.19341	0.024785
40	U	0.619275	0.034864
41	G	0.079528	0.181971
42	G	0.29897	0.090301
43	A	0.888672	0.047332
44	U	1.060551	0.06186
45	U	0.244918	0.027959
46	U	0.69184	0.037094
47	G	1.643915	0.054571
48	U	0.502935	0.032926
49	G	1.255923	0.080097
50	C	0.033698	0.140185
51	C	0.009436	0.148542
52	C	nan	nan
53	C	nan	nan
54	A	0.702234	0.033876
55	U	0.771974	0.041053
56	C	0.429139	0.068291
57	G	0.124279	0.181971
58	G	0.265273	0.169031
59	G	nan	nan
60	G	0.351271	0.120775
61	A	0.372299	0.040554
62	A	0.858736	0.040304
63	G	0.465651	0.063715
64	G	0.095703	0.177658
65	A	0.313274	0.02449
66	A	0.225094	0.028987
67	C	0.079859	0.029621
68	C	0.198955	0.155821
69	G	0.274236	0.085026
70	G	0.273091	0.173075
71	A	0.525291	0.046898
72	C	0.057422	0.106487
73	C	nan	nan
74	C	nan	nan
75	A	0.327918	0.022937
76	A	0.499857	0.026884
77	C	0.222319	0.051946
78	U	0.46814	0.03542
79	G	0.478014	0.067172
80	G	0.088155	0.151777
81	G	1.119185	0.082052
82	A	0.526794	0.039881
83	C	0.494801	0.036893
84	U	0.311413	0.046039
85	G	0.214321	0.166335
86	G	0.199225	0.131289
87	G	0.456949	0.122662
88	C	1.392954	0.211626
89	U	2.126976	0.054187
90	U	0.304458	0.062327
91	C	0.19599	0.126706
92	C	nan	nan
93	A	1.12231	0.04727
94	C	0.087346	0.050952
95	A	0.53401	0.028679
96	U	0.632054	0.031332
97	A	0.403971	0.024262
98	G	0.679967	0.040976
99	U	0.849195	0.042865
100	G	0.21323	0.061101
101	C	0.518685	0.094086
102	A	0.334946	0.024063
103	A	0.239541	0.023134
104	C	0.061166	0.023845
105	U	0.983503	0.0335
106	A	0.858453	0.03334
107	A	0.718432	0.02984
108	G	0.776977	0.049856
109	C	0.449986	0.035892
110	U	1.071434	0.045311
111	G	0.526899	0.044278
112	U	0.244259	0.031817
113	U	0.200323	0.021459
114	G	0.129905	0.039962
115	C	0.113373	0.040836
116	U	1.339473	0.054376
117	C	0.36502	0.231036
118	G	0.903036	0.052291
119	U	0.385568	0.126255
120	C	nan	nan
121	C	0.239663	0.177927
122	A	0.97583	0.053661
123	C	0.014019	0.081685
124	C	0.929265	0.237775
125	A	0.310086	0.063873
126	A	0.776211	0.042375
127	A	0.737542	0.03964
128	C	0.430659	0.040694
129	A	0.34503	0.028527
130	U	0.72768	0.066805
131	A	0.71538	0.088366
132	U	0.429127	0.053317
133	U	0.045697	0.025632
134	U	0.179998	0.029037
135	G	0.809299	0.192754
136	G	0.475773	0.068441
137	C	1.143317	0.159056
138	U	0.759814	0.045789
139	U	0.786315	0.058387
140	C	0.245054	0.131828
141	U	0.415489	0.037256
142	U	0.089994	0.094099
143	C	0.236819	0.070797
144	U	0.637697	0.03988
145	G	0.174153	0.210547
146	G	1.083252	0.07115
147	U	0.166969	0.062073
148	C	nan	nan
149	U	0.937544	0.05364
150	U	0.29436	0.050292
151	C	0.119427	0.151777
152	C	0.406433	0.093335
153	U	1.6357	0.096885
154	C	0.307059	0.217826
155	U	0.41158	0.044504
156	U	0.403449	0.036402
157	A	1.806635	0.063836
158	U	0.117922	0.038236
159	U	0.503374	0.037515
160	A	0.986475	0.045217
161	A	0.893065	0.048199
162	U	0.404397	0.035492
163	U	0.424289	0.043368
164	C	0.238854	0.242089
165	A	0.185934	0.025015
166	A	0.86898	0.043809
167	C	0.388857	0.04629
168	A	0.74489	0.045386
169	U	1.117528	0.049015
170	A	0.434751	0.038933
171	G	0.794679	0.094435
172	A	0.573505	0.057791
173	A	0.597324	0.035265
174	A	0.1046	0.070362
175	C	0.482735	0.083275
176	A	1.106739	0.069842
177	G	1.101535	0.107552
178	G	4.3306	0.125338
179	G	0.726267	0.196798
180	G	0.523268	0.192485
181	U	0.101428	0.040782
182	U	0.673447	0.037572
183	A	1.221076	0.051331
184	U	0.146064	0.030206
185	A	0.120437	0.023421
186	G	0.17604	0.13075
187	C	0.266352	0.095434
188	A	0.675094	0.038216
189	C	0.209592	0.052309
190	U	0.957894	0.050297
191	C	nan	nan
192	A	1.412795	0.049004
193	C	0.222362	0.038482
194	U	0.620772	0.036203
195	G	0.442734	0.057577
196	C	0.279668	0.097089
197	U	0.69389	0.059132
198	U	1.174931	0.051727
199	U	0.910098	0.04599
200	C	0.13722	0.157978
201	A	0.864333	0.037692
202	U	2.984864	0.218365
203	C	0.50197	0.156091
204	C	0.349115	0.170648
205	C	0.213782	0.158517
206	A	0.073597	0.072788
207	G	0.770453	0.044789
208	U	1.281908	0.050731
209	A	0.058252	0.022743
210	G	0.816221	0.051718
211	U	0.326616	0.042448
212	C	0.211895	0.200303
213	A	1.246877	0.047556
214	A	0.875966	0.042311
215	U	0.37128	0.033957
216	G	0.512789	0.118007
217	A	0.283055	0.033051
218	A	0.42679	0.038167
219	A	0.287083	0.027673
220	C	0.237011	0.035022
221	U	0.807945	0.059336
222	C	0.390092	0.188172
223	C	0.149621	0.147464
224	C	0.494422	0.165257
225	U	0.134707	0.03216
226	G	0.001887	0.181432
227	A	0.367434	0.038505
228	G	0.593675	0.046835
229	U	0.143679	0.030289
230	A	1.192179	0.099439
231	U	0.491658	0.058246
232	C	0.075484	0.140724
233	C	1.718345	0.175501
234	U	0.40862	0.031805
235	G	nan	nan
236	A	0.388204	0.032218
237	C	0.765357	0.127245
238	C	0.678819	0.161213
239	A	0.227655	0.026599
240	G	0.918658	0.063204
241	U	0.447874	0.036721
242	U	0.255053	0.036828
243	A	1.203197	0.042914
244	U	0.116565	0.028586
245	U	0.592012	0.084381
246	A	0.391471	0.028173
247	C	0.231925	0.041917
248	U	0.362933	0.043317
249	G	0.773971	0.046406
250	U	0.3465	0.03742
251	C	nan	nan
252	A	0.604744	0.031177
253	A	0.472589	0.031922
254	C	0.571494	0.038992
255	U	1.308035	0.043331
256	A	1.933396	0.063111
257	U	0.243876	0.043004
258	U	0.661406	0.034058
259	U	0.336828	0.040652
260	C	0.081371	0.071832
261	U	0.656223	0.035926
262	U	0.36386	0.028412
263	G	0.863201	0.057003
264	C	0.472046	0.100556
265	C	1.316931	0.198955
266	U	0.281379	0.053321
267	U	0.851541	0.037575
268	U	0.302498	0.031897
269	C	nan	nan
270	A	0.345715	0.029532
271	G	0.881876	0.044889
272	U	0.337818	0.035858
273	G	1.234168	0.212434
274	A	0.585955	0.037676
275	U	0.27	0.037949
276	U	0.424329	0.097321
277	C	0.155282	0.157439
278	U	0.354814	0.031048
279	A	0.512749	0.031408
280	G	0.631009	0.090833
281	A	0.808273	0.038726
282	A	1.601157	0.071221
283	U	1.015137	0.047811
284	U	0.206236	0.024438
285	U	0.503409	0.036762
286	G	0.146125	0.087106
287	G	0.431878	0.161752
288	A	0.313513	0.03423
289	U	0.113902	0.053111
290	C	nan	nan
291	U	2.794681	0.061577
292	G	0.092936	0.042478
293	U	0.044289	0.064874
294	C	0.214861	0.176579
295	C	0.008357	0.15016
296	C	0.109183	0.145038
297	A	0.646855	0.036513
298	G	0.715126	0.065569
299	C	0.204077	0.077102
300	A	0.72274	0.038109
301	U	0.074136	0.046638
302	U	0.046268	0.022663
303	A	0.116192	0.04556
304	G	0.340758	0.165257
305	G	0.20062	0.04264
306	U	0.272736	0.029142
307	A	1.627534	0.047877
308	U	0.400893	0.076743
309	C	0.44374	0.188441
310	U	0.752367	0.044096
311	U	0.195656	0.029516
312	C	nan	nan
313	A	0.251011	0.021591
314	A	0.577222	0.029617
315	C	0.126975	0.056613
316	A	1.210741	0.042401
317	U	0.103034	0.049269
318	C	0.603694	0.056328
319	U	0.194949	0.039072
320	C	0.820891	0.197877
321	A	0.421364	0.080337
322	A	1.046523	0.035991
323	A	0.108586	0.019996
324	A	0.30043	0.034716
325	C	0.494961	0.092738
326	C	0.184667	0.15016
327	A	1.167062	0.041203
328	C	0.284898	0.0459
329	U	0.518258	0.036819
330	U	0.413399	0.050725
331	C	0.0797	0.056385
332	U	0.415388	0.029827
333	G	0.21958	0.078559
334	G	nan	nan
335	A	0.736127	0.042062
336	A	0.207519	0.022441
337	C	0.421094	0.093816
338	G	0.579507	0.059632
339	A	0.708036	0.035442
340	G	0.263117	0.148003
341	G	0.062544	0.163639
342	A	0.212631	0.032403
343	C	0.128808	0.048785
344	U	0.56716	0.033098
345	U	0.467347	0.029912
346	A	1.5451	0.048464
347	U	0.601759	0.032094
348	U	0.747702	0.038423
349	G	2.227391	0.058583
350	U	0.416632	0.034164
351	G	1.742756	0.056646
352	C	0.616275	0.112418
353	G	0.523477	0.076445
354	G	0.313205	0.0734
355	C	0.113766	0.085998
356	C	0.085459	0.111878
357	U	0.072642	0.026222
358	A	0.124664	0.022518
359	A	0.265102	0.028681
360	C	0.054996	0.060927
361	C	0.115383	0.154743
362	A	0.335075	0.027653
363	U	0.522281	0.035249
364	G	1.205106	0.049083
365	U	0.732446	0.037357
366	A	1.072939	0.041867
367	U	0.242558	0.032193
368	U	0.353276	0.024273
369	G	0.302055	0.045495
370	C	0.31956	0.041387
371	U	0.055409	0.023086
372	G	0.149122	0.089947
373	C	0.382543	0.082763
374	U	0.121555	0.032451
375	A	1.762332	0.045259
376	U	0.457986	0.064528
377	C	0.06827	0.064636
378	U	0.966527	0.039604
379	A	0.915319	0.037099
380	G	0.864755	0.070468
381	G	1.797088	0.10752
382	A	0.422461	0.032286
383	A	0.590702	0.031205
384	A	0.644851	0.080067
385	C	0.08469	0.032816
386	C	0.064701	0.150429
387	G	0.47305	0.092616
388	A	0.705789	0.032108
389	A	0.843099	0.034619
390	U	0.824005	0.058973
391	C	0.281448	0.153664
392	C	0.675939	0.130123
393	U	1.474157	0.074191
394	U	0.164069	0.028152
395	U	0.440587	0.031483
396	G	0.399527	0.172535
397	A	1.188915	0.056221
398	C	0.233462	0.122932
399	C	0.469081	0.145307
400	C	nan	nan
401	C	nan	nan
402	A	0.761852	0.256916
403	G	0.502066	0.059692
404	G	0.278861	0.096473
405	A	0.334224	0.032425
406	G	0.122852	0.050693
407	C	0.194409	0.045844
408	U	1.639051	0.071055
409	C	nan	nan
410	C	nan	nan
411	C	2.017317	0.216478
412	G	0.267285	0.085013
413	G	0.295467	0.131019
414	G	0.16384	0.05749
415	C	0.233462	0.143151
416	U	1.101656	0.059741
417	U	0.432289	0.068079
418	C	0.074387	0.057437
419	C	0.151777	0.145846
420	A	0.311384	0.045942
421	G	1.342663	0.050282
422	U	0.885105	0.046405
423	A	0.781217	0.035526
424	A	0.556523	0.050796
425	U	0.675061	0.036415
426	C	0.349115	0.177118
427	G	0.625052	0.094803
428	G	0.506398	0.070574
429	G	1.505102	0.19599
430	U	0.351324	0.038244
431	U	2.801535	0.059869
432	G	1.396938	0.05573
433	U	0.100877	0.036262
434	U	0.550689	0.030885
435	A	0.692121	0.032744
436	C	0.469163	0.038081
437	A	0.434092	0.028377
438	G	1.881223	0.055581
439	U	0.126735	0.063173
440	C	0.687957	0.095367
441	U	0.322401	0.059451
442	C	0.165796	0.139376
443	C	0.041516	0.1046
444	U	0.268371	0.035648
445	A	1.092657	0.04854
446	U	0.103938	0.027024
447	U	0.214497	0.029892
448	G	0.085729	0.189519
449	A	1.252465	0.054289
450	U	0.925642	0.066305
451	U	0.344716	0.029373
452	U	0.239231	0.026024
453	G	0.614966	0.038882
454	U	0.225973	0.044868
455	C	nan	nan
456	U	0.261351	0.031627
457	G	0.443878	0.05905
458	A	1.071291	0.043136
459	U	0.854183	0.034724
460	G	0.5051	0.081966
461	G	1.414375	0.053367
462	U	0.435652	0.108374
463	C	nan	nan
464	U	0.279465	0.03043
465	G	0.481865	0.065705
466	C	0.28064	0.103791
467	U	0.439624	0.032738
468	U	0.148004	0.026471
469	G	0.852802	0.047148
470	U	0.088644	0.037829
471	G	0.723764	0.038029
472	U	0.195991	0.061963
473	C	0.477977	0.16283
474	U	0.113377	0.031007
475	G	1.642068	0.055275
476	U	0.776235	0.036814
477	G	0.927909	0.064731
478	A	1.179661	0.049182
479	G	0.274795	0.062564
480	G	0.056613	0.157439
481	A	0.152764	0.027835
482	C	0.099528	0.034327
483	U	0.440354	0.051279
484	C	0.424869	0.194102
485	C	0.573516	0.058695
486	C	0.367876	0.072108
487	G	1.148738	0.053166
488	U	0.573206	0.037947
489	G	0.440091	0.060668
490	C	0.023993	0.089503
491	A	0.32205	0.025608
492	U	0.365059	0.033207
493	A	0.36156	0.026622
494	G	1.192665	0.063984
495	A	0.090989	0.037143
496	U	1.09109	0.04553
497	A	0.477158	0.03321
498	U	0.09614	0.022408
499	U	0.295782	0.025604
500	G	0.56775	0.21513
501	A	0.791168	0.035264
502	C	0.433414	0.040064
503	U	0.424342	0.037309
504	U	0.425899	0.031684
505	G	0.867149	0.040345
506	U	0.146407	0.025446
507	A	0.507838	0.029114
508	U	0.216366	0.024186
509	G	0.115653	0.083033
510	C	0.255838	0.073328
511	U	0.238653	0.079841
512	C	0.598819	0.080887
513	C	0.298566	0.070217
514	A	1.752164	0.044004
515	U	0.573913	0.03432
516	G	0.551002	0.086835
517	G	0.689364	0.076116
518	C	0.190328	0.069014
519	A	1.196363	0.041327
520	U	0.350475	0.060703
521	U	0.71219	0.04943
522	C	0.376613	0.160134
523	A	0.39151	0.024358
524	U	0.662246	0.037528
525	A	0.83798	0.033376
526	U	0.156899	0.12374
527	C	0.540136	0.057126
528	U	0.256925	0.02975
529	A	1.826595	0.05307
530	U	0.641854	0.038277
531	U	0.555993	0.034043
532	U	0.785736	0.037259
533	C	nan	nan
534	G	0.428912	0.188711
535	A	0.926403	0.033296
536	U	0.244881	0.035316
537	C	0.153664	0.158247
538	A	1.146584	0.0358
539	C	0.644774	0.034777
540	U	0.606781	0.028706
541	G	0.368525	0.14342
542	G	0.793913	0.045523
543	U	0.481202	0.056732
544	C	0.13021	0.155821
545	U	0.918588	0.034903
546	G	0.986802	0.057512
547	U	0.411638	0.028795
548	U	0.429614	0.029188
549	G	0.128593	0.103791
550	G	0.449595	0.120699
551	C	0.153256	0.096083
552	C	0.082494	0.133176
553	C	nan	nan
554	C	0.260002	0.063125
555	U	0.400251	0.036663
556	U	0.637807	0.031997
557	G	0.375629	0.052263
558	C	0.071171	0.07818
559	C	0.211356	0.152856
560	A	0.56972	0.027804
561	A	1.049725	0.042209
562	U	0.531044	0.03195
563	U	0.862423	0.034745
564	G	0.847583	0.038397
565	U	0.434834	0.058807
566	C	nan	nan
567	C	0.029385	0.171727
568	C	0.109722	0.123471
569	U	0.850542	0.039735
570	G	0.931421	0.060879
571	C	0.231575	0.066857
572	A	0.848342	0.028361
573	U	1.02166	0.040678
574	A	0.736853	0.035326
575	C	1.643159	0.051153
576	A	0.071563	0.015982
577	C	0.021297	0.068205
578	A	0.2942	0.021572
579	A	0.316882	0.025332
580	G	0.221104	0.072023
581	U	0.162031	0.029682
582	U	0.27314	0.058733
583	A	0.849623	0.037412
584	C	0.491095	0.053435
585	U	0.78827	0.105945
586	U	1.523543	0.051926
587	U	0.132122	0.0201
588	U	0.414496	0.025997
589	G	0.378185	0.099342
590	A	0.865542	0.034078
591	A	0.869685	0.033747
592	U	0.431991	0.025607
593	C	0.253142	0.146925
594	G	1.162586	0.046068
595	U	0.18756	0.022331
596	G	0.214582	0.049316
597	C	0.166874	0.140185
598	C	0.19545	0.127514
599	C	0.077911	0.115653
600	A	0.327026	0.02339
601	U	0.49836	0.026841
602	A	0.204838	0.023209
603	G	nan	nan
604	C	0.1693	0.06524
605	A	0.046128	0.011906
606	C	0.007818	0.067127
607	G	nan	nan
608	A	0.07728	0.019042
609	G	0.038551	0.10433
610	C	0.049065	0.067397
611	A	0.622249	0.033025
612	U	0.146473	0.026213
613	U	0.294713	0.033747
614	C	nan	nan
615	C	nan	nan
616	U	0.375641	0.072315
617	C	0.066049	0.105139
618	U	0.373049	0.031197
619	A	0.374219	0.027275
620	U	0.16353	0.027113
621	G	0.437751	0.034583
622	U	0.069151	0.030854
623	G	0.223469	0.046693
624	C	0.147734	0.087616
625	C	0.154204	0.129132
626	U	0.061979	0.031324
627	G	0.337253	0.136141
628	G	0.507038	0.082649
629	C	0.225952	0.040718
630	U	0.227307	0.029369
631	G	nan	nan
632	A	0.566526	0.068364
633	C	0.06524	0.094355
634	C	0.116461	0.142342
635	C	2.245118	0.376073
636	U	1.079651	0.08542
637	U	1.562688	0.050091
638	U	0.409154	0.027024
639	U	1.245117	0.039954
640	A	0.622832	0.036035
641	G	0.042595	0.144498
642	G	nan	nan
643	G	0.269317	0.116461
644	C	nan	nan
645	U	0.720871	0.035937
646	U	0.490972	0.048783
647	C	0.167683	0.112957
648	C	0.23508	0.110531
649	U	0.455029	0.085158
650	C	nan	nan
651	U	0.503261	0.079241
652	U	1.164672	0.055893
653	U	0.331921	0.02595
654	U	0.096176	0.021624
655	A	2.246431	0.054825
656	U	0.048295	0.034577
657	U	nan	nan
658	A	0.585168	0.031576
659	U	0.083941	0.021684
660	U	0.195507	0.024993
661	A	0.410073	0.029007
662	G	1.264087	0.051501
663	U	0.712323	0.093162
664	C	0.520572	0.182241
665	C	0.317034	0.157439
666	C	nan	nan
667	U	0.221023	0.038885
668	U	0.195453	0.034531
669	G	1.387837	0.055778
670	U	0.109599	0.027075
671	G	0.950964	0.11808
672	A	0.290428	0.034264
673	A	1.616096	0.047532
674	A	0.131628	0.0407
675	A	0.15138	0.020927
676	U	0.908111	0.038733
677	A	0.123746	0.021853
678	C	0.528145	0.060022
679	A	0.289536	0.078989
680	A	0.885305	0.037938
681	A	0.475324	0.031043
682	A	0.688541	0.039563
683	C	nan	nan
684	C	0.811995	0.200842
685	U	1.411921	0.10136
686	U	0.506022	0.034602
687	U	0.554509	0.035666
688	G	1.427367	0.052064
689	U	0.300642	0.029408
690	A	2.342702	0.055932
691	U	0.159107	0.024812
692	G	2.000682	0.075004
693	U	0.294041	0.031999
694	G	1.328074	0.059718
695	C	0.053917	0.089503
696	C	0.429713	0.069086
697	U	0.519056	0.036776
698	G	0.442869	0.06318
699	G	0.756949	0.076516
700	C	0.096782	0.076832
701	U	0.331178	0.03029
702	A	0.850918	0.040817
703	C	0.250854	0.052728
704	U	0.391909	0.034246
705	U	0.417937	0.028129
706	G	0.56653	0.059102
707	C	0.351198	0.039361
708	U	0.528812	0.039663
709	G	0.403571	0.160943
710	A	0.645198	0.033568
711	U	0.60712	0.052139
712	C	nan	nan
713	C	0.317034	0.175501
714	A	0.655038	0.035473
715	U	0.840114	0.03873
716	C	0.305981	0.142342
717	G	0.402884	0.098833
718	G	1.507328	0.063333
719	U	0.647747	0.042005
720	C	nan	nan
721	A	1.025693	0.036476
722	U	0.17948	0.038917
723	C	0.164987	0.118888
724	A	1.396907	0.04214
725	C	0.240741	0.066318
726	U	2.110149	0.054104
727	A	0.184436	0.02329
728	C	0.0585	0.059579
729	U	0.194607	0.030239
730	A	0.243937	0.027268
731	C	1.258587	0.051796
732	A	0.082494	0.043673
733	C	0.057077	0.052183
734	A	0.549072	0.033415
735	G	0.472809	0.075793
736	G	0.746865	0.122029
737	U	0.516755	0.041292
738	U	0.020841	0.143675
739	C	nan	nan
740	C	nan	nan
741	A	0.987778	0.047691
742	U	0.265111	0.026952
743	U	0.460335	0.03376
744	G	1.004781	0.046839
745	U	0.066153	0.030023
746	G	nan	nan
747	A	0.142687	0.026499
748	C	0.461532	0.078989
749	A	0.161237	0.02987
750	U	1.019843	0.039793
751	A	0.10045	0.024949
752	C	1.151569	0.054193
753	A	0.022049	0.017566
754	C	nan	nan
755	A	0.550575	0.036984
756	U	0.387626	0.034431
757	U	0.887114	0.041946
758	C	nan	nan
759	A	0.244918	0.028317
760	G	0.346082	0.091928
761	A	1.108586	0.046718
762	C	0.259429	0.032052
763	U	0.272816	0.047322
764	C	nan	nan
765	U	0.223958	0.027665
766	U	0.299036	0.024803
767	G	0.573078	0.048338
768	C	0.10597	0.046273
769	G	0.73451	0.050766
770	U	0.419903	0.0382
771	U	0.097165	0.052681
772	C	nan	nan
773	U	0.148542	0.042595
774	A	0.2305	0.025364
775	A	0.115063	0.023187
776	G	0.504262	0.0829
777	A	0.179195	0.026743
778	A	0.365765	0.030738
779	U	0.363018	0.025633
780	G	0.371862	0.107683
781	U	0.27185	0.043152
782	U	0.162684	0.031231
783	U	0.151847	0.038507
784	C	0.240741	0.141263
785	U	0.626738	0.040564
786	U	2.996883	0.056934
787	G	0.792726	0.057125
788	C	0.4955	0.122662
789	C	0.180084	0.141263
790	C	0.105408	0.149621
791	A	1.386184	0.041878
792	U	0.443768	0.031726
793	G	2.281544	0.174757
794	U	0.738486	0.065788
795	U	1.128574	0.043782
796	U	0.141271	0.024938
797	U	0.184383	0.024527
798	U	0.305942	0.022055
799	A	2.228527	0.054425
800	U	0.306278	0.02585
801	U	0.545745	0.029678
802	G	2.17413	0.057777
803	U	0.509396	0.034202
804	G	1.146	0.113811
805	G	0.539535	0.052871
806	U	nan	nan
807	A	1.751982	0.048637
808	G	1.62739	0.057646
809	U	0.668053	0.036193
810	G	0.392058	0.062171
811	A	0.505028	0.035683
812	G	0.369569	0.057264
813	C	0.142881	0.083841
814	C	nan	nan
815	U	0.566694	0.043059
816	U	0.705659	0.037702
817	C	0.24155	0.122662
818	G	0.231575	0.173614
819	G	0.728045	0.048116
820	U	0.131705	0.043153
821	C	0.108643	0.207043
822	A	0.475602	0.026106
823	U	0.23529	0.027624
824	A	0.326032	0.027701
825	G	0.948658	0.0454
826	U	0.479058	0.03364
827	A	1.496316	0.04222
828	U	0.028846	0.037742
829	A	0.332404	0.024065
830	C	0.28534	0.031811
831	U	0.995909	0.037595
832	G	1.700549	0.051378
833	U	0.164501	0.045855
834	A	0.73649	0.032086
835	G	0.56036	0.06057
836	C	0.276596	0.091929
837	U	0.19033	0.03553
838	G	1.216164	0.061997
839	U	0.323429	0.034306
840	U	0.411802	0.02843
841	G	0.049604	0.112418
842	C	0.007548	0.076023
843	A	0.591599	0.030986
844	U	0.217843	0.026783
845	U	0.602803	0.030544
846	A	0.841974	0.030857
847	U	0.56199	0.036803
848	C	0.186284	0.159595
849	A	0.835918	0.034975
850	U	0.242982	0.029229
851	U	1.216818	0.040872
852	A	1.216015	0.060307
853	U	0.230349	0.033386
854	U	0.180918	0.024789
855	U	0.621609	0.051739
856	C	0.329435	0.142342
857	C	0.304094	0.132367
858	C	0.323234	0.142881
859	U	0.697106	0.040622
860	G	0.894048	0.073068
861	C	0.139376	0.076293
862	A	1.443898	0.050845
863	C	0.239932	0.06497
864	A	0.105099	0.02068
865	C	0.25148	0.03589
866	A	nan	nan
867	A	1.444043	0.042587
868	A	0.788558	0.034564
869	U	0.392084	0.028986
870	G	0.203808	0.1693
871	G	0.588418	0.051868
872	U	0.35461	0.040683
873	C	nan	nan
874	A	1.040174	0.043193
875	U	1.023656	0.041796
876	U	0.840405	0.037658
877	C	nan	nan
878	G	1.929698	0.055899
879	U	0.243215	0.123354
880	C	0.264205	0.07501
881	C	0.170379	0.144229
882	G	0.295272	0.058666
883	A	0.685908	0.036437
884	U	0.679727	0.030552
885	G	0.235971	0.052015
886	C	0.187902	0.077641
887	C	nan	nan
888	G	0.521643	0.050372
889	U	1.03694	0.045475
890	C	0.166513	0.081049
891	A	0.665005	0.029068
892	U	0.502688	0.035806
893	G	0.042595	0.161213
894	G	0.066857	0.11727
895	C	0.06497	0.068745
896	A	0.753877	0.031516
897	A	0.365154	0.026978
898	C	0.619388	0.035642
899	U	1.222575	0.038994
900	A	0.632613	0.029872
901	G	0.905569	0.045801
902	U	0.968255	0.038898
903	G	1.455575	0.063124
904	C	0.559133	0.049233
905	U	1.11048	0.042091
906	G	0.370823	0.072894
907	G	0.219713	0.145307
908	A	0.787166	0.039454
909	C	0.359056	0.037525
910	C	0.079798	0.116461
911	A	0.594901	0.029017
912	U	0.821364	0.064943
913	C	0.172146	0.057639
914	C	0.061735	0.096242
915	C	nan	nan
916	A	0.980093	0.036775
917	C	0.123081	0.03171
918	G	0.826726	0.067157
919	C	0.25848	0.063898
920	A	0.234579	0.032647
921	A	0.812137	0.034373
922	A	0.276931	0.035908
923	G	0.219371	0.074253
924	G	0.909016	0.062753
925	A	0.423905	0.030151
926	A	0.409998	0.029843
927	G	0.571194	0.043407
928	U	0.177721	0.046339
929	C	0.235619	0.194102
930	A	0.99734	0.037644
931	C	0.245114	0.030422
932	U	0.930688	0.035268
933	A	2.752614	0.059739
934	U	1.436807	0.046089
935	U	0.841028	0.034028
936	G	0.853605	0.059511
937	C	0.154743	0.070632
938	U	0.509504	0.029421
939	A	0.823647	0.032077
940	A	0.813928	0.032826
941	C	0.010795	0.034651
942	U	0.736801	0.035195
943	A	0.828866	0.034648
944	C	0.125663	0.043018
945	A	0.316275	0.028394
946	G	0.348627	0.062373
947	G	1.197576	0.075426
948	A	1.067282	0.050945
949	G	0.306146	0.076417
950	G	0.085998	0.075887
951	G	0.670809	0.065063
952	C	nan	nan
953	U	0.601942	0.045132
954	U	0.5491	0.091364
955	C	nan	nan
956	C	0.069014	0.135602
957	U	0.772891	0.061501
958	A	0.792558	0.042581
959	A	0.448942	0.035851
960	A	1.133814	0.044118
961	G	0.432862	0.060093
962	G	0.486797	0.09324
963	A	0.537823	0.039213
964	G	3.654517	0.292502
965	U	0.172161	0.035591
966	U	0.478293	0.033317
967	G	0.378355	0.086825
968	A	0.339874	0.028302
969	U	0.964063	0.037167
970	A	0.409771	0.025514
971	U	0.427437	0.037293
972	C	0.277718	0.077739
973	A	1.568665	0.041734
974	A	0.745412	0.043761
975	U	0.447407	0.070876
976	C	0.859442	0.165526
977	C	0.46315	0.142611
978	U	4.19423	0.250716
979	C	0.207312	0.114035
980	U	0.345302	0.039216
981	C	nan	nan
982	A	0.14256	0.036982
983	A	0.750772	0.042005
984	G	0.871635	0.069115
985	G	0.618831	0.094953
986	C	0.249344	0.067256
987	A	1.319027	0.042921
988	G	0.574107	0.089267
989	U	0.677114	0.041663
990	U	0.655368	0.070078
991	C	0.221331	0.163639
992	U	0.478879	0.031814
993	G	0.810818	0.045038
994	U	0.326413	0.034282
995	C	0.347767	0.203268
996	G	0.965995	0.058296
997	U	0.684388	0.045871
998	G	0.874393	0.043804
999	U	0.151532	0.029319
1000	A	1.720168	0.052471
1001	U	0.672276	0.037631
1002	U	0.442295	0.028033
1003	G	1.475281	0.063379
1004	U	0.894457	0.045066
1005	U	0.154923	0.098844
1006	C	nan	nan
1007	C	0.43673	0.144229
1008	A	1.209665	0.050027
1009	U	0.447887	0.03455
1010	U	1.352172	0.044079
1011	C	0.114844	0.184936
1012	G	1.684948	0.083103
1013	A	1.61685	0.049171
1014	G	1.347463	0.059855
1015	U	0.763659	0.039642
1016	G	0.7887	0.05531
1017	C	0.199598	0.073848
1018	U	0.492169	0.035718
1019	U	0.281266	0.030327
1020	G	1.510324	0.075983
1021	U	0.309034	0.04934
1022	U	0.613168	0.03237
1023	U	0.025442	0.057043
1024	C	0.204347	0.132906
1025	U	0.567159	0.05338
1026	A	1.299934	0.039051
1027	A	0.928547	0.038332
1028	U	0.514169	0.030452
1029	G	0.376882	0.166065
1030	G	0.854535	0.055389
1031	U	0.518736	0.041133
1032	C	0.046908	0.204077
1033	G	1.030627	0.071486
1034	U	0.648405	0.040108
1035	U	0.678477	0.058086
1036	C	nan	nan
1037	C	0.203704	0.085988
1038	U	0.759208	0.036099
1039	U	0.674104	0.031218
1040	G	0.442586	0.090888
1041	G	0.817229	0.053034
1042	U	1.045199	0.042585
1043	G	0.590583	0.060108
1044	C	0.522459	0.105139
1045	A	1.249415	0.041114
1046	A	1.678177	0.136411
1047	U	0.229851	0.04404
1048	G	0.088363	0.057434
1049	C	0.446436	0.087076
1050	A	0.230956	0.023121
1051	U	0.536889	0.050734
1052	A	0.637331	0.047233
1053	C	0.108913	0.063353
1054	A	0.529233	0.028757
1055	U	0.783207	0.05443
1056	C	0.040708	0.120775
1057	C	0.108643	0.121044
1058	U	0.496952	0.031561
1059	A	0.380793	0.058731
1060	C	1.232024	0.040995
1061	A	0.477666	0.03637
1062	C	0.010783	0.074676
1063	C	0.024532	0.121584
1064	C	nan	nan
1065	U	0.480743	0.03729
1066	A	1.494296	0.038222
1067	A	0.951237	0.029386
1068	U	0.662055	0.033671
1069	G	0.477977	0.14369
1070	G	0.120236	0.148542
1071	G	nan	nan
1072	U	0.340758	0.081415
1073	C	0.053378	0.144229
1074	A	0.772925	0.029188
1075	C	0.180893	0.049874
1076	A	0.115653	0.087616
1077	U	0.167669	0.023692
1078	G	0.685569	0.075966
1079	A	0.098798	0.023668
1080	U	1.262901	0.038269
1081	A	0.529199	0.073328
1082	C	0.434345	0.031608
1083	A	0.088964	0.031002
1084	U	0.788094	0.026187
1085	A	0.26201	0.021147
1086	C	0.253142	0.070632
1087	G	0.106162	0.071
1088	G	0.213959	0.107447
1089	U	0.171335	0.023638
1090	U	0.638879	0.062951
1091	C	0.01968	0.13695
1092	C	0.250985	0.102443
1093	C	nan	nan
1094	U	0.31506	0.029952
1095	U	0.508088	0.025085
1096	G	1.717219	0.044042
1097	U	0.130277	0.028341
1098	U	0.317034	0.070632
1099	A	0.496569	0.024751
1100	C	0.522474	0.032211
1101	U	0.06741	0.023079
1102	A	1.032623	0.030826
1103	U	0.492334	0.028866
1104	U	0.01795	0.017161
1105	A	0.27864	0.021824
1106	C	0.25134	0.036864
1107	U	0.647818	0.029725
1108	U	0.293984	0.022487
1109	G	0.714967	0.071769
1110	U	0.252277	0.030516
1111	U	0.263448	0.025724
1112	C	0.100286	0.182241
1113	A	1.009904	0.03299
1114	C	nan	nan
1115	U	0.419971	0.044179
1116	U	0.624093	0.033188
1117	U	0.232487	0.048815
1118	C	0.138568	0.125088
1119	A	0.654102	0.029548
1120	C	0.117572	0.03227
1121	C	nan	nan
1122	A	0.140628	0.032251
1123	A	0.926171	0.028452
1124	A	0.778844	0.028614
1125	U	0.457489	0.122662
1126	C	nan	nan
1127	U	0.847485	0.035963
1128	U	0.386267	0.023836
1129	A	1.331494	0.034626
1130	U	0.059	0.019942
1131	A	0.213532	0.024539
1132	G	0.189789	0.101634
1133	C	0.612231	0.093816
1134	A	1.447071	0.045632
1135	U	0.147284	0.025763
1136	U	0.447848	0.025892
1137	G	0.731307	0.035417
1138	U	0.217832	0.05487
1139	C	0.207043	0.140724
1140	C	0.329974	0.205964
1141	U	0.583384	0.033414
1142	U	0.046756	0.021676
1143	A	0.095555	0.024993
1144	G	0.392956	0.045327
1145	C	0.190328	0.074676
1146	U	0.319824	0.032244
1147	A	0.850995	0.037398
1148	C	0.211895	0.088424
1149	C	0.059309	0.1693
1150	A	0.875453	0.048167
1151	C	0.075754	0.066318
1152	U	0.580347	0.047235
1153	A	0.642325	0.050809
1154	C	0.718179	0.122932
1155	C	0.406267	0.174692
1156	C	0.199494	0.16337
1157	A	0.456103	0.046516
1158	U	0.612182	0.075884
1159	C	0.421364	0.153125
1160	C	0.096782	0.200842
1161	U	0.395696	0.048292
1162	U	0.410884	0.047061
1163	C	0.102713	0.139107
1164	A	0.393275	0.034705
1165	A	0.659287	0.047108
1166	C	0.306701	0.058955
1167	U	0.61196	0.128295
1168	U	0.211763	0.05157
1169	U	0.361022	0.036913
1170	G	0.739207	0.178466
1171	C	0.20219	0.09786
1172	A	0.640366	0.035937
1173	U	0.779159	0.063337
1174	A	0.747717	0.040416
1175	A	0.6129	0.043615
1176	G	0.371717	0.091202
1177	C	1.535566	0.241819
1178	U	0.682923	0.113412
1179	U	1.148462	0.070096
1180	U	0.218349	0.055168
1181	U	0.334274	0.050592
1182	G	1.187456	0.071662
1183	U	0.168167	0.041635
1184	U	0.623943	0.041971
1185	C	0.443201	0.252064
1186	A	0.337698	0.038285
1187	G	1.075862	0.083279
1188	C	0.565593	0.126167
1189	A	0.936011	0.047263
1190	U	0.860991	0.04979
1191	U	0.441847	0.043678
1192	A	0.22726	0.048431
1193	G	0.594388	0.092743
1194	A	0.39699	0.054165
1195	U	0.642558	0.049277
1196	A	1.074161	0.050036
1197	A	0.817521	0.069294
1198	U	0.603245	0.062327
1199	U	0.855812	0.045612
1200	U	0.154643	0.038658
1201	U	0.334458	0.030062
1202	G	0.33748	0.055479
1203	C	nan	nan
1204	U	0.95732	0.051858
1205	U	0.575362	0.054571
1206	C	0.258644	0.083365
1207	G	1.121078	0.085269
1208	C	0.077197	0.06766
1209	U	0.750507	0.049248
1210	G	0.516526	0.066528
1211	C	0.309755	0.127514
1212	C	0.044751	0.160674
1213	U	1.355877	0.102075
1214	C	0.219713	0.121853
1215	U	0.361865	0.042553
1216	G	1.449913	0.102253
1217	U	0.245412	0.060321
1218	U	0.743396	0.046016
1219	U	0.260462	0.079177
1220	C	0.472427	0.095608
1221	U	0.321468	0.092954
1222	U	1.225682	0.054207
1223	U	0.173392	0.034063
1224	A	1.884281	0.070221
1225	U	0.281483	0.034667
1226	U	0.487385	0.037103
1227	G	0.628535	0.077716
1228	A	1.050532	0.060986
1229	U	0.083128	0.033611
1230	G	0.461532	0.250176
1231	A	0.099679	0.049751
1232	C	0.269757	0.052592
1233	A	0.366639	0.033326
1234	G	1.828442	0.069748
1235	U	2.424123	0.218635
1236	G	1.098682	0.122129
1237	G	0.530551	0.081979
1238	U	0.32152	0.052754
1239	A	1.510243	0.064329
1240	U	0.16627	0.037628
1241	U	0.452492	0.035983
1242	G	0.84954	0.077318
1243	U	0.071938	0.041468
1244	U	0.226202	0.037304
1245	G	0.33914	0.26069
1246	A	0.064095	0.051156
1247	C	0.379518	0.046249
1248	A	0.065723	0.025482
1249	U	0.908859	0.079063
1250	A	0.95906	0.047129
1251	U	0.128174	0.030224
1252	G	1.486361	0.067715
1253	U	nan	nan
1254	G	0.82631	0.10639
1255	U	0.771279	0.073698
1256	U	0.42825	0.04202
1257	U	0.080183	0.039333
1258	U	0.384842	0.045851
1259	C	0.059579	0.187902
1260	A	0.925582	0.045167
1261	A	0.958661	0.048577
1262	U	0.222932	0.035862
1263	U	0.783876	0.055941
1264	A	0.928939	0.042914
1265	A	0.268916	0.029684
1266	C	0.133814	0.045395
1267	G	0.939303	0.059123
1268	U	1.218581	0.055902
1269	C	nan	nan
1270	G	1.265169	0.064275
1271	U	0.820969	0.056679
1272	G	0.45694	0.090693
1273	U	0.873264	0.054377
1274	U	0.12061	0.027461
1275	G	0.657436	0.076078
1276	U	0.455506	0.04307
1277	U	0.397788	0.058761
1278	C	0.253785	0.122595
1279	U	0.216002	0.037057
1280	G	1.753073	0.083386
1281	U	nan	nan
1282	G	0.526111	0.055982
1283	U	1.143181	0.053674
1284	U	0.193761	0.032998
1285	A	1.201953	0.053939
1286	U	0.329705	0.030771
1287	G	0.298545	0.062326
1288	C	0.374456	0.165257
1289	U	0.819809	0.046694
1290	U	0.303719	0.038332
1291	G	1.530862	0.073838
1292	U	0.201596	0.037177
1293	G	0.204622	0.092487
1294	C	0.314345	0.083512
1295	A	0.541622	0.039903
1296	C	0.158734	0.062124
1297	G	0.541939	0.057556
1298	U	0.338202	0.128943
1299	C	0.015906	0.174962
1300	C	0.089503	0.218635
1301	A	0.543688	0.039535
1302	A	1.153909	0.122982
1303	U	0.937507	0.072534
1304	U	0.487575	0.041447
1305	U	0.147065	0.031621
1306	U	0.250013	0.030771
1307	U	0.11654	0.024624
1308	A	1.281713	0.051379
1309	U	0.238411	0.057498
1310	C	0.454742	0.089006
1311	U	0.570635	0.042266
1312	U	0.555422	0.036678
1313	G	0.166874	0.224296
1314	G	0.469653	0.062895
1315	U	0.148506	0.077632
1316	C	nan	nan
1317	A	1.154644	0.061496
1318	U	0.113596	0.036108
1319	U	0.627789	0.042371
1320	G	2.198392	0.082855
1321	U	0.091201	0.036752
1322	U	0.044011	0.026117
1323	G	0.981184	0.069829
1324	U	0.585648	0.047141
1325	U	0.420307	0.058669
1326	C	0.100017	0.299511
1327	U	0.572068	0.076555
1328	U	0.452611	0.037032
1329	U	0.481696	0.037346
1330	A	0.604681	0.038197
1331	A	0.604447	0.042066
1332	G	0.843733	0.053147
1333	U	0.921893	0.068582
1334	G	0.322894	0.049624
1335	U	0.220104	0.049233
1336	A	1.181115	0.050604
1337	A	0.788294	0.046835
1338	U	0.328189	0.045847
1339	G	0.445983	0.120502
1340	A	0.673446	0.04788
1341	G	nan	nan
1342	A	0.00674	0.089772
1343	C	0.282362	0.047611
1344	A	0.580935	0.073459
1345	U	0.329686	0.041671
1346	U	0.485541	0.052661
1347	C	nan	nan
1348	A	0.230399	0.037572
1349	G	0.507301	0.071934
1350	C	0.223487	0.122932
1351	A	0.254671	0.036518
1352	C	0.176579	0.106487
1353	C	0.163909	0.158787
1354	A	0.786541	0.04025
1355	C	0.131828	0.068745
1356	A	0.466274	0.036909
1357	U	0.125483	0.047164
1358	U	0.111273	0.024079
1359	G	nan	nan
1360	G	0.118079	0.135872
1361	A	0.066615	0.030512
1362	U	0.690885	0.034383
1363	A	0.905763	0.039479
1364	U	0.600953	0.035338
1365	U	0.668191	0.05069
1366	C	nan	nan
1367	C	0.237003	0.068247
1368	U	0.374253	0.029908
1369	A	0.894135	0.041734
1370	U	0.352726	0.036582
1371	C	nan	nan
1372	A	0.291181	0.024672
1373	G	1.35711	0.049912
1374	U	1.644377	0.045335
1375	A	0.994532	0.039354
1376	G	1.029568	0.080209
1377	G	0.388269	0.085999
1378	U	0.094318	0.029359
1379	U	0.734795	0.033359
1380	G	0.444656	0.059267
1381	A	0.707315	0.034851
1382	A	1.197622	0.044234
1383	G	0.678486	0.066833
1384	A	0.28575	0.027896
1385	U	0.892531	0.040028
1386	A	0.33565	0.028762
1387	C	0.198709	0.033169
1388	U	0.975961	0.044213
1389	C	nan	nan
1390	A	0.283049	0.026981
1391	G	0.864879	0.045216
1392	U	0.771055	0.036416
1393	G	0.696196	0.069104
1394	C	0.315686	0.095973
1395	U	0.81826	0.038812
1396	A	1.030642	0.038533
1397	U	0.106134	0.030057
1398	G	0.16196	0.072788
1399	G	0.342245	0.083664
1400	C	0.133549	0.059604
1401	C	0.246402	0.146386
1402	A	0.597407	0.054216
1403	C	0.058292	0.028686
1404	U	0.467759	0.062567
1405	C	0.035046	0.162561
1406	C	0.296543	0.063664
1407	A	0.03008	0.032027
1408	G	2.468352	0.086568
1409	A	nan	nan
1410	G	0.230766	0.150969
1411	A	0.077421	0.023347
1412	G	0.174009	0.041242
1413	U	0.459465	0.036968
1414	G	1.049585	0.057121
1415	C	0.224835	0.103252
1416	G	0.360963	0.110807
1417	A	0.833513	0.039425
1418	A	0.57536	0.031308
1419	U	1.88664	0.053448
1420	A	0.067993	0.017778
1421	A	1.557189	0.09865
1422	U	1.480395	0.074565
1423	U	1.174831	0.046851
1424	U	0.137811	0.024201
1425	U	0.264774	0.024642
1426	U	0.460323	0.031901
1427	G	0.919808	0.115957
1428	A	1.36834	0.049374
1429	U	0.43875	0.031411
1430	U	0.500222	0.035794
1431	A	0.598477	0.038191
1432	G	0.735941	0.074349
1433	G	nan	nan
1434	A	0.934357	0.061314
1435	U	0.221382	0.041048
1436	U	0.47483	0.038619
1437	C	nan	nan
1438	A	1.005903	0.062147
1439	U	0.993087	0.048315
1440	U	0.116529	0.048994
1441	C	0.694387	0.084979
1442	U	0.20671	0.063111
1443	C	nan	nan
1444	A	0.259174	0.055423
1445	A	1.49278	0.111359
1446	U	0.560666	0.113024
1447	C	nan	nan
1448	A	0.136844	0.118366
1449	C	0.052733	0.169568
1450	C	0.316495	0.373108
1451	C	0.416242	0.419477
1452	U	nan	nan
1453	G	nan	nan
1454	C	nan	nan
1455	U	nan	nan
1456	U	nan	nan
1457	U	nan	nan
1458	U	nan	nan
1459	G	nan	nan
1460	C	nan	nan
1461	U	nan	nan
