Nucleotide	Sequence	Norm_profile	Norm_stderr
1	A	nan	nan
2	G	nan	nan
3	U	nan	nan
4	A	nan	nan
5	G	nan	nan
6	A	nan	nan
7	A	0.767883	0.5179
8	A	nan	nan
9	C	nan	nan
10	A	nan	nan
11	A	nan	nan
12	G	1.258431	0.538904
13	G	0.995044	0.48283
14	G	4.56572	0.861599
15	U	0.760154	0.226099
16	A	1.06691	0.204377
17	U	0.460104	0.0925
18	U	0.80903	0.206234
19	U	0.280909	0.117001
20	U	0.159344	0.049947
21	U	0.821431	0.206503
22	C	0.481352	0.098183
23	U	0.681586	0.084216
24	U	0.237539	0.044284
25	U	0.485308	0.047748
26	A	1.136559	0.067312
27	A	1.467129	0.067325
28	U	0.672321	0.050934
29	U	0.299384	0.036106
30	G	0.640362	0.061716
31	U	0.381623	0.045897
32	U	0.079896	0.026119
33	A	0.698736	0.084448
34	U	nan	nan
35	A	0.182374	0.035325
36	C	0.145979	0.040371
37	U	0.35255	0.085625
38	C	0.325391	0.225644
39	C	0.262577	0.150699
40	U	0.817201	0.0837
41	C	nan	nan
42	U	0.337352	0.042296
43	G	0.297728	0.08189
44	C	0.348845	0.10406
45	A	0.812636	0.054063
46	U	0.20727	0.031547
47	U	0.194099	0.033569
48	G	0.57561	0.061344
49	U	0.317843	0.148542
50	C	0.454523	0.190867
51	U	0.190059	0.191407
52	C	0.000539	0.171188
53	C	0.334827	0.143959
54	G	0.447859	0.089606
55	A	0.498651	0.03326
56	A	0.685766	0.042465
57	G	0.560471	0.183049
58	A	0.564815	0.039043
59	A	1.261296	0.043109
60	A	0.283683	0.024405
61	U	0.575195	0.042573
62	A	0.156012	0.024821
63	A	0.151365	0.027482
64	G	0.517876	0.165526
65	A	0.400209	0.049492
66	C	0.71063	0.124279
67	C	0.164717	0.161213
68	C	0.149351	0.175771
69	C	0.138028	0.146386
70	U	0.329887	0.036609
71	C	0.15016	0.153934
72	G	0.473382	0.044905
73	U	0.205632	0.031356
74	U	0.387165	0.029616
75	A	0.88146	0.039574
76	U	0.290805	0.033292
77	U	0.551694	0.032126
78	C	0.562088	0.192215
79	A	0.504882	0.032426
80	U	0.374725	0.030586
81	G	1.383499	0.050569
82	U	0.065571	0.039512
83	C	0.437539	0.210817
84	A	0.758255	0.042629
85	A	0.777758	0.04237
86	A	0.273601	0.038055
87	G	0.593118	0.081769
88	G	0.516621	0.071883
89	A	0.150782	0.035867
90	A	0.374615	0.03592
91	G	nan	nan
92	G	0.146116	0.143151
93	C	0.336714	0.083841
94	A	0.250128	0.023083
95	C	0.149351	0.070093
96	G	nan	nan
97	A	1.536323	0.040119
98	U	0.633794	0.033048
99	C	0.645121	0.187363
100	G	0.236428	0.160404
101	G	0.153395	0.158787
102	G	0.382004	0.217017
103	U	0.316345	0.034746
104	U	0.394182	0.030233
105	C	nan	nan
106	G	0.232635	0.036926
107	U	0.103224	0.032221
108	C	0.713326	0.177118
109	G	0.357472	0.196798
110	C	nan	nan
111	C	nan	nan
112	U	0.23651	0.04868
113	U	0.169509	0.026296
114	U	0.162513	0.024835
115	U	0.269453	0.021549
116	C	0.047717	0.163639
117	G	0.329615	0.040894
118	U	0.053996	0.120624
119	C	nan	nan
120	C	0.172266	0.1693
121	G	0.264465	0.170648
122	A	1.11452	0.042607
123	G	nan	nan
124	A	0.196056	0.033093
125	G	0.647547	0.147194
126	C	0.205964	0.09112
127	U	0.42113	0.037292
128	C	nan	nan
129	G	0.256184	0.068389
130	A	0.258408	0.040525
131	A	0.503	0.03398
132	G	0.103521	0.164448
133	A	0.296006	0.051277
134	C	0.152535	0.040907
135	U	0.302233	0.073257
136	C	nan	nan
137	C	0.426756	0.148542
138	C	0.347497	0.164717
139	C	0.217018	0.063824
140	G	0.771801	0.131131
141	C	0.220522	0.141263
142	C	0.236967	0.140455
143	C	0.13021	0.171457
144	C	0.24802	0.143151
145	U	0.189282	0.055453
146	G	0.349115	0.16957
147	G	0.543904	0.076099
148	A	1.352247	0.13048
149	A	0.911812	0.041777
150	A	0.543339	0.050248
151	G	0.244615	0.092524
152	A	0.305172	0.083841
153	C	0.83036	0.041605
154	A	0.118079	0.058231
155	C	0.105948	0.069284
156	A	0.728497	0.032775
157	U	0.248838	0.04735
158	C	0.152141	0.065279
159	U	0.967426	0.044041
160	U	1.882524	0.146925
161	C	1.404816	0.171188
162	A	0.387001	0.05181
163	G	0.192485	0.168222
164	G	1.072268	0.062124
165	U	0.33728	0.051138
166	C	0.481482	0.178197
167	U	0.595787	0.113766
168	G	nan	nan
169	G	0.461975	0.111654
170	C	0.532703	0.101095
171	A	0.762117	0.061944
172	U	0.589846	0.050136
173	U	0.421717	0.031193
174	U	0.386305	0.029265
175	U	0.318051	0.056137
176	C	0.524471	0.081825
177	C	0.658331	0.148273
178	A	0.721822	0.034831
179	U	1.487787	0.049348
180	C	nan	nan
181	A	0.228928	0.028963
182	U	0.427145	0.054074
183	C	0.380117	0.131828
184	C	0.236428	0.152856
185	U	0.975125	0.042221
186	U	0.488567	0.030009
187	A	1.520139	0.042994
188	U	0.65639	0.033572
189	A	1.103972	0.040921
190	A	1.46909	0.043037
191	U	0.19482	0.045465
192	C	0.68497	0.06802
193	U	0.215478	0.034286
194	C	nan	nan
195	A	0.185545	0.026492
196	G	0.713116	0.062056
197	U	1.462113	0.048957
198	U	0.168222	0.114035
199	C	0.211894	0.095597
200	U	0.483454	0.034385
201	C	nan	nan
202	A	0.766643	0.032909
203	U	0.326018	0.029451
204	G	1.496301	0.048437
205	U	0.146832	0.120939
206	C	0.271204	0.154743
207	U	0.186545	0.037406
208	G	0.421072	0.055215
209	A	0.755671	0.035661
210	A	0.42557	0.031898
211	G	0.436695	0.105809
212	U	0.495179	0.037865
213	U	0.236219	0.040694
214	C	0.173075	0.176579
215	U	0.522809	0.03196
216	G	0.737552	0.057732
217	C	0.502779	0.133715
218	C	nan	nan
219	U	0.58214	0.040626
220	U	0.60836	0.057385
221	C	0.194642	0.116192
222	U	0.210008	0.067127
223	G	1.593005	0.056917
224	U	0.001078	0.063083
225	G	0.696478	0.127199
226	U	0.205546	0.041604
227	U	0.345365	0.02785
228	U	0.347906	0.048174
229	C	0.30005	0.1631
230	C	0.025072	0.132367
231	U	0.321209	0.036229
232	G	0.705063	0.047882
233	U	0.159055	0.040723
234	A	0.136532	0.035739
235	A	1.122121	0.043965
236	A	0.443224	0.031633
237	U	0.535279	0.036913
238	G	0.591095	0.062262
239	C	0.367716	0.095973
240	C	0.643503	0.174692
241	G	0.958381	0.192485
242	C	0.341297	0.095434
243	C	nan	nan
244	A	0.23428	0.028991
245	U	0.804658	0.04165
246	A	1.458935	0.048851
247	A	0.746955	0.031689
248	U	0.234477	0.024643
249	G	0.317034	0.152856
250	G	0.267936	0.063877
251	U	0.234053	0.037281
252	U	0.732108	0.03097
253	G	0.208846	0.047875
254	C	0.317573	0.077102
255	U	0.854339	0.048616
256	C	nan	nan
257	U	0.100111	0.052688
258	C	nan	nan
259	U	0.432956	0.083572
260	C	0.370682	0.168222
261	A	0.26188	0.029431
262	A	1.814452	0.043229
263	A	0.615397	0.030498
264	U	0.640543	0.03833
265	G	0.516116	0.080412
266	G	0.490685	0.059918
267	G	0.298702	0.116461
268	A	1.08424	0.048878
269	G	0.194772	0.071621
270	G	1.022273	0.329165
271	U	0.058972	0.044185
272	U	1.523301	0.042752
273	U	0.049874	0.074676
274	C	0.733974	0.050336
275	U	0.028307	0.102443
276	C	nan	nan
277	U	0.653448	0.030789
278	G	0.20303	0.051232
279	C	0.631911	0.082763
280	A	1.067635	0.033784
281	C	0.260151	0.068205
282	U	0.530408	0.068951
283	G	0.089742	0.075948
284	A	1.588674	0.040281
285	G	0.67208	0.19572
286	A	1.174251	0.037925
287	A	0.80539	0.029941
288	U	0.663171	0.034322
289	G	1.835456	0.046022
290	U	0.969183	0.040188
291	G	2.288214	0.06878
292	G	0.564095	0.084625
293	G	0.326696	0.066057
294	C	0.110117	0.03999
295	U	0.476835	0.02912
296	G	0.923222	0.036601
297	U	0.168932	0.02341
298	A	0.560895	0.024284
299	C	0.176824	0.035499
300	G	0.958437	0.053584
301	C	0.318382	0.068745
302	U	0.405815	0.027084
303	G	0.33683	0.074619
304	A	1.763188	0.064248
305	U	0.773445	0.046705
306	U	0.434301	0.023239
307	U	0.409743	0.022785
308	G	0.923605	0.034935
309	U	0.368493	0.033011
310	C	0.321347	0.146925
311	C	0.26743	0.118618
312	U	0.348303	0.034189
313	G	0.190909	0.07658
314	C	0.160404	0.066857
315	A	0.085005	0.018683
316	G	0.243949	0.041143
317	A	0.33116	0.029188
318	U	0.80136	0.027696
319	G	0.515967	0.045058
320	C	0.036664	0.073867
321	U	0.895302	0.044041
322	C	nan	nan
323	U	0.006315	0.070101
324	C	nan	nan
325	U	0.126201	0.02825
326	G	0.686979	0.052919
327	C	0.192754	0.08465
328	U	0.868069	0.097051
329	G	0.364561	0.073614
330	A	0.886181	0.050957
331	U	0.177329	0.040235
332	U	0.307657	0.023951
333	U	0.244339	0.023189
334	G	1.327241	0.044881
335	U	0.053378	0.054187
336	G	0.876223	0.073433
337	U	0.299678	0.035605
338	U	0.771571	0.054805
339	C	0.087885	0.179006
340	C	nan	nan
341	C	0.258803	0.146925
342	U	1.456375	0.063926
343	C	0.301128	0.115383
344	C	0.264465	0.118618
345	G	0.506646	0.0647
346	C	0.212704	0.125627
347	U	0.351138	0.042246
348	U	0.589014	0.054469
349	C	0.186327	0.048057
350	U	0.869379	0.037506
351	G	0.076414	0.055829
352	G	0.689193	0.077614
353	U	0.4975	0.042217
354	U	0.340758	0.099747
355	C	0.13872	0.08943
356	U	0.831836	0.044959
357	U	0.424695	0.035068
358	A	1.05265	0.040591
359	U	0.831105	0.039838
360	G	0.521375	0.078911
361	G	0.349461	0.067272
362	C	nan	nan
363	C	0.520302	0.132367
364	C	0.030194	0.204616
365	A	0.641971	0.037634
366	A	0.051627	0.036945
367	U	0.661138	0.044603
368	A	0.753549	0.041275
369	U	0.341259	0.04665
370	C	0.175221	0.066831
371	U	0.813819	0.046184
372	G	0.830541	0.063936
373	C	0.325661	0.094086
374	U	1.218496	0.052917
375	C	nan	nan
376	C	0.163909	0.124549
377	U	1.310233	0.057362
378	C	0.999088	0.18278
379	A	0.607368	0.035842
380	A	0.66087	0.041255
381	U	0.877897	0.059878
382	U	0.713326	0.116192
383	C	0.149621	0.187363
384	A	1.236737	0.045126
385	A	0.466659	0.071789
386	G	2.196668	0.094829
387	A	0.179275	0.063353
388	G	0.232039	0.041875
389	U	0.320962	0.051885
390	A	0.662262	0.038771
391	C	0.666957	0.109722
392	U	0.506538	0.04285
393	G	0.49407	0.08691
394	G	0.312451	0.160943
395	A	0.999123	0.054685
396	U	0.940426	0.044691
397	U	0.218522	0.07782
398	C	0.500353	0.153934
399	C	0.231036	0.14342
400	A	1.333246	0.050616
401	U	0.311727	0.032665
402	U	0.367991	0.030848
403	G	0.972116	0.047241
404	U	0.119069	0.048848
405	C	0.334011	0.092338
406	U	0.095703	0.167413
407	C	0.336175	0.148812
408	C	0.160943	0.115653
409	A	1.14953	0.042449
410	U	0.407525	0.034481
411	G	1.032175	0.072043
412	U	1.035994	0.055585
413	U	0.329165	0.124279
414	C	0.678962	0.10456
415	U	0.516868	0.047394
416	C	0.18925	0.159865
417	A	1.800671	0.060063
418	U	0.396337	0.056505
419	U	0.092044	0.022929
420	U	0.33212	0.028254
421	G	0.349163	0.059772
422	A	0.297598	0.031843
423	A	0.341315	0.031087
424	G	0.378196	0.064046
425	C	0.229983	0.050579
426	A	1.12804	0.042495
427	A	0.852476	0.036311
428	U	0.565465	0.066936
429	C	0.155945	0.068162
430	U	0.355974	0.034516
431	G	nan	nan
432	A	0.661064	0.038002
433	A	0.371642	0.028782
434	C	0.166807	0.036581
435	U	0.765528	0.038989
436	C	0.086268	0.154473
437	C	0.026419	0.105408
438	U	1.436215	0.0775
439	C	0.298879	0.054402
440	U	0.844731	0.034912
441	G	0.563064	0.088761
442	G	1.405555	0.057151
443	U	0.755651	0.096512
444	G	0.374456	0.160943
445	G	0.394136	0.157978
446	A	0.266352	0.054996
447	C	0.140744	0.031124
448	A	0.683107	0.032688
449	G	1.095313	0.069159
450	U	0.266674	0.034678
451	U	0.82112	0.03807
452	G	0.446094	0.039252
453	U	0.213689	0.051935
454	C	nan	nan
455	C	0.108104	0.14369
456	U	0.956873	0.074677
457	C	0.173894	0.063642
458	U	0.401368	0.02868
459	U	0.589512	0.036204
460	G	0.169061	0.078522
461	G	0.052569	0.145038
462	G	0.054996	0.161752
463	A	0.489734	0.033296
464	C	0.005661	0.080876
465	C	0.150429	0.133985
466	A	2.48308	0.056519
467	C	0.239636	0.034601
468	U	1.157335	0.049302
469	C	0.285223	0.150969
470	U	1.080823	0.042718
471	U	0.778774	0.033181
472	G	0.311757	0.044665
473	C	0.379039	0.08465
474	U	0.889913	0.046543
475	C	0.042595	0.177927
476	C	nan	nan
477	U	1.163943	0.091411
478	C	0.249101	0.062832
479	U	0.017999	0.040103
480	G	nan	nan
481	A	0.940504	0.040189
482	U	0.037207	0.021447
483	G	0.411813	0.061753
484	A	0.519434	0.032224
485	A	0.285371	0.059264
486	G	0.413191	0.047977
487	C	0.284914	0.065907
488	U	0.204924	0.032211
489	U	0.274122	0.030227
490	G	nan	nan
491	A	0.235619	0.059579
492	C	0.662358	0.040638
493	A	0.442608	0.027401
494	C	0.03936	0.049065
495	U	1.095224	0.058293
496	C	nan	nan
497	U	0.584426	0.041022
498	C	nan	nan
499	A	0.252248	0.02888
500	G	0.667683	0.076473
501	A	1.243729	0.041407
502	U	0.196872	0.054285
503	C	0.163608	0.077646
504	U	1.355718	0.055097
505	U	0.084726	0.030686
506	C	0.413007	0.13722
507	A	0.250091	0.03033
508	A	1.365969	0.040713
509	A	0.819232	0.033099
510	U	0.884544	0.040189
511	G	1.337847	0.052264
512	C	0.552048	0.052191
513	G	0.192215	0.163909
514	G	0.123201	0.156899
515	C	0.244785	0.080876
516	A	0.24336	0.028634
517	G	1.425811	0.07518
518	A	0.248836	0.029848
519	G	1.299674	0.051397
520	U	0.448583	0.039798
521	G	0.22807	0.183049
522	A	0.411413	0.040726
523	C	0.65962	0.04263
524	A	0.696436	0.032452
525	U	0.166819	0.036869
526	G	0.19235	0.070461
527	C	0.117809	0.081954
528	C	0.103252	0.141533
529	A	0.450623	0.03237
530	U	0.245615	0.091191
531	C	0.285912	0.062467
532	C	nan	nan
533	A	0.586016	0.029012
534	U	0.812169	0.036373
535	A	1.372384	0.044782
536	C	0.582038	0.090581
537	C	0.114305	0.143959
538	A	0.308419	0.024675
539	G	0.69428	0.095743
540	U	0.090646	0.028795
541	U	0.295687	0.034141
542	G	0.393057	0.203538
543	A	0.454599	0.040478
544	C	0.623554	0.123201
545	U	0.385341	0.099726
546	U	0.663997	0.051321
547	U	0.666002	0.03389
548	U	0.396668	0.026989
549	A	1.013328	0.044052
550	U	0.659738	0.030506
551	G	1.489659	0.049383
552	U	0.166929	0.024629
553	G	0.783469	0.057504
554	C	0.310715	0.066437
555	U	0.754008	0.040315
556	G	0.385393	0.079316
557	G	0.614331	0.08657
558	A	1.075788	0.101664
559	U	0.451854	0.053563
560	U	0.775722	0.039638
561	U	0.281466	0.027253
562	U	0.284666	0.044319
563	C	1.040963	0.080868
564	U	1.237003	0.067468
565	U	0.423128	0.040629
566	U	1.277094	0.0498
567	G	2.327424	0.08242
568	G	0.008627	0.162022
569	G	0.268381	0.143005
570	U	0.162826	0.068896
571	C	nan	nan
572	U	0.216453	0.034003
573	G	0.300849	0.078683
574	A	0.625492	0.029401
575	U	1.095611	0.035833
576	A	0.522729	0.068745
577	A	0.355395	0.026355
578	G	0.33191	0.084259
579	A	0.516734	0.032673
580	C	0.168095	0.030016
581	U	0.537011	0.031591
582	G	0.751854	0.058238
583	A	0.509299	0.029447
584	A	0.95702	0.034585
585	G	0.213513	0.146925
586	A	0.130262	0.030479
587	C	nan	nan
588	U	0.267456	0.02796
589	U	0.363624	0.028417
590	G	nan	nan
591	A	0.195648	0.026361
592	C	0.216639	0.028811
593	U	0.328712	0.025562
594	G	1.093877	0.07088
595	U	0.907349	0.06097
596	U	1.359366	0.042328
597	U	0.531457	0.028253
598	U	0.954622	0.032019
599	G	0.16965	0.065963
600	G	0.020758	0.162561
601	A	1.256849	0.042593
602	G	0.727741	0.056801
603	C	0.246311	0.034875
604	A	0.278265	0.028769
605	G	0.396375	0.053674
606	G	1.231472	0.154743
607	C	0.228162	0.050687
608	G	0.288092	0.074292
609	G	0.251494	0.114626
610	A	0.34237	0.035203
611	A	0.966197	0.033122
612	A	0.990052	0.038305
613	G	nan	nan
614	G	0.404141	0.078801
615	A	0.470077	0.030104
616	U	0.554261	0.038211
617	C	0.441583	0.155552
618	A	1.114485	0.034463
619	A	2.612834	0.142072
620	U	1.307179	0.037562
621	U	1.357913	0.052538
622	C	nan	nan
623	C	nan	nan
624	G	nan	nan
625	A	0.415329	0.037155
626	C	0.336395	0.027781
627	U	1.749403	0.037877
628	A	0.701827	0.032496
629	G	0.226453	0.138298
630	G	0.298163	0.13722
631	G	nan	nan
632	A	1.007179	0.036906
633	G	0.844285	0.038842
634	U	0.448102	0.032931
635	A	1.200335	0.03615
636	U	0.893416	0.050765
637	C	0.232923	0.118618
638	C	0.450749	0.15016
639	C	0.01294	0.118349
640	U	0.563832	0.06314
641	C	0.03289	0.090042
642	U	0.037571	0.063811
643	C	nan	nan
644	U	nan	nan
645	C	0.081146	0.119696
646	U	0.145138	0.033744
647	C	0.324043	0.173075
648	A	0.436623	0.039483
649	A	0.714495	0.026512
650	A	0.406537	0.059848
651	G	1.114319	0.043316
652	U	0.502488	0.035685
653	C	0.445896	0.166605
654	G	0.678399	0.039848
655	U	0.301592	0.024659
656	A	1.09142	0.030915
657	U	0.451323	0.043212
658	C	nan	nan
659	C	0.106487	0.118349
660	A	1.312031	0.040411
661	C	0.299465	0.033487
662	U	0.800875	0.031795
663	G	0.382524	0.052114
664	G	0.717006	0.058109
665	C	0.138298	0.07198
666	C	0.146925	0.095164
667	A	1.36251	0.039667
668	C	0.070362	0.059848
669	A	0.304361	0.03171
670	G	1.762175	0.070338
671	A	0.434157	0.033031
672	A	1.135485	0.03128
673	A	0.198891	0.042927
674	G	0.423869	0.041648
675	U	nan	nan
676	C	0.22834	0.135063
677	C	0.152586	0.125358
678	A	0.116852	0.024656
679	U	1.497494	0.039369
680	A	0.283398	0.023309
681	C	1.353338	0.045434
682	A	0.048795	0.035855
683	C	0.001248	0.021677
684	A	0.053468	0.014781
685	C	0.120236	0.048526
686	A	0.360436	0.027807
687	A	0.24214	0.023653
688	G	0.791509	0.052967
689	C	0.164398	0.030664
690	A	0.487321	0.03663
691	G	0.692107	0.065703
692	G	0.153125	0.113226
693	C	0.20866	0.070632
694	A	0.44309	0.036234
695	G	nan	nan
696	G	0.23438	0.077704
697	C	0.197877	0.064701
698	A	0.970976	0.039734
699	G	0.165257	0.129671
700	G	0.615466	0.183858
701	A	0.26136	0.038211
702	C	nan	nan
703	U	0.181492	0.028916
704	U	0.496762	0.029367
705	A	0.58759	0.033111
706	U	0.233246	0.029146
707	G	0.288997	0.135602
708	A	0.374725	0.061735
709	G	0.329219	0.049389
710	C	0.319191	0.086807
711	C	nan	nan
712	A	1.02896	0.042971
713	C	0.265526	0.034626
714	U	0.565735	0.033482
715	G	0.297354	0.128323
716	A	0.50424	0.044597
717	U	0.798152	0.074355
718	C	0.361246	0.166335
719	C	0.667766	0.132637
720	C	nan	nan
721	C	0.029924	0.116731
722	U	0.404007	0.0398
723	C	0.059039	0.109722
724	A	0.246266	0.029145
725	G	0.945197	0.06714
726	A	1.887167	0.045306
727	A	0.756961	0.046786
728	U	0.970945	0.046971
729	G	0.646682	0.067292
730	A	2.66283	0.052935
731	G	nan	nan
732	A	2.058025	0.115383
733	G	0.77132	0.070978
734	C	0.546166	0.052198
735	A	0.117804	0.026143
736	G	0.497118	0.150969
737	A	0.489905	0.040392
738	C	0.274964	0.045566
739	C	0.460454	0.138568
740	G	0.742661	0.043234
741	U	0.674662	0.035678
742	G	0.471621	0.047482
743	C	1.807848	0.12401
744	A	1.295541	0.035962
745	A	0.377355	0.029393
746	G	0.630778	0.063348
747	A	1.808953	0.054617
748	A	0.622638	0.031199
749	A	0.466924	0.086268
750	G	1.135478	0.05229
751	A	0.498897	0.028628
752	U	0.530949	0.043486
753	G	0.722971	0.071472
754	A	1.369663	0.036778
755	G	0.171457	0.120775
756	A	0.978477	0.033896
757	U	0.09191	0.040477
758	C	nan	nan
759	U	1.197378	0.040641
760	U	0.308827	0.029837
761	C	0.719527	0.126706
762	A	0.986433	0.027836
763	A	1.033366	0.049483
764	U	0.361555	0.031873
765	U	0.393848	0.026925
766	U	0.398234	0.028153
767	C	nan	nan
768	A	0.14952	0.026399
769	G	0.967615	0.05282
770	C	0.068745	0.074136
771	A	1.097363	0.03886
772	U	0.50411	0.027322
773	U	0.761169	0.046205
774	C	nan	nan
775	C	0.485699	0.060953
776	C	0.080606	0.112418
777	A	0.202231	0.028452
778	G	0.520174	0.063316
779	G	0.400481	0.065914
780	A	0.095253	0.057195
781	U	0.15731	0.038264
782	U	0.210575	0.038137
783	C	0.187093	0.118888
784	C	0.672619	0.114844
785	G	nan	nan
786	G	0.401145	0.103791
787	C	nan	nan
788	U	0.349246	0.033623
789	U	0.533471	0.026421
790	U	0.265523	0.03787
791	C	0.067666	0.110531
792	C	0.061466	0.112418
793	C	0.115653	0.115383
794	U	0.09759	0.073328
795	C	nan	nan
796	A	0.587923	0.033666
797	C	0.213243	0.076293
798	C	0.342105	0.100286
799	U	0.290391	0.031723
800	G	0.250176	0.122392
801	G	0.385427	0.047544
802	U	0.03561	0.073366
803	C	0.157169	0.13695
804	C	nan	nan
805	A	0.433996	0.02507
806	U	1.098703	0.040458
807	C	0.080067	0.09759
808	A	1.081847	0.031288
809	U	0.225224	0.028056
810	U	0.497214	0.023158
811	G	0.572509	0.038729
812	C	0.665879	0.083572
813	U	1.381913	0.035938
814	C	0.322695	0.148812
815	G	1.241265	0.050724
816	U	0.31088	0.027277
817	U	0.924507	0.028949
818	G	0.505829	0.039431
819	U	0.277674	0.047717
820	G	0.483369	0.095434
821	C	0.437539	0.081415
822	U	nan	nan
823	G	0.1046	0.105678
824	C	0.319191	0.075754
825	U	0.069944	0.018254
826	G	0.47636	0.150699
827	U	0.440774	0.074136
828	U	0.029524	0.017093
829	U	0.262308	0.048526
830	G	0.029924	0.13075
831	A	0.086537	0.047447
832	A	0.184731	0.018534
833	A	0.181971	0.116192
834	U	0.242089	0.0523
835	U	0.182348	0.020327
836	U	1.010687	0.049093
837	C	0.189789	0.131289
838	C	0.29978	0.115114
839	C	nan	nan
840	C	0.020219	0.160674
841	U	0.048795	0.03909
842	U	nan	nan
843	G	nan	nan
844	A	0.195181	0.047447
845	G	nan	nan
846	A	0.304094	0.051761
847	A	0.110261	0.036664
848	U	0.23481	0.046638
849	G	0.28488	0.034303
850	U	nan	nan
851	U	0.558693	0.027969
852	A	0.274387	0.020572
853	C	1.499285	0.071354
854	A	0.038657	0.016617
855	C	0.077371	0.053378
856	A	0.065491	0.028665
857	U	0.113565	0.031396
858	U	nan	nan
859	C	0.080337	0.105408
860	U	0.132097	0.084111
861	C	nan	nan
862	U	0.114574	0.068205
863	C	0.720336	0.136411
864	G	1.549235	0.038198
865	U	0.478056	0.026608
866	A	1.366165	0.028609
867	U	0.643216	0.026152
868	G	0.672569	0.047192
869	C	0.804986	0.090042
870	A	1.094791	0.024748
871	A	0.805707	0.02951
872	U	0.526885	0.024617
873	U	0.525895	0.028245
874	C	0.375403	0.064858
875	U	0.276275	0.024057
876	U	0.395167	0.02141
877	G	1.038091	0.052276
878	U	0.928098	0.032224
879	U	0.258803	0.066857
880	C	0.721893	0.075355
881	U	0.312291	0.044162
882	C	0.085459	0.114574
883	C	0.160404	0.098669
884	G	1.444427	0.059905
885	C	0.569097	0.098938
886	C	0.158787	0.113226
887	C	nan	nan
888	A	0.887786	0.063515
889	U	0.973462	0.038976
890	U	0.177149	0.021762
891	U	0.073294	0.018268
892	U	0.221952	0.025171
893	C	nan	nan
894	G	0.866951	0.051824
895	C	nan	nan
896	C	0.275248	0.097051
897	U	0.950121	0.049139
898	C	0.053378	0.089772
899	U	0.300689	0.05897
900	C	0.317843	0.116192
901	C	0.143151	0.090851
902	A	0.403841	0.05877
903	G	0.74873	0.068395
904	A	0.356124	0.053109
905	A	0.880696	0.026783
906	A	0.259543	0.037821
907	U	0.774148	0.028449
908	U	0.279583	0.049024
909	C	0.439426	0.124819
910	C	0.276596	0.105678
911	G	0.274439	0.143151
912	A	0.385894	0.027338
913	U	0.657046	0.034239
914	C	0.456141	0.132906
915	A	0.864869	0.030193
916	U	0.520302	0.071171
917	U	0.415734	0.023816
918	G	0.226183	0.113226
919	A	0.206871	0.027577
920	U	0.457571	0.045938
921	C	0.570176	0.159056
922	C	nan	nan
923	C	0.289806	0.119966
924	U	0.676227	0.037372
925	C	0.250985	0.088964
926	G	1.08635	0.047009
927	C	0.339835	0.04162
928	U	0.621667	0.083033
929	U	0.305384	0.022892
930	G	nan	nan
931	A	0.235704	0.022725
932	U	0.331073	0.02714
933	C	0.670462	0.141533
934	A	0.302476	0.056344
935	U	0.457921	0.065072
936	C	0.331052	0.089772
937	C	0.297354	0.122392
938	G	0.48667	0.08014
939	A	1.235516	0.092199
940	A	0.631295	0.025849
941	U	0.362633	0.0299
942	C	0.579072	0.141533
943	A	0.17496	0.016362
944	A	0.619815	0.033819
945	U	1.135199	0.03251
946	U	0.016175	0.112687
947	C	0.416781	0.116731
948	C	0.380248	0.056213
949	A	0.762318	0.027759
950	U	0.178157	0.023012
951	U	0.092297	0.019043
952	A	0.726046	0.029874
953	C	0.135333	0.063083
954	C	0.315686	0.128862
955	A	0.962142	0.033728
956	U	0.142651	0.026055
957	U	0.529	0.026011
958	G	0.966642	0.054342
959	U	0.454664	0.037091
960	U	0.335441	0.062063
961	C	0.256916	0.167413
962	C	0.294119	0.131019
963	A	0.074914	0.028574
964	A	1.332113	0.060862
965	C	0.352297	0.053147
966	C	0.291154	0.128323
967	C	nan	nan
968	C	0.353698	0.326469
969	U	0.514641	0.095164
970	U	0.455408	0.037619
971	U	0.222191	0.036711
972	C	0.377691	0.132906
973	A	0.89176	0.043877
974	C	0.117273	0.034826
975	U	0.548339	0.083572
976	G	0.400875	0.105678
977	C	0.108104	0.083033
978	U	0.125358	0.050413
979	G	0.15016	0.100825
980	C	0.270935	0.088694
981	U	3.411239	0.068366
982	C	0.849737	0.189519
983	C	0.447514	0.134254
984	A	0.353516	0.026829
985	G	0.187582	0.081705
986	C	0.2216	0.084381
987	A	0.061461	0.030077
988	G	0.441044	0.250446
989	C	0.521381	0.129671
990	C	0.191676	0.12401
991	C	0.016984	0.135333
992	C	nan	nan
993	A	0.174692	0.066318
994	G	0.311338	0.082934
995	A	1.448769	0.057387
996	C	0.116192	0.091659
997	C	0.095973	0.122123
998	U	0.517824	0.077168
999	C	0.344262	0.142072
1000	C	0.408693	0.173614
1001	U	0.223459	0.035181
1002	U	0.296952	0.058643
1003	G	0.285816	0.068704
1004	G	0.630937	0.08095
1005	A	0.51812	0.057266
1006	A	0.977021	0.051912
1007	G	0.980321	0.076084
1008	A	0.250446	0.084111
1009	G	0.499275	0.208391
1010	U	0.049689	0.034956
1011	U	0.691619	0.03649
1012	G	nan	nan
1013	A	0.172266	0.056074
1014	A	0.33478	0.034732
1015	C	0.226722	0.082224
1016	C	0.620589	0.167683
1017	U	0.501757	0.043673
1018	U	0.60172	0.033729
1019	G	0.373852	0.057
1020	C	nan	nan
1021	A	0.559274	0.029681
1022	U	0.722913	0.044348
1023	C	0.45021	0.134793
1024	A	0.223487	0.0585
1025	G	2.158744	0.078825
1026	A	0.250985	0.066049
1027	G	0.257725	0.160943
1028	A	0.255099	0.032906
1029	G	0.4957	0.066545
1030	C	0.440385	0.053957
1031	A	1.383397	0.039032
1032	C	0.072249	0.059309
1033	A	0.715873	0.031294
1034	U	0.694443	0.049528
1035	C	0.414085	0.135333
1036	C	0.111339	0.122932
1037	U	0.225105	0.072519
1038	G	nan	nan
1039	G	nan	nan
1040	G	nan	nan
1041	G	0.005052	0.12315
1042	U	0.24125	0.09466
1043	C	nan	nan
1044	C	0.063353	0.138028
1045	A	0.476728	0.028171
1046	U	0.725925	0.064921
1047	C	0.09139	0.136141
1048	C	0.007279	0.135602
1049	C	nan	nan
1050	A	0.114844	0.055265
1051	G	0.113155	0.038429
1052	U	0.717527	0.036737
1053	A	0.220609	0.023758
1054	C	0.201296	0.040606
1055	G	0.542112	0.068141
1056	C	0.077911	0.083572
1057	A	0.913945	0.03958
1058	C	0.249581	0.033298
1059	A	1.182584	0.042675
1060	A	0.735702	0.091929
1061	G	0.574863	0.043005
1062	U	0.779855	0.042375
1063	G	0.398488	0.071724
1064	C	0.249098	0.13021
1065	C	1.158953	0.170918
1066	C	0.48256	0.18925
1067	U	0.300846	0.046169
1068	U	0.615066	0.037768
1069	G	1.134945	0.070802
1070	U	1.479639	0.073926
1071	U	0.386857	0.09139
1072	C	0.946548	0.083728
1073	U	0.486065	0.113226
1074	C	0.405998	0.145307
1075	U	0.38163	0.039671
1076	G	0.383924	0.081924
1077	A	0.38261	0.040225
1078	U	0.900599	0.055496
1079	A	0.768642	0.051369
1080	U	0.504323	0.032942
1081	G	1.128985	0.052704
1082	U	0.189018	0.046212
1083	A	1.243334	0.125088
1084	G	0.399156	0.062281
1085	C	0.137487	0.045294
1086	A	1.059073	0.037317
1087	U	1.18916	0.050657
1088	C	0.129941	0.127784
1089	A	0.763996	0.040507
1090	U	1.250311	0.049413
1091	U	0.460684	0.040165
1092	C	0.085729	0.156899
1093	A	0.631092	0.036382
1094	G	0.845574	0.080821
1095	G	1.079658	0.122405
1096	U	1.335802	0.128862
1097	U	0.951673	0.042107
1098	G	0.405064	0.082552
1099	G	0.857726	0.100651
1100	A	1.13252	0.049246
1101	A	0.395105	0.032709
1102	U	0.554042	0.034558
1103	G	0.627832	0.062061
1104	C	0.344801	0.113226
1105	C	0.175771	0.151777
1106	A	0.39304	0.034954
1107	G	0.946683	0.104706
1108	A	0.802165	0.040868
1109	U	1.134535	0.053131
1110	C	0.664153	0.103096
1111	A	0.109886	0.029031
1112	U	0.058058	0.034576
1113	C	0.087346	0.148003
1114	A	0.505205	0.075215
1115	A	1.841502	0.047579
1116	A	0.681877	0.04831
1117	U	0.322638	0.041248
1118	G	0.858903	0.197877
1119	G	0.379039	0.181701
1120	G	0.851085	0.149351
1121	U	0.702345	0.051358
1122	G	0.138837	0.148003
1123	A	0.294361	0.039727
1124	G	0.039629	0.179814
1125	A	0.2597	0.033885
1126	C	0.240741	0.101904
1127	C	nan	nan
1128	A	0.09147	0.030416
1129	G	0.653586	0.064972
1130	C	0.257725	0.073328
1131	A	0.119557	0.023624
1132	G	0.679537	0.062108
1133	U	0.141476	0.031196
1134	U	0.723096	0.034237
1135	G	0.590023	0.041038
1136	C	nan	nan
1137	G	0.683761	0.043189
1138	U	0.144002	0.058556
1139	C	0.207043	0.158517
1140	U	2.323773	0.055277
1141	U	0.047491	0.04167
1142	C	0.473588	0.047794
1143	U	0.633529	0.16957
1144	C	0.691759	0.171188
1145	C	0.118888	0.114844
1146	A	0.649426	0.031041
1147	U	0.526139	0.028278
1148	U	1.019314	0.032787
1149	A	1.818979	0.048996
1150	U	0.913414	0.039221
1151	U	0.293787	0.026343
1152	U	0.617048	0.025841
1153	G	0.691929	0.043495
1154	C	0.239601	0.044798
1155	U	0.837067	0.093816
1156	U	0.342478	0.02765
1157	G	0.328919	0.074619
1158	A	0.389519	0.024392
1159	C	0.130963	0.036209
1160	G	0.552393	0.058797
1161	C	0.428912	0.085729
1162	C	0.909316	0.1631
1163	A	0.123967	0.023104
1164	A	1.248895	0.033639
1165	A	1.208322	0.03888
1166	U	0.793172	0.032704
1167	U	0.429759	0.040641
1168	C	0.571166	0.077559
1169	U	0.1662	0.028432
1170	U	nan	nan
1171	C	0.105695	0.052621
1172	U	0.500394	0.026669
1173	A	0.63242	0.028392
1174	A	1.047492	0.033205
1175	U	0.17326	0.037852
1176	C	0.124413	0.094415
1177	U	0.450655	0.042474
1178	C	nan	nan
1179	C	nan	nan
1180	U	0.437967	0.05674
1181	C	nan	nan
1182	U	0.920838	0.074008
1183	U	0.170199	0.080521
1184	U	0.404112	0.024938
1185	G	0.904827	0.037278
1186	U	0.113766	0.070362
1187	C	nan	nan
1188	A	0.391354	0.024487
1189	U	1.876862	0.132906
1190	A	0.25481	0.029103
1191	G	0.578803	0.115653
1192	A	0.236428	0.077102
1193	G	0.138028	0.131558
1194	G	0.141263	0.15636
1195	A	0.182878	0.027044
1196	U	0.328326	0.033028
1197	C	0.283605	0.145846
1198	A	0.502928	0.023785
1199	A	0.869399	0.033109
1200	U	1.612679	0.039667
1201	U	0.084881	0.046958
1202	C	0.839477	0.055547
1203	U	0.157708	0.09112
1204	C	nan	nan
1205	U	0.504111	0.032859
1206	C	nan	nan
1207	A	1.284299	0.035323
1208	U	0.034152	0.052086
1209	C	0.020273	0.063003
1210	C	nan	nan
1211	A	0.4296	0.093156
1212	U	0.317512	0.033069
1213	U	0.5394	0.02786
1214	U	0.728727	0.044906
1215	C	0.392518	0.133715
1216	C	0.113496	0.108913
1217	C	0.057152	0.131828
1218	A	2.11156	0.045853
1219	U	0.088589	0.042434
1220	C	1.083905	0.045768
1221	U	0.138298	0.083841
1222	C	nan	nan
1223	U	0.73025	0.040008
1224	C	0.150969	0.133715
1225	C	0.218904	0.1046
1226	U	0.184922	0.043969
1227	C	nan	nan
1228	C	0.285223	0.102982
1229	U	0.261891	0.03019
1230	G	0.688213	0.03673
1231	U	0.114035	0.040708
1232	A	0.709861	0.02842
1233	G	0.530512	0.051139
1234	A	0.722452	0.041053
1235	U	0.466385	0.084381
1236	U	0.517349	0.052099
1237	G	0.407357	0.077106
1238	G	0.459106	0.142072
1239	A	0.800628	0.100882
1240	C	0.593091	0.13668
1241	C	nan	nan
1242	C	0.2739	0.146386
1243	C	nan	nan
1244	C	0.203808	0.122123
1245	U	0.152316	0.073058
1246	G	0.756348	0.044413
1247	U	0.252306	0.068427
1248	C	0.172266	0.153934
1249	U	1.224382	0.048692
1250	U	0.172285	0.066532
1251	C	nan	nan
1252	U	0.55654	0.031329
1253	U	0.195351	0.026725
1254	A	0.170247	0.0432
1255	G	0.505475	0.150699
1256	G	0.291627	0.078371
1257	A	0.651414	0.046807
1258	U	0.353302	0.051846
1259	C	0.310025	0.171727
1260	U	0.299019	0.045125
1261	U	nan	nan
1262	U	0.378102	0.040576
1263	C	0.1631	0.124819
1264	C	nan	nan
1265	C	nan	nan
1266	A	0.039012	0.022152
1267	G	0.3415	0.049997
1268	C	0.363133	0.089772
1269	A	2.639523	0.165257
1270	C	0.185497	0.037093
1271	U	0.831944	0.132097
1272	G	0.328896	0.134793
1273	G	0.194102	0.135063
1274	G	nan	nan
1275	A	0.663453	0.09813
1276	U	0.576892	0.029068
1277	G	0.236697	0.108643
1278	C	0.503049	0.090312
1279	U	0.907906	0.044953
1280	C	0.03262	0.167144
1281	U	1.148103	0.041786
1282	U	nan	nan
1283	C	0.129941	0.108374
1284	C	1.574117	0.164448
1285	A	0.085326	0.021018
1286	G	0.759839	0.049273
1287	A	0.186508	0.030656
1288	U	0.804016	0.030648
1289	A	0.910249	0.048514
1290	U	0.828998	0.041447
1291	U	0.226285	0.023238
1292	U	0.387331	0.024965
1293	G	1.716353	0.071258
1294	U	0.383352	0.092199
1295	U	0.618055	0.027905
1296	U	0.114035	0.088424
1297	C	0.404531	0.062098
1298	U	0.254167	0.058447
1299	C	0.524346	0.157439
1300	C	nan	nan
1301	U	1.080435	0.058619
1302	C	0.073597	0.110531
1303	U	0.663707	0.040663
1304	C	nan	nan
1305	A	1.341918	0.045322
1306	U	0.220522	0.067666
1307	C	0.52192	0.128862
1308	A	0.237506	0.067936
1309	A	0.943348	0.042138
1310	A	0.353925	0.030945
1311	U	0.360293	0.025329
1312	G	0.824276	0.057243
1313	C	0.260151	0.094895
1314	C	0.486604	0.171188
1315	G	nan	nan
1316	A	0.418615	0.030446
1317	G	nan	nan
1318	A	0.252333	0.060118
1319	G	0.231575	0.157169
1320	A	0.346419	0.070093
1321	A	0.367748	0.030052
1322	C	0.77641	0.10433
1323	C	0.078989	0.133985
1324	A	2.196592	0.146655
1325	U	1.782195	0.040907
1326	U	0.099646	0.031873
1327	C	0.971321	0.128862
1328	U	0.186015	0.074676
1329	C	nan	nan
1330	U	0.219713	0.135063
1331	C	nan	nan
1332	U	0.857853	0.034924
1333	A	1.144264	0.031418
1334	U	0.076074	0.027383
1335	U	0.102143	0.027693
1336	G	1.308585	0.036157
1337	U	0.253993	0.023798
1338	U	0.025276	0.021473
1339	A	0.970878	0.026316
1340	U	0.389184	0.021033
1341	G	0.416373	0.040506
1342	C	0.509249	0.075754
1343	U	0.133645	0.017473
1344	G	1.291378	0.074457
1345	U	0.759426	0.137759
1346	U	0.755277	0.024058
1347	U	0.256378	0.019637
1348	U	0.18504	0.04326
1349	G	0.668305	0.153125
1350	A	0.715112	0.028424
1351	A	0.739045	0.026709
1352	U	0.851085	0.086268
1353	C	0.122392	0.133445
1354	A	0.146116	0.048256
1355	G	0.467079	0.040402
1356	C	0.088694	0.115383
1357	C	0.28872	0.053505
1358	U	1.506155	0.057602
1359	C	0.263925	0.108913
1360	C	0.183858	0.112418
1361	C	nan	nan
1362	U	0.536201	0.042176
1363	U	0.61979	0.034317
1364	C	0.397101	0.098669
1365	A	0.437318	0.025021
1366	U	0.225379	0.025229
1367	A	0.304383	0.022666
1368	G	0.662265	0.049996
1369	U	0.204572	0.036249
1370	C	0.023993	0.157439
1371	G	0.66107	0.057247
1372	C	0.393327	0.06524
1373	U	0.238238	0.025516
1374	G	0.396392	0.074587
1375	A	0.324786	0.028439
1376	G	1.003671	0.232384
1377	U	0.270314	0.032277
1378	U	0.164881	0.02384
1379	U	0.167061	0.022457
1380	G	nan	nan
1381	A	0.185338	0.028752
1382	G	nan	nan
1383	U	0.228725	0.030899
1384	U	0.285407	0.029584
1385	C	0.581768	0.153934
1386	A	0.267906	0.022974
1387	G	1.549956	0.039912
1388	U	0.584984	0.03155
1389	G	0.638095	0.052982
1390	C	0.500622	0.093007
1391	A	0.415395	0.04059
1392	C	0.132906	0.057422
1393	A	0.634015	0.025126
1394	U	0.407285	0.048335
1395	C	0.196529	0.085189
1396	U	0.335956	0.031784
1397	G	1.026392	0.03413
1398	U	0.290896	0.025284
1399	A	1.168916	0.029501
1400	U	0.136411	0.046099
1401	G	0.814555	0.0311
1402	U	0.157583	0.026257
1403	A	0.358987	0.035577
1404	G	0.762686	0.069875
1405	A	0.44559	0.035868
1406	A	0.957853	0.030784
1407	U	nan	nan
1408	C	0.557774	0.063922
1409	U	0.632395	0.040711
1410	C	nan	nan
1411	C	0.317573	0.11107
1412	C	0.164987	0.135602
1413	G	nan	nan
1414	A	0.300505	0.02937
1415	U	0.485699	0.03082
1416	U	0.244793	0.101237
1417	C	0.105408	0.14342
1418	C	0.580151	0.143151
1419	A	1.137872	0.036668
1420	C	0.186824	0.072788
1421	C	nan	nan
1422	A	1.016955	0.037876
1423	A	0.195025	0.030793
1424	C	nan	nan
1425	C	nan	nan
1426	A	0.755509	0.052715
1427	U	1.241598	0.056222
1428	U	0.237799	0.078648
1429	C	0.697627	0.075291
1430	U	0.644934	0.090139
1431	C	0.320808	0.251255
1432	C	0.533512	0.178197
1433	C	0.181432	0.19545
1434	A	0.37217	0.071546
1435	A	0.390391	0.063224
1436	C	0.126707	0.056265
1437	A	0.285888	0.036965
1438	G	1.029954	0.076941
1439	A	nan	nan
1440	U	0.631319	0.040651
1441	G	0.386791	0.062072
1442	C	0.526772	0.148542
1443	U	1.489197	0.335905
1444	C	nan	nan
1445	U	0.36018	0.043854
1446	G	0.620679	0.122671
1447	A	1.707559	0.086937
1448	U	0.187114	0.05001
1449	U	1.11528	0.310294
1450	U	0.741138	0.048016
1451	C	0.314324	0.09847
1452	A	0.281624	0.035175
1453	G	1.277557	0.061476
1454	U	0.707069	0.062281
1455	G	0.689603	0.249637
1456	G	0.448862	0.194372
1457	C	0.294389	0.11107
1458	A	0.671711	0.061537
1459	U	0.116577	0.051682
1460	U	0.314316	0.048395
1461	C	0.199225	0.144768
1462	U	0.334176	0.057196
1463	G	nan	nan
1464	G	0.159865	0.141533
1465	C	0.112957	0.121853
1466	G	0.612489	0.093698
1467	U	0.518335	0.045107
1468	U	1.700553	0.08536
1469	C	nan	nan
1470	C	0.057674	0.090448
1471	C	0.403302	0.173883
1472	C	nan	nan
1473	A	0.951695	0.054133
1474	C	0.121584	0.088964
1475	C	nan	nan
1476	A	0.166602	0.029256
1477	G	0.569408	0.104138
1478	U	0.244144	0.051787
1479	U	0.334426	0.051876
1480	U	0.246821	0.064042
1481	C	0.19387	0.088861
1482	C	0.172535	0.144768
1483	A	0.903955	0.040102
1484	U	0.58956	0.0601
1485	C	0.190052	0.076492
1486	U	0.540894	0.036918
1487	G	0.480486	0.066241
1488	C	0.161752	0.110531
1489	U	0.948934	0.052567
1490	C	0.434843	0.250716
1491	A	0.665339	0.036605
1492	U	2.742513	0.067073
1493	A	0.554365	0.03741
1494	A	0.272163	0.031303
1495	G	0.135704	0.092328
1496	A	0.321499	0.03463
1497	U	0.154349	0.026492
1498	C	0.031272	0.22861
1499	G	0.607927	0.147515
1500	U	0.695339	0.066492
1501	U	0.030549	0.022533
1502	U	0.178455	0.025937
1503	G	0.267763	0.125232
1504	G	0.139317	0.057187
1505	U	0.06973	0.025653
1506	G	0.335096	0.171188
1507	C	nan	nan
1508	C	nan	nan
1509	U	0.181963	0.034434
1510	U	0.170457	0.034749
1511	G	0.397513	0.116815
1512	A	2.472981	0.071225
1513	G	0.148812	0.162022
1514	A	0.373216	0.035242
1515	C	0.180623	0.087346
1516	G	0.151424	0.059884
1517	C	0.035855	0.140994
1518	C	nan	nan
1519	A	0.335999	0.034122
1520	U	0.319144	0.032291
1521	G	0.711514	0.100605
1522	A	0.223359	0.028301
1523	U	0.693516	0.042541
1524	G	7.949692	0.118327
1525	U	1.266217	0.05786
1526	G	2.610639	0.117823
1527	G	0.326495	0.069978
1528	A	1.192454	0.05119
1529	U	0.810608	0.046212
1530	G	1.368226	0.130412
1531	U	0.266523	0.058376
1532	C	nan	nan
1533	A	0.323018	0.048298
1534	C	0.146337	0.047663
1535	U	0.582353	0.047431
1536	C	nan	nan
1537	G	2.99579	0.162003
1538	G	2.51389	0.081681
1539	U	1.160277	0.072424
1540	G	0.421482	0.136383
1541	A	0.895097	0.053109
1542	G	0.426955	0.050307
1543	U	0.138989	0.041309
1544	G	nan	nan
1545	A	0.427744	0.05026
1546	U	0.127136	0.043994
1547	U	0.410608	0.04662
1548	A	0.465675	0.044935
1549	U	0.27122	0.179154
1550	C	0.283605	0.279561
1551	U	0.45652	0.172042
1552	A	0.618731	0.221433
1553	C	0.108104	0.451019
1554	C	nan	nan
1555	C	nan	nan
1556	U	nan	nan
1557	G	nan	nan
1558	C	nan	nan
1559	U	nan	nan
1560	U	nan	nan
1561	U	nan	nan
1562	C	nan	nan
1563	G	nan	nan
1564	C	nan	nan
1565	U	nan	nan
