Nucleotide	Sequence	Norm_profile	Norm_stderr
1	A	nan	nan
2	G	nan	nan
3	U	nan	nan
4	A	nan	nan
5	G	nan	nan
6	A	nan	nan
7	A	nan	nan
8	A	nan	nan
9	C	nan	nan
10	A	nan	nan
11	A	nan	nan
12	G	nan	nan
13	G	0.423726	0.328539
14	G	0.505623	0.194568
15	U	0.954776	0.258225
16	G	3.019311	0.717097
17	U	0.55361	0.182267
18	U	0.215247	0.073471
19	U	0.19881	0.110045
20	U	nan	nan
21	U	0.210237	0.064156
22	U	0.192961	0.074948
23	A	0.816782	0.102378
24	U	0.480134	0.179006
25	C	0.46962	0.312181
26	A	0.282527	0.118079
27	U	0.140631	0.065076
28	U	0.756005	0.082832
29	A	0.8556	0.088001
30	A	0.746919	0.092195
31	A	0.778933	0.067847
32	U	5.145331	0.448323
33	A	0.332962	0.068745
34	A	0.238576	0.071865
35	G	0.317304	0.173075
36	C	0.155371	0.078747
37	U	0.488408	0.066311
38	G	0.504936	0.330783
39	A	0.190322	0.043984
40	A	0.534613	0.051931
41	A	0.183648	0.041928
42	C	1.023351	0.20246
43	G	nan	nan
44	A	0.556662	0.056647
45	G	0.565782	0.149245
46	A	0.356035	0.067174
47	A	0.735199	0.062481
48	A	0.740555	0.134254
49	G	0.174133	0.071956
50	U	0.268018	0.055698
51	U	0.21011	0.121712
52	C	0.216478	0.288458
53	U	0.2464	0.044043
54	U	0.201748	0.036636
55	A	4.23332	0.265273
56	U	0.031272	0.122392
57	C	0.582408	0.09728
58	U	0.088819	0.075384
59	C	0.483639	0.278213
60	U	0.282637	0.053392
61	U	0.324614	0.048372
62	G	0.348036	0.223757
63	C	0.096512	0.108374
64	U	0.658453	0.102227
65	C	0.33267	0.230497
66	U	0.216899	0.03842
67	A	0.261674	0.046351
68	C	nan	nan
69	U	0.156869	0.047575
70	U	0.38428	0.050532
71	C	0.014019	0.183858
72	A	0.365801	0.0506
73	A	0.908777	0.11727
74	G	0.157978	0.171457
75	C	1.22608	0.18278
76	A	0.084381	0.0523
77	G	0.173344	0.088694
78	U	0.539087	0.054031
79	A	0.012698	0.029149
80	G	0.273763	0.071832
81	U	0.179373	0.055411
82	U	0.485457	0.050077
83	G	0.770383	0.062302
84	U	0.516436	0.069429
85	A	0.569887	0.048665
86	A	0.33144	0.076607
87	G	0.377016	0.096949
88	G	0.161213	0.122123
89	C	0.042595	0.131019
90	U	0.136848	0.040318
91	U	0.186065	0.052642
92	G	0.414355	0.14989
93	C	0.188441	0.115383
94	A	0.339935	0.032989
95	U	0.59489	0.048394
96	A	0.667534	0.047821
97	A	0.758347	0.044805
98	A	0.689038	0.04384
99	U	0.289114	0.041729
100	G	0.801712	0.057368
101	U	0.109908	0.059819
102	U	0.349443	0.037601
103	A	1.295223	0.059408
104	U	0.296889	0.049105
105	U	0.297171	0.035599
106	U	0.267361	0.028809
107	G	0.208121	0.121584
108	C	0.347228	0.09813
109	U	0.425555	0.047996
110	C	1.332567	0.313799
111	A	0.563167	0.096242
112	A	0.659495	0.052273
113	A	0.130062	0.025684
114	A	0.247259	0.035312
115	C	0.168146	0.034137
116	U	0.661103	0.048546
117	A	2.28906	0.243167
118	U	1.562911	0.076255
119	U	nan	nan
120	C	0.644846	0.121664
121	U	nan	nan
122	C	0.117001	0.203268
123	U	0.214706	0.046482
124	G	0.708543	0.057255
125	U	0.364983	0.045127
126	A	0.986467	0.04916
127	A	0.822309	0.050184
128	U	0.245863	0.147464
129	C	1.647175	0.237506
130	U	1.04035	0.076104
131	U	0.260452	0.037598
132	U	0.148303	0.032847
133	A	0.139041	0.028289
134	G	0.563694	0.051243
135	U	nan	nan
136	C	0.355315	0.224566
137	U	0.479285	0.045598
138	A	1.119481	0.055665
139	U	0.452906	0.048825
140	G	0.872661	0.060666
141	U	0.347453	0.052094
142	C	0.304633	0.256377
143	G	0.26743	0.179814
144	C	0.141803	0.111339
145	A	0.632775	0.049421
146	C	0.350463	0.118079
147	U	0.367446	0.04525
148	U	0.395703	0.070696
149	C	0.434574	0.181432
150	U	0.383599	0.052326
151	U	0.490418	0.051445
152	C	0.23481	0.209469
153	A	0.797471	0.047704
154	A	1.21306	0.056989
155	U	0.256841	0.058169
156	C	0.342375	0.208121
157	A	0.135578	0.039295
158	G	0.514457	0.086083
159	C	0.543756	0.142881
160	C	0.195181	0.204347
161	A	0.760095	0.061227
162	C	nan	nan
163	C	nan	nan
164	U	0.356442	0.051836
165	U	0.315197	0.040559
166	A	0.994	0.108976
167	U	0.44298	0.069313
168	U	0.496433	0.043053
169	U	0.242993	0.099265
170	C	0.694725	0.227801
171	U	0.241952	0.053145
172	U	0.292229	0.062682
173	C	0.968895	0.266082
174	A	0.271743	0.126706
175	A	0.458546	0.037228
176	A	0.306086	0.041837
177	C	0.332429	0.102209
178	U	0.397409	0.047053
179	U	0.126485	0.082213
180	C	0.088155	0.147734
181	U	0.160296	0.038272
182	G	0.153664	0.28684
183	A	0.146655	0.0545
184	C	0.361246	0.106756
185	U	0.253581	0.050418
186	C	0.291423	0.248289
187	A	0.938674	0.047584
188	A	1.184477	0.056193
189	U	0.3099	0.043416
190	U	0.561768	0.045749
191	G	1.088382	0.089237
192	U	0.696481	0.060341
193	U	0.065608	0.063985
194	C	0.23454	0.266352
195	U	0.460529	0.06106
196	C	nan	nan
197	G	0.640163	0.096417
198	C	0.399258	0.132637
199	C	0.074136	0.190867
200	A	0.708755	0.091975
201	U	0.830079	0.074868
202	U	0.179126	0.039615
203	U	0.323161	0.040389
204	U	0.347367	0.064217
205	C	nan	nan
206	C	0.124549	0.176849
207	G	1.193608	0.128048
208	U	0.291254	0.059146
209	U	0.389707	0.040646
210	U	0.361971	0.062779
211	C	nan	nan
212	U	0.634436	0.059466
213	G	1.512044	0.102718
214	C	0.381465	0.218904
215	U	1.41208	0.11091
216	U	0.706489	0.04458
217	U	0.536558	0.038945
218	G	1.039385	0.081228
219	G	0.579032	0.091665
220	A	1.310422	0.06785
221	G	0.250622	0.114762
222	G	nan	nan
223	G	0.16283	0.20893
224	A	0.382624	0.045764
225	G	0.158282	0.052272
226	U	1.586279	0.06492
227	G	0.727868	0.082511
228	G	1.185326	0.114966
229	A	1.193384	0.057819
230	G	0.528659	0.197337
231	G	1.302071	0.080321
232	U	0.190929	0.091443
233	C	0.223487	0.193833
234	U	0.22295	0.061749
235	C	nan	nan
236	C	0.207851	0.166065
237	C	nan	nan
238	A	0.888317	0.064177
239	U	0.628211	0.060547
240	C	0.07198	0.138028
241	C	0.278213	0.157439
242	U	0.403042	0.056083
243	C	nan	nan
244	A	1.32017	0.050215
245	U	0.377045	0.037857
246	U	1.49732	0.052309
247	A	0.636044	0.040518
248	C	0.201373	0.041249
249	U	0.625549	0.040469
250	G	0.497975	0.062926
251	C	0.242853	0.075297
252	U	1.170877	0.055062
253	U	0.942016	0.057957
254	C	0.572337	0.060668
255	U	nan	nan
256	C	0.042325	0.185206
257	C	0.273091	0.166335
258	A	0.17914	0.027469
259	A	0.283255	0.027711
260	G	0.707196	0.064486
261	C	0.131289	0.102713
262	G	0.181432	0.212973
263	A	0.361956	0.027733
264	A	1.611859	0.152047
265	U	nan	nan
266	C	0.685566	0.070539
267	U	nan	nan
268	C	0.173614	0.167144
269	U	0.32481	0.034324
270	G	1.0365	0.051756
271	U	0.514626	0.037798
272	A	1.122393	0.044051
273	G	1.289257	0.088374
274	A	0.166605	0.032553
275	G	0.944716	0.13372
276	U	0.147128	0.056256
277	U	0.633224	0.041715
278	U	0.550852	0.094031
279	C	0.141948	0.086989
280	A	0.168683	0.049632
281	G	2.230534	0.09077
282	A	0.079383	0.030939
283	G	0.316225	0.201651
284	A	0.322374	0.032657
285	C	1.646905	0.156091
286	U	0.687297	0.044875
287	C	0.181432	0.175501
288	G	0.095973	0.22834
289	A	0.739107	0.042913
290	A	0.733258	0.040346
291	C	0.358139	0.03649
292	U	0.619881	0.038247
293	G	2.642456	0.095194
294	U	0.035556	0.02885
295	G	0.205404	0.050951
296	U	0.669101	0.041572
297	U	0.28937	0.029273
298	A	1.08859	0.041519
299	U	0.723307	0.043648
300	C	0.276255	0.089313
301	A	1.191781	0.048261
302	U	1.646767	0.054813
303	U	0.170236	0.098686
304	C	0.508626	0.071605
305	C	nan	nan
306	A	1.10685	0.046464
307	U	0.450573	0.037692
308	U	1.012925	0.047782
309	C	0.227649	0.095042
310	A	1.007172	0.05064
311	A	0.274943	0.037408
312	G	0.181818	0.036977
313	U	0.245828	0.069611
314	C	nan	nan
315	C	0.059848	0.13695
316	U	0.063359	0.073076
317	C	0.311103	0.121314
318	C	0.146655	0.127514
319	G	0.844463	0.069497
320	A	0.915876	0.042896
321	U	2.198543	0.068669
322	G	0.035585	0.138298
323	A	0.184408	0.031235
324	G	0.110531	0.141533
325	G	nan	nan
326	A	0.170987	0.149426
327	C	0.271642	0.062919
328	C	0.029924	0.15636
329	C	0.017254	0.145577
330	C	0.454793	0.138298
331	A	0.963275	0.03938
332	A	0.682005	0.039623
333	U	0.171077	0.029819
334	U	0.529515	0.034928
335	G	0.457932	0.059376
336	C	0.298613	0.041806
337	A	1.379607	0.108117
338	U	1.051415	0.066292
339	U	0.758752	0.03957
340	U	0.055657	0.021883
341	U	0.043307	0.018451
342	U	0.281352	0.027292
343	G	0.125897	0.216209
344	A	0.228046	0.030918
345	C	0.145525	0.032602
346	A	0.46155	0.031611
347	U	0.470339	0.058012
348	C	0.037742	0.129132
349	C	0.390492	0.081501
350	U	1.172918	0.052448
351	C	nan	nan
352	A	2.201415	0.057901
353	U	0.125494	0.034097
354	C	nan	nan
355	A	0.198675	0.028261
356	G	0.490794	0.039067
357	U	2.011513	0.060698
358	A	0.868138	0.036814
359	U	0.504461	0.032786
360	G	0.752317	0.045246
361	U	0.292379	0.073622
362	C	nan	nan
363	C	0.452366	0.147194
364	U	0.532381	0.035641
365	G	0.552653	0.070121
366	G	0.688773	0.068533
367	A	1.509531	0.052626
368	A	1.377435	0.049381
369	G	1.709791	0.086472
370	A	0.237812	0.028763
371	G	0.277235	0.062182
372	A	1.917164	0.052511
373	A	0.866488	0.039761
374	G	0.776892	0.083786
375	G	0.460454	0.169031
376	C	0.355046	0.118618
377	A	1.170305	0.040466
378	A	0.671346	0.041718
379	U	0.813465	0.03889
380	G	0.716273	0.096988
381	G	1.042675	0.056301
382	U	0.794472	0.117809
383	G	0.800666	0.09276
384	A	0.334425	0.027817
385	A	0.993221	0.038894
386	A	1.207186	0.058641
387	U	0.472074	0.041256
388	U	0.704473	0.036504
389	U	0.451942	0.040916
390	C	0.007548	0.154204
391	G	0.523888	0.059534
392	C	0.164801	0.037841
393	C	0.35208	0.161482
394	G	nan	nan
395	A	0.535008	0.034376
396	C	0.459597	0.037954
397	A	0.893246	0.053694
398	A	1.021248	0.043202
399	U	0.292112	0.034561
400	U	0.709201	0.034208
401	G	0.347182	0.048405
402	C	0.248497	0.038347
403	U	1.094932	0.061641
404	C	0.534051	0.210278
405	C	0.447112	0.09082
406	U	1.159455	0.055109
407	U	1.059743	0.072248
408	C	nan	nan
409	U	0.628422	0.042692
410	U	1.38208	0.047725
411	C	0.261584	0.062668
412	G	0.296149	0.087234
413	G	0.874595	0.055148
414	U	0.758938	0.060182
415	G	0.981272	0.097568
416	A	0.814769	0.043926
417	A	1.100544	0.041691
418	A	0.222195	0.027738
419	G	0.559055	0.060179
420	C	0.111077	0.074241
421	C	0.401415	0.139646
422	C	0.150969	0.14342
423	U	0.636164	0.040942
424	G	0.29138	0.116469
425	A	1.109927	0.041747
426	G	0.703225	0.080033
427	C	0.709455	0.050895
428	A	0.315303	0.028872
429	G	0.807724	0.055338
430	U	1.465685	0.053073
431	A	1.421849	0.049514
432	U	0.812782	0.039669
433	U	1.045337	0.041409
434	A	0.616636	0.036516
435	G	1.695107	0.055739
436	U	0.991058	0.05088
437	G	1.776494	0.057921
438	U	0.083761	0.076369
439	C	0.499785	0.077723
440	U	0.017026	0.103529
441	C	0.076293	0.159865
442	C	0.201179	0.06686
443	A	0.29667	0.029917
444	G	1.442961	0.083154
445	C	0.109338	0.04818
446	C	0.304002	0.088636
447	G	0.33811	0.111266
448	A	0.673743	0.034141
449	U	0.912235	0.047183
450	C	nan	nan
451	G	0.139376	0.150699
452	A	0.284677	0.028253
453	A	1.171484	0.047534
454	G	0.196249	0.08903
455	A	0.737224	0.038151
456	U	0.902481	0.052404
457	C	nan	nan
458	A	1.593372	0.05441
459	C	0.057961	0.059309
460	A	0.185131	0.030692
461	C	0.479472	0.040051
462	U	0.708044	0.040501
463	G	0.418873	0.064293
464	A	1.327902	0.047454
465	A	0.546616	0.033994
466	G	0.759686	0.127151
467	U	0.792874	0.047614
468	U	0.670471	0.043545
469	C	nan	nan
470	G	0.618862	0.066374
471	C	0.263925	0.181971
472	U	0.190162	0.054658
473	U	0.537	0.042196
474	U	0.451529	0.035769
475	C	nan	nan
476	A	0.269339	0.029356
477	G	1.874226	0.078475
478	C	0.032081	0.10406
479	A	0.725201	0.053589
480	U	0.495474	0.036742
481	G	0.696837	0.078783
482	A	0.180239	0.028033
483	U	0.384985	0.033808
484	G	0.694993	0.07738
485	U	0.63272	0.052917
486	U	0.34875	0.056619
487	C	0.023993	0.226453
488	U	1.172348	0.051996
489	U	0.424235	0.033056
490	A	1.106912	0.039832
491	U	0.030894	0.089604
492	C	0.186891	0.077329
493	C	0.124544	0.090884
494	A	0.97136	0.038807
495	U	0.368892	0.036086
496	G	0.597178	0.107951
497	A	0.524001	0.029446
498	U	1.023088	0.036741
499	C	0.054726	0.160674
500	G	0.886183	0.0559
501	C	0.095874	0.035555
502	C	0.990473	0.05045
503	U	0.726451	0.032213
504	G	0.362436	0.082298
505	G	0.213987	0.052045
506	U	nan	nan
507	C	0.124279	0.155821
508	C	nan	nan
509	A	0.634091	0.055094
510	U	0.308067	0.02722
511	U	0.423391	0.043311
512	C	0.21513	0.128862
513	U	0.68369	0.029207
514	G	0.247407	0.076528
515	A	0.365605	0.023718
516	U	1.321406	0.034831
517	A	0.247028	0.024022
518	C	0.35323	0.028537
519	A	0.375348	0.025842
520	G	1.428367	0.054822
521	A	1.820543	0.047185
522	G	0.233732	0.152586
523	G	0.538608	0.054738
524	G	nan	nan
525	A	0.294479	0.027922
526	G	0.212459	0.087399
527	C	0.173344	0.119157
528	C	0.036394	0.090581
529	U	0.498313	0.028686
530	G	0.79199	0.054047
531	C	0.17631	0.060387
532	U	0.196568	0.02115
533	A	1.979359	0.049971
534	C	0.449175	0.10229
535	U	nan	nan
536	U	1.541697	0.051925
537	U	0.279358	0.024311
538	U	0.405949	0.026264
539	U	0.27814	0.019369
540	G	0.399718	0.045403
541	C	0.124279	0.149081
542	U	1.079462	0.067107
543	U	0.285395	0.02173
544	U	0.938214	0.031277
545	G	0.342991	0.062598
546	G	nan	nan
547	C	0.074896	0.030678
548	A	1.046832	0.034558
549	U	0.618473	0.032309
550	G	0.217556	0.18251
551	A	0.554409	0.03115
552	G	0.164987	0.11754
553	C	0.326321	0.034386
554	A	1.075307	0.034973
555	U	0.676393	0.080606
556	G	0.355585	0.173614
557	A	0.105003	0.02578
558	A	0.467891	0.029959
559	C	0.406806	0.089503
560	C	0.245863	0.128593
561	A	0.321492	0.021415
562	G	1.581574	0.045851
563	U	0.259882	0.13668
564	C	0.639416	0.061458
565	U	nan	nan
566	C	nan	nan
567	U	nan	nan
568	U	0.071912	0.019368
569	G	0.184667	0.153125
570	A	0.084512	0.020819
571	C	0.113295	0.022487
572	A	1.196972	0.033136
573	U	0.111466	0.069785
574	C	1.071822	0.046987
575	U	0.023993	0.090312
576	C	nan	nan
577	U	1.218526	0.042435
578	U	0.231532	0.025434
579	C	nan	nan
580	A	0.548589	0.027383
581	A	0.291414	0.02219
582	G	0.727266	0.0594
583	A	0.153664	0.051761
584	G	1.338498	0.120236
585	U	0.372245	0.040857
586	C	0.407076	0.197877
587	A	0.664262	0.07845
588	U	0.318029	0.041087
589	G	1.415713	0.054735
590	U	0.258725	0.053081
591	C	0.176579	0.218096
592	A	1.187966	0.060661
593	G	0.809342	0.092352
594	U	0.321686	0.049085
595	U	1.039095	0.062062
596	A	0.428465	0.059093
597	G	0.766447	0.110356
598	G	2.038438	0.082282
599	U	0.304552	0.053312
600	A	1.118948	0.054414
601	G	0.242575	0.05445
602	C	0.042318	0.076781
603	G	0.787371	0.072717
604	U	0.749719	0.054477
605	G	nan	nan
606	A	0.212996	0.053904
607	A	0.27341	0.036502
608	G	0.617676	0.087386
609	C	0.774452	0.075552
610	A	0.414845	0.051494
611	G	1.359526	0.11342
612	G	0.081482	0.080499
613	U	0.130775	0.039943
614	A	0.334687	0.04413
615	C	0.199883	0.050639
616	A	0.560495	0.052627
617	G	0.699146	0.079786
618	A	0.20735	0.082007
619	G	0.24775	0.184667
620	G	nan	nan
621	C	nan	nan
622	A	0.725121	0.044412
623	A	0.464387	0.042383
624	U	0.270124	0.03728
625	A	0.253595	0.044631
626	G	0.249885	0.070397
627	U	0.351797	0.054892
628	C	nan	nan
629	A	0.751487	0.075771
630	U	0.380279	0.086504
631	U	0.432749	0.04393
632	U	0.03235	0.069284
633	U	0.365688	0.035815
634	G	0.467826	0.126764
635	A	0.571269	0.048519
636	G	0.545931	0.063343
637	U	0.452843	0.046882
638	G	0.201381	0.131558
639	C	nan	nan
640	C	nan	nan
641	U	0.159837	0.060617
642	C	nan	nan
643	A	1.095572	0.050999
644	U	0.588185	0.051098
645	C	0.170109	0.192215
646	G	0.703411	0.113593
647	G	0.04583	0.189789
648	A	0.702226	0.065375
649	U	0.66443	0.04458
650	U	0.431251	0.070679
651	C	nan	nan
652	U	0.542324	0.042502
653	U	0.613009	0.060497
654	C	0.129678	0.09766
655	C	0.420825	0.266082
656	U	0.337542	0.055605
657	U	0.566584	0.050525
658	C	0.085189	0.171996
659	A	0.282164	0.033618
660	G	0.469336	0.112417
661	A	0.578749	0.045658
662	A	0.720935	0.042418
663	U	0.474752	0.059958
664	C	0.085189	0.18898
665	C	0.011053	0.173344
666	G	0.83168	0.07428
667	C	0.226453	0.102173
668	U	1.142904	0.07544
669	C	0.175771	0.215939
670	C	0.029655	0.13722
671	A	1.557084	0.053664
672	C	0.094599	0.033505
673	U	0.427949	0.035655
674	A	1.127561	0.043832
675	U	0.550363	0.05072
676	C	0.249637	0.13668
677	U	0.354629	0.037533
678	G	1.713155	0.114708
679	U	0.779044	0.062918
680	U	0.618899	0.03961
681	U	0.311245	0.035124
682	U	0.416215	0.063406
683	C	0.203054	0.084607
684	C	0.029655	0.149081
685	A	0.252793	0.028995
686	G	1.110806	0.08205
687	C	0.206546	0.046779
688	A	1.301429	0.045516
689	C	0.236472	0.047356
690	G	0.61638	0.09353
691	A	0.914932	0.045601
692	G	0.920684	0.064893
693	U	0.645382	0.044201
694	G	0.345117	0.071188
695	G	0.635685	0.212704
696	C	0.150029	0.05661
697	U	0.52545	0.041288
698	G	2.078135	0.117942
699	U	0.578805	0.049305
700	U	0.979279	0.041555
701	U	1.039816	0.046036
702	C	0.050413	0.177658
703	G	0.281231	0.066853
704	A	0.865376	0.040406
705	U	0.556543	0.037063
706	G	1.508229	0.058606
707	U	0.478487	0.087817
708	C	0.406267	0.198146
709	C	nan	nan
710	A	0.307892	0.031784
711	G	0.543413	0.11584
712	A	1.027368	0.052785
713	C	0.153125	0.090042
714	C	0.105948	0.177658
715	A	1.019827	0.043858
716	A	0.306662	0.031878
717	G	1.48808	0.084524
718	A	0.034932	0.034798
719	G	0.661759	0.051943
720	U	0.8317	0.042981
721	G	1.175053	0.078974
722	C	0.333184	0.083749
723	U	0.540969	0.034409
724	G	0.842729	0.059517
725	C	0.287379	0.11754
726	C	0.20873	0.080581
727	U	0.86759	0.069131
728	C	nan	nan
729	U	1.143635	0.053933
730	U	0.84612	0.054345
731	C	0.493883	0.169031
732	C	0.506284	0.170109
733	U	1.001248	0.09477
734	C	0.046908	0.151238
735	U	0.238466	0.028503
736	U	0.397994	0.037973
737	A	0.275787	0.111609
738	G	0.985216	0.07754
739	A	0.03491	0.040924
740	G	nan	nan
741	A	0.912686	0.055821
742	U	0.342696	0.043788
743	U	0.740582	0.038193
744	U	0.369082	0.056024
745	C	0.161999	0.074934
746	U	0.855446	0.043279
747	G	0.333479	0.196529
748	A	1.397992	0.053367
749	U	0.148303	0.055507
750	C	0.630949	0.09254
751	U	0.515345	0.041603
752	C	nan	nan
753	G	nan	nan
754	G	0.149709	0.066439
755	C	0.221331	0.12401
756	G	0.48703	0.076594
757	A	0.343209	0.040843
758	A	0.145792	0.039272
759	G	0.142711	0.086774
760	C	0.088694	0.112148
761	C	0.408424	0.193024
762	G	0.08754	0.141484
763	G	0.526868	0.068155
764	U	0.577481	0.070881
765	C	nan	nan
766	A	0.260637	0.040844
767	A	0.608867	0.050305
768	G	1.276438	0.114163
769	G	1.744359	0.140324
770	A	1.650077	0.077165
771	A	1.451344	0.071404
772	U	1.045577	0.072498
773	G	0.722492	0.244246
774	G	0.089233	0.268508
775	G	nan	nan
776	G	0.444679	0.137742
777	C	0.164987	0.131558
778	A	0.595689	0.051116
779	U	0.50787	0.063167
780	C	0.034507	0.181701
781	A	0.673161	0.07662
782	C	0.114844	0.139107
783	C	nan	nan
784	C	nan	nan
785	A	0.285379	0.03347
786	G	0.452885	0.08491
787	U	0.089503	0.121044
788	U	0.252537	0.056637
789	C	0.602924	0.114238
790	U	0.475155	0.032227
791	U	0.796178	0.036435
792	G	nan	nan
793	G	0.658096	0.116804
794	U	0.321563	0.053979
795	C	nan	nan
796	U	nan	nan
797	G	0.070684	0.064793
798	C	0.115114	0.106217
799	A	0.073481	0.024709
800	A	0.416351	0.042949
801	A	0.683525	0.037141
802	U	0.348873	0.062449
803	C	0.614658	0.2154
804	G	1.731364	0.128314
805	U	0.852382	0.065561
806	U	0.471119	0.037373
807	U	0.589487	0.037037
808	G	1.122561	0.058695
809	C	0.276866	0.114305
810	G	nan	nan
811	G	0.137489	0.171457
812	A	0.313694	0.05201
813	C	0.332739	0.044573
814	A	0.425015	0.036308
815	U	0.29448	0.030501
816	G	0.297483	0.088007
817	C	nan	nan
818	C	0.745138	0.261229
819	A	0.018601	0.088694
820	A	0.262708	0.02855
821	A	0.343723	0.08465
822	G	1.979884	0.104114
823	A	0.180506	0.04668
824	A	0.907078	0.04521
825	A	0.224296	0.073597
826	G	0.218855	0.069903
827	C	0.244859	0.050744
828	A	0.169447	0.032234
829	G	0.743465	0.06268
830	U	0.352917	0.113648
831	C	0.075484	0.185745
832	U	0.303385	0.040122
833	A	0.755118	0.044939
834	C	0.285605	0.055673
835	C	nan	nan
836	U	0.494041	0.044511
837	G	0.961492	0.108899
838	A	0.438238	0.049185
839	A	1.204627	0.046442
840	A	0.324044	0.043666
841	G	0.866293	0.065581
842	C	3.230841	0.143623
843	U	0.580394	0.054198
844	U	0.294296	0.071048
845	G	0.19545	0.208121
846	A	0.258215	0.034503
847	U	1.190969	0.047347
848	A	0.326472	0.038284
849	C	0.378676	0.04583
850	A	1.557014	0.05302
851	G	1.348654	0.067908
852	U	1.026504	0.057252
853	G	1.409578	0.1008
854	U	0.447928	0.042744
855	U	0.830985	0.045433
856	G	0.330062	0.07875
857	G	0.442266	0.0931
858	A	0.778762	0.045371
859	A	0.834095	0.045458
860	U	0.131412	0.117964
861	C	nan	nan
862	C	0.300889	0.109235
863	A	1.028462	0.047628
864	U	0.440295	0.035884
865	U	1.23388	0.055431
866	A	1.397138	0.056373
867	U	0.21175	0.030054
868	G	0.918381	0.208395
869	U	0.537084	0.07004
870	U	0.499375	0.045912
871	U	0.06551	0.087616
872	U	0.405798	0.057758
873	U	0.178258	0.057807
874	G	2.197042	0.146711
875	U	0.295306	0.221041
876	C	0.751068	0.607109
877	A	0.646898	0.149602
878	C	nan	nan
879	C	nan	nan
880	C	nan	nan
881	U	0.596928	0.259858
882	G	1.094912	0.722925
883	C	nan	nan
884	U	0.324549	0.431962
885	U	1.116279	0.46618
886	U	nan	nan
887	U	0.96941	0.517545
888	G	nan	nan
889	C	nan	nan
890	U	0.0	0.0
