Nucleotide	Sequence	Norm_profile	Norm_stderr
1	A	nan	nan
2	G	nan	nan
3	U	nan	nan
4	A	nan	nan
5	G	nan	nan
6	A	nan	nan
7	A	0.423396	0.420589
8	A	0.24624	0.334506
9	C	0.17622	0.450219
10	A	nan	nan
11	A	nan	nan
12	G	0.384431	0.375966
13	G	0.505475	0.254759
14	U	0.263386	0.192754
15	A	0.139107	0.192215
16	C	3.13745	0.615197
17	U	0.68264	0.138229
18	U	0.613642	0.075545
19	U	0.61516	0.145523
20	U	0.076767	0.026215
21	U	0.572815	0.047077
22	U	0.370324	0.043271
23	G	0.334018	0.22861
24	G	0.206503	0.252872
25	A	0.096131	0.034701
26	C	0.2989	0.04799
27	A	0.251954	0.039113
28	G	0.242051	0.049187
29	U	0.630565	0.052448
30	A	1.168736	0.056245
31	U	0.741597	0.065522
32	G	0.572756	0.114665
33	G	0.77125	0.074247
34	A	0.524855	0.03715
35	U	0.474508	0.035583
36	A	0.340906	0.030369
37	G	0.227826	0.052037
38	C	0.254171	0.043583
39	A	0.167691	0.026453
40	A	0.866262	0.037291
41	A	0.295045	0.027545
42	U	1.770915	0.198146
43	A	0.322913	0.027443
44	G	1.060488	0.047597
45	U	0.048591	0.023547
46	A	0.103695	0.020443
47	G	0.092763	0.050931
48	C	0.259372	0.040065
49	A	0.837841	0.038534
50	U	0.342285	0.03188
51	U	0.651698	0.032386
52	G	0.421755	0.053102
53	C	0.042864	0.07818
54	C	0.380656	0.179275
55	A	0.943981	0.050139
56	C	0.129679	0.028947
57	A	0.905272	0.108643
58	G	0.301825	0.063533
59	C	0.080232	0.04033
60	U	0.528977	0.030838
61	A	1.87941	0.071181
62	U	0.418125	0.039119
63	U	0.820467	0.035736
64	U	0.615739	0.036714
65	C	0.294119	0.149081
66	A	0.223007	0.02422
67	G	0.832732	0.043583
68	U	0.567415	0.036134
69	G	0.807542	0.053496
70	C	0.202897	0.046831
71	A	1.052281	0.038393
72	U	0.29368	0.029609
73	G	1.575236	0.055168
74	U	0.044222	0.031784
75	G	0.519154	0.036405
76	U	1.105575	0.11754
77	G	0.332321	0.079014
78	A	1.216209	0.056561
79	G	2.20352	0.07808
80	G	0.531801	0.058745
81	A	1.749326	0.048314
82	A	0.948782	0.035275
83	G	0.49663	0.07313
84	G	1.981892	0.08216
85	A	1.043042	0.039566
86	G	1.067056	0.069008
87	U	0.253168	0.03106
88	U	0.886131	0.037726
89	G	0.305711	0.204077
90	A	0.397024	0.024219
91	A	0.461839	0.027682
92	C	0.20871	0.046459
93	C	0.178736	0.166065
94	A	0.765533	0.03186
95	A	0.496194	0.025889
96	G	0.828227	0.054045
97	A	0.157618	0.032357
98	U	0.510809	0.02971
99	G	0.467343	0.052406
100	C	0.680916	0.040963
101	A	1.027133	0.035442
102	U	0.541951	0.042656
103	U	0.887235	0.032623
104	A	0.851564	0.032996
105	A	1.397133	0.038106
106	G	0.256262	0.04246
107	C	1.050682	0.113914
108	A	0.109134	0.024694
109	A	1.341102	0.037976
110	A	0.06707	0.01516
111	A	0.380391	0.027224
112	C	0.316225	0.100286
113	C	0.686098	0.141803
114	C	0.134793	0.128323
115	A	0.826299	0.036341
116	G	1.431291	0.079493
117	G	0.451827	0.16337
118	G	0.147734	0.160134
119	A	0.307663	0.031001
120	U	0.188775	0.031414
121	C	0.468811	0.159865
122	A	0.458332	0.033161
123	U	0.131636	0.025486
124	U	0.615031	0.031459
125	A	0.67677	0.037013
126	A	0.476979	0.028963
127	U	0.494145	0.030973
128	C	nan	nan
129	A	0.20665	0.033325
130	G	0.050413	0.155012
131	G	nan	nan
132	C	0.23454	0.093277
133	A	0.745928	0.035446
134	C	0.243183	0.033227
135	U	0.971669	0.049167
136	C	nan	nan
137	C	nan	nan
138	U	0.570342	0.048801
139	C	0.238584	0.193563
140	A	0.452553	0.030588
141	A	0.622022	0.039988
142	U	0.207467	0.033854
143	U	0.385209	0.028828
144	G	0.253444	0.046725
145	C	0.382274	0.132637
146	U	0.680045	0.042824
147	U	1.002229	0.045545
148	C	0.348278	0.095738
149	A	0.417896	0.029858
150	U	2.335632	0.069079
151	A	0.099311	0.022778
152	U	0.174106	0.028581
153	A	0.158589	0.026273
154	G	0.776921	0.060329
155	C	0.546183	0.128593
156	C	nan	nan
157	C	0.232923	0.163639
158	U	0.817931	0.121136
159	C	nan	nan
160	C	0.170109	0.148273
161	A	0.641424	0.038815
162	A	0.4036	0.035923
163	G	0.216857	0.095658
164	A	0.560754	0.042423
165	U	0.533017	0.048636
166	C	0.366368	0.205695
167	G	0.656968	0.065719
168	A	0.655476	0.040202
169	A	0.755633	0.056107
170	G	0.418712	0.091924
171	G	0.073384	0.055561
172	U	0.475012	0.104869
173	A	1.846392	0.053785
174	C	0.188424	0.042446
175	C	0.204593	0.084921
176	A	0.297277	0.044579
177	G	0.086986	0.09242
178	G	0.875887	0.185745
179	U	0.366362	0.04341
180	U	0.589538	0.074001
181	C	0.15016	0.187093
182	C	0.137489	0.121584
183	A	0.149314	0.034967
184	G	0.279831	0.166605
185	G	0.545104	0.218365
186	U	0.392645	0.046251
187	U	0.715957	0.038432
188	G	0.491372	0.042502
189	U	0.632008	0.061735
190	C	nan	nan
191	C	0.061196	0.177927
192	C	nan	nan
193	U	0.05449	0.025147
194	A	0.464956	0.032727
195	A	0.396451	0.030013
196	G	0.756904	0.042508
197	U	1.296805	0.047874
198	G	0.216685	0.060629
199	C	nan	nan
200	C	nan	nan
201	U	0.220522	0.09139
202	G	nan	nan
203	A	0.233173	0.029723
204	A	0.126811	0.025595
205	C	0.196915	0.047154
206	A	0.994869	0.037209
207	A	1.277966	0.044953
208	U	0.487368	0.043534
209	G	0.99879	0.105559
210	A	1.316633	0.048686
211	G	0.194102	0.108374
212	A	1.649613	0.047981
213	A	0.571802	0.030192
214	G	0.279557	0.053569
215	C	0.236347	0.037358
216	A	nan	nan
217	G	0.154204	0.089772
218	C	0.141263	0.106487
219	U	0.434093	0.030864
220	U	0.736299	0.057499
221	C	0.236967	0.119696
222	C	nan	nan
223	U	0.10236	0.031533
224	U	0.013894	0.036313
225	G	nan	nan
226	A	0.327394	0.037332
227	C	0.25933	0.034803
228	U	1.187196	0.041559
229	C	nan	nan
230	A	0.150808	0.022522
231	G	0.352619	0.131289
232	C	0.142611	0.068745
233	U	0.077489	0.030259
234	G	0.205155	0.16337
235	A	0.534534	0.037948
236	G	0.492503	0.084771
237	A	0.60276	0.034136
238	A	0.797227	0.036035
239	U	0.402756	0.062103
240	C	0.224788	0.088386
241	C	0.31946	0.14989
242	C	0.323774	0.152316
243	U	1.028419	0.046684
244	C	0.165257	0.120236
245	A	0.97305	0.044236
246	A	0.375526	0.056941
247	G	0.668398	0.060277
248	U	0.227539	0.031617
249	U	0.65008	0.037985
250	G	1.257146	0.048767
251	U	1.240638	0.103521
252	G	0.7694	0.141263
253	G	0.346688	0.151508
254	A	1.592214	0.058005
255	G	0.028576	0.1108
256	A	0.456919	0.034305
257	U	0.631597	0.03581
258	G	0.434111	0.062736
259	C	0.153803	0.040835
260	A	0.125077	0.022125
261	U	0.82444	0.036765
262	A	0.645618	0.036353
263	C	0.292589	0.049242
264	A	0.294507	0.045778
265	A	1.678253	0.042973
266	A	0.638112	0.087076
267	C	0.234248	0.029704
268	U	0.506865	0.029416
269	G	0.695123	0.053779
270	U	0.790923	0.039357
271	U	0.458043	0.028942
272	G	0.981092	0.102221
273	A	0.719764	0.034159
274	A	0.410093	0.025464
275	U	1.251252	0.038849
276	A	0.180916	0.029114
277	C	0.117252	0.031783
278	A	0.102031	0.020867
279	G	0.455904	0.081793
280	A	0.682314	0.077601
281	U	0.380843	0.056278
282	U	1.063191	0.040643
283	U	0.190312	0.029543
284	U	0.68828	0.031639
285	G	0.456312	0.082147
286	C	0.503318	0.086268
287	U	0.52693	0.027258
288	A	0.796113	0.034891
289	G	0.688975	0.042025
290	U	0.824456	0.046751
291	A	0.677186	0.048831
292	A	1.150091	0.042908
293	A	0.590934	0.078989
294	G	0.524925	0.048419
295	U	0.593486	0.049737
296	C	0.189789	0.160404
297	C	0.16337	0.152316
298	U	0.653381	0.037824
299	G	0.897618	0.072241
300	C	0.219747	0.04365
301	A	1.456214	0.047231
302	C	nan	nan
303	A	0.301809	0.027666
304	C	nan	nan
305	U	0.523374	0.053399
306	U	0.586617	0.034086
307	U	0.511909	0.054902
308	C	0.363133	0.186554
309	C	0.151508	0.128323
310	C	0.008627	0.167144
311	A	1.330658	0.042077
312	A	0.64248	0.039191
313	U	0.216044	0.035046
314	G	0.440921	0.067749
315	G	0.197607	0.159326
316	A	0.20143	0.030614
317	A	0.770311	0.041689
318	C	0.28588	0.068121
319	C	nan	nan
320	U	0.601114	0.041797
321	U	1.037622	0.063069
322	C	0.510058	0.133445
323	U	0.686487	0.042846
324	U	0.043576	0.099329
325	C	0.116718	0.058986
326	U	0.9134	0.040566
327	A	1.061625	0.03953
328	C	0.226105	0.034091
329	U	0.800388	0.066794
330	C	0.278483	0.1693
331	C	0.159326	0.189519
332	U	0.873546	0.080501
333	U	0.326491	0.02604
334	U	0.421938	0.032239
335	G	0.346551	0.080128
336	G	0.134096	0.09076
337	G	0.46704	0.084537
338	U	0.666769	0.051959
339	G	0.04556	0.178736
340	A	0.815693	0.055051
341	U	1.01797	0.045671
342	U	0.136481	0.040583
343	C	0.730734	0.072926
344	U	nan	nan
345	C	0.018601	0.157169
346	C	nan	nan
347	A	1.468919	0.047148
348	A	0.680328	0.044018
349	U	0.898463	0.049998
350	G	0.271466	0.06542
351	G	0.212936	0.078905
352	G	0.571342	0.077741
353	C	0.10164	0.05689
354	C	0.285205	0.068507
355	A	0.810864	0.038035
356	U	0.373545	0.037964
357	G	1.167626	0.052465
358	U	0.137687	0.076569
359	C	0.543674	0.069585
360	U	0.058168	0.072827
361	C	0.107835	0.147194
362	C	0.08492	0.124279
363	G	0.881664	0.110639
364	A	0.985822	0.038782
365	A	1.696113	0.053927
366	U	0.273907	0.031635
367	U	0.593643	0.034358
368	G	1.405812	0.092108
369	U	0.76324	0.060192
370	U	0.839535	0.040853
371	U	0.14961	0.027175
372	U	0.363766	0.091889
373	C	0.4308	0.161752
374	A	0.65393	0.043003
375	A	1.19706	0.040125
376	A	0.324536	0.034271
377	G	0.615735	0.078896
378	A	0.291755	0.024388
379	A	1.249753	0.04491
380	U	0.752263	0.033726
381	U	0.172963	0.042544
382	C	0.346688	0.177927
383	U	1.124266	0.056779
384	U	0.379042	0.027426
385	U	0.363036	0.023172
386	G	0.302575	0.089099
387	G	0.806942	0.042744
388	U	0.419289	0.039678
389	C	0.044212	0.200033
390	A	0.822457	0.02846
391	U	0.498193	0.029252
392	G	0.893591	0.037214
393	U	0.077506	0.062535
394	C	0.291693	0.151508
395	U	0.425798	0.046494
396	U	1.487085	0.039468
397	U	0.078406	0.035587
398	C	0.467511	0.04862
399	U	0.272036	0.050551
400	C	0.34561	0.140724
401	C	nan	nan
402	U	0.314069	0.052802
403	U	0.364476	0.026524
404	G	0.535031	0.092243
405	A	0.245896	0.02163
406	C	0.205737	0.030481
407	A	0.594638	0.037602
408	G	1.066645	0.053313
409	A	0.441521	0.035233
410	G	0.454639	0.06835
411	G	0.158787	0.143151
412	A	0.330401	0.029719
413	C	0.3658	0.033443
414	U	0.624665	0.046918
415	C	0.285223	0.135333
416	G	0.469449	0.057471
417	G	1.266523	0.057199
418	C	0.042864	0.101634
419	C	nan	nan
420	U	0.382355	0.041872
421	C	nan	nan
422	A	0.454651	0.029247
423	A	0.531704	0.032308
424	U	0.339768	0.026049
425	C	0.349115	0.132906
426	A	0.673901	0.027714
427	U	0.616568	0.02805
428	G	0.760977	0.047227
429	C	nan	nan
430	U	0.382886	0.060951
431	U	1.177978	0.037572
432	U	0.211505	0.027761
433	C	nan	nan
434	A	0.953847	0.030269
435	A	2.063052	0.050617
436	U	0.861058	0.041848
437	U	0.546924	0.028306
438	U	0.370706	0.021432
439	G	0.501807	0.0464
440	C	0.224885	0.030651
441	U	0.148645	0.024006
442	G	0.48089	0.04769
443	A	0.483148	0.027189
444	A	1.281233	0.045018
445	G	1.030408	0.07161
446	G	0.669384	0.140455
447	G	1.347933	0.166605
448	A	1.01428	0.036385
449	U	0.153098	0.021964
450	U	0.547706	0.032871
451	G	0.627059	0.116731
452	A	0.332304	0.03417
453	A	2.181328	0.061814
454	G	0.350061	0.045364
455	A	0.150699	0.049065
456	A	0.578361	0.03049
457	G	0.436179	0.062054
458	G	0.281718	0.134254
459	C	0.08435	0.036819
460	A	1.186365	0.034647
461	G	0.549545	0.042716
462	C	0.502405	0.040154
463	G	0.496754	0.047558
464	C	0.067397	0.072249
465	C	0.118349	0.085459
466	U	0.443171	0.040885
467	C	nan	nan
468	A	0.780298	0.04944
469	U	0.21933	0.03629
470	U	0.572831	0.031825
471	U	0.251211	0.079455
472	C	0.128604	0.077835
473	C	1.05678	0.192215
474	A	0.377268	0.033102
475	U	0.65992	0.045116
476	A	1.882498	0.086355
477	C	0.734085	0.126167
478	C	0.191676	0.161752
479	C	0.095973	0.158247
480	C	nan	nan
481	A	0.492558	0.070811
482	U	0.176551	0.048444
483	U	0.474674	0.042053
484	U	0.563581	0.044057
485	C	nan	nan
486	A	0.939042	0.063205
487	U	0.504539	0.063463
488	U	1.115512	0.045281
489	U	0.112442	0.030093
490	U	0.655064	0.033788
491	G	0.122932	0.218635
492	A	0.481247	0.046499
493	U	0.257186	0.125088
494	C	0.522224	0.092326
495	U	0.692568	0.112418
496	U	0.142778	0.034099
497	G	0.444645	0.08274
498	G	0.315511	0.061307
499	A	0.48323	0.044945
500	A	0.695285	0.043692
501	G	0.384839	0.107383
502	U	0.513713	0.055793
503	U	0.542948	0.128862
504	C	0.435922	0.170109
505	C	0.200572	0.128323
506	A	1.494737	0.052403
507	U	0.199901	0.035948
508	U	0.561354	0.032159
509	G	0.434198	0.097039
510	G	0.961853	0.111059
511	U	0.758426	0.04212
512	U	0.187974	0.047813
513	C	0.292438	0.0843
514	U	0.695068	0.046826
515	C	nan	nan
516	A	1.494722	0.045679
517	C	nan	nan
518	A	0.193692	0.024945
519	U	1.784897	0.048847
520	A	0.263054	0.023641
521	C	0.419792	0.035783
522	A	0.763021	0.039664
523	G	0.674537	0.068867
524	G	nan	nan
525	A	1.056886	0.038844
526	A	0.149204	0.026223
527	C	0.88694	0.107295
528	A	0.470419	0.046491
529	U	0.694575	0.042588
530	G	1.839872	0.079618
531	G	0.814961	0.214861
532	G	0.777425	0.057417
533	U	0.265812	0.127784
534	C	0.09112	0.200842
535	U	0.403289	0.038246
536	U	0.847323	0.038033
537	G	0.724654	0.090153
538	A	0.358481	0.030149
539	U	0.865024	0.036533
540	A	0.324159	0.030111
541	C	0.363806	0.045505
542	U	0.5325	0.03379
543	U	0.724883	0.035271
544	G	0.144085	0.075418
545	G	0.290032	0.088926
546	C	nan	nan
547	C	nan	nan
548	U	0.301244	0.031246
549	A	0.966629	0.048654
550	U	0.202421	0.037467
551	U	0.453274	0.03637
552	G	0.552929	0.065598
553	C	0.148273	0.080337
554	A	0.353007	0.029048
555	G	0.685494	0.062198
556	U	0.427426	0.04397
557	U	0.740256	0.039228
558	C	0.150429	0.196798
559	G	1.161253	0.046852
560	U	0.572345	0.029464
561	A	0.977523	0.036368
562	G	0.117578	0.069476
563	G	0.329435	0.180353
564	A	0.713993	0.037402
565	G	0.373659	0.0633
566	C	0.315461	0.042459
567	A	0.389243	0.024615
568	U	1.167686	0.041087
569	A	1.230487	0.040033
570	U	0.786877	0.06716
571	C	0.125897	0.15636
572	C	0.447514	0.151777
573	C	0.039899	0.152047
574	C	0.291423	0.125088
575	U	0.373149	0.034431
576	A	1.404461	0.054812
577	U	0.329259	0.03968
578	U	0.662836	0.034112
579	U	0.584384	0.037455
580	C	0.041516	0.150699
581	A	0.630717	0.033102
582	A	0.52147	0.034602
583	G	0.851894	0.172266
584	G	0.643029	0.10112
585	A	0.224296	0.062005
586	C	1.099668	0.047932
587	A	0.014534	0.029735
588	C	0.209295	0.039636
589	A	1.375367	0.039775
590	A	0.240053	0.023293
591	U	0.998818	0.039126
592	A	0.294388	0.030408
593	C	0.228267	0.041829
594	U	1.346681	0.043744
595	U	0.208634	0.050383
596	C	0.517168	0.065321
597	U	0.580494	0.059414
598	C	0.172805	0.167683
599	C	0.062814	0.131289
600	C	nan	nan
601	A	0.494944	0.035031
602	C	0.092738	0.102982
603	U	1.3476	0.042493
604	U	0.031542	0.052569
605	G	2.102182	0.057397
606	U	0.057093	0.039898
607	G	0.017323	0.030853
608	U	0.134132	0.029957
609	G	0.159865	0.11727
610	G	0.261229	0.121314
611	C	nan	nan
612	U	0.343084	0.069662
613	C	nan	nan
614	U	0.512087	0.030329
615	A	0.427889	0.030795
616	A	1.048602	0.034179
617	U	0.219117	0.048194
618	C	0.30616	0.063902
619	U	0.730364	0.037971
620	G	0.455807	0.081958
621	G	0.225374	0.181162
622	G	0.140994	0.153125
623	A	0.492193	0.03628
624	U	0.433344	0.036687
625	C	0.46288	0.14989
626	A	0.452666	0.039569
627	G	1.020864	0.040985
628	U	0.706921	0.037282
629	A	1.200321	0.048273
630	A	1.349371	0.046119
631	G	0.300386	0.102938
632	G	0.478516	0.144498
633	G	1.902473	0.315686
634	A	0.733107	0.036018
635	A	0.958581	0.032264
636	A	0.239423	0.023439
637	A	0.667227	0.085459
638	U	0.465057	0.029771
639	U	0.065342	0.05848
640	C	0.074136	0.138298
641	C	0.134524	0.115653
642	A	0.224463	0.028433
643	U	0.336043	0.029734
644	G	0.304188	0.045935
645	C	1.209366	0.117001
646	U	0.838437	0.041322
647	C	0.059579	0.177658
648	A	1.108158	0.038822
649	C	0.690142	0.219174
650	A	0.391792	0.030719
651	A	0.722798	0.030759
652	A	0.067986	0.024688
653	A	0.601219	0.034969
654	U	0.643605	0.038617
655	U	0.383159	0.034943
656	C	nan	nan
657	A	0.683919	0.05056
658	C	0.528947	0.043558
659	C	nan	nan
660	A	1.107768	0.039052
661	C	0.106756	0.05203
662	A	0.812575	0.033751
663	U	0.921812	0.040598
664	C	0.129941	0.127784
665	A	0.759974	0.035501
666	G	0.534597	0.038005
667	U	0.684087	0.039023
668	G	0.847581	0.132097
669	U	0.123502	0.038293
670	C	nan	nan
671	A	0.643887	0.038434
672	U	0.440237	0.033415
673	U	0.572145	0.04076
674	C	nan	nan
675	C	0.314608	0.129941
676	U	0.885166	0.045268
677	C	0.155282	0.124279
678	A	0.323566	0.035809
679	G	0.577665	0.060922
680	A	0.968625	0.117809
681	U	0.716342	0.044205
682	G	0.285888	0.088106
683	A	0.38715	0.071105
684	G	0.432956	0.189789
685	A	0.406919	0.051242
686	C	0.386587	0.116731
687	C	0.390362	0.132637
688	U	1.020666	0.099885
689	C	0.346419	0.168222
690	C	0.334827	0.145307
691	C	0.002426	0.156091
692	C	0.49808	0.216109
693	U	0.323015	0.065406
694	U	0.664252	0.039028
695	U	0.142946	0.028839
696	A	0.606666	0.048799
697	U	0.071646	0.030425
698	G	0.84169	0.077981
699	A	0.374725	0.121044
700	U	nan	nan
701	G	0.226082	0.103274
702	A	0.710795	0.088099
703	A	0.293	0.034996
704	U	0.342914	0.184128
705	C	0.174423	0.186284
706	C	0.266143	0.102482
707	A	0.096678	0.02241
708	U	1.818427	0.080804
709	A	0.096336	0.021806
710	U	0.631563	0.054318
711	A	0.805169	0.039686
712	A	1.198431	0.043465
713	A	0.931948	0.06196
714	U	0.663018	0.057981
715	U	0.168759	0.028207
716	U	0.326818	0.032981
717	G	1.485954	0.056991
718	U	0.126031	0.075762
719	C	0.47778	0.116577
720	U	1.822434	0.059573
721	U	0.417805	0.054306
722	C	0.291814	0.069667
723	C	0.181432	0.167953
724	G	0.844363	0.058488
725	U	1.051657	0.058976
726	C	0.13668	0.171996
727	G	0.437899	0.057226
728	U	0.449051	0.07483
729	C	0.628946	0.155552
730	C	0.041516	0.242898
731	U	0.949005	0.049424
732	U	0.931056	0.071016
733	C	0.216803	0.092243
734	U	0.838603	0.077843
735	U	0.092475	0.032479
736	U	0.340704	0.037358
737	G	0.557505	0.205425
738	G	0.701865	0.063593
739	U	0.441751	0.060096
740	C	0.423521	0.238854
741	C	0.36529	0.167683
742	U	0.684351	0.046922
743	G	0.21655	0.099952
744	C	0.342375	0.097051
745	A	1.242039	0.051219
746	C	0.242703	0.07082
747	U	0.680076	0.045156
748	U	0.413278	0.036795
749	G	0.7315	0.064921
750	C	0.424599	0.116731
751	U	0.974392	0.048413
752	U	0.223375	0.039752
753	A	0.957241	0.046963
754	U	0.424273	0.04374
755	C	0.567841	0.109639
756	A	1.490133	0.054994
757	U	0.255715	0.041168
758	U	0.453449	0.039103
759	G	0.346862	0.092579
760	G	0.487413	0.229688
761	A	1.152832	0.052814
762	A	0.649394	0.047427
763	U	0.261304	0.043688
764	C	0.171996	0.20219
765	A	0.055265	0.103521
766	A	0.744813	0.046906
767	C	0.624093	0.122392
768	U	0.38933	0.047881
769	G	0.713438	0.130347
770	A	0.574489	0.05284
771	A	1.060852	0.045261
772	A	0.139845	0.028774
773	A	0.522077	0.039367
774	U	0.744247	0.049435
775	C	0.701086	0.117127
776	A	0.109699	0.027302
777	U	0.213552	0.108035
778	C	0.594114	0.069649
779	C	0.103521	0.166065
780	A	0.718486	0.045639
781	U	0.145005	0.047217
782	G	0.543293	0.115286
783	G	0.865	0.100379
784	C	0.341297	0.096242
785	A	1.505601	0.052686
786	G	0.226183	0.142342
787	C	0.57368	0.106217
788	A	0.278565	0.035285
789	G	0.633147	0.06153
790	A	1.879208	0.056459
791	A	0.140994	0.062814
792	G	0.291279	0.053712
793	A	0.39907	0.038747
794	A	0.289385	0.02999
795	G	0.715645	0.054963
796	C	0.238064	0.052624
797	G	1.240525	0.066648
798	U	0.314045	0.029696
799	U	0.572439	0.045198
800	G	0.81451	0.083469
801	A	1.195752	0.044674
802	G	1.030491	0.047926
803	U	1.111739	0.051477
804	A	0.721496	0.043917
805	A	1.345394	0.051455
806	A	0.369064	0.069014
807	G	0.662198	0.053988
808	C	0.340055	0.042081
809	U	0.544271	0.03438
810	G	2.20901	0.070268
811	U	0.039216	0.027323
812	G	1.095873	0.102344
813	U	0.292579	0.042518
814	U	0.961682	0.035465
815	U	0.210553	0.023888
816	A	0.863079	0.03476
817	U	0.446594	0.030217
818	G	1.216824	0.047554
819	U	nan	nan
820	A	1.160721	0.040196
821	U	0.061334	0.026708
822	A	0.263602	0.02483
823	C	0.218315	0.032018
824	U	1.026998	0.060356
825	C	0.417051	0.167953
826	C	0.214861	0.129671
827	C	0.297893	0.177388
828	U	0.625703	0.042808
829	U	0.787085	0.039895
830	C	0.120109	0.062678
831	A	0.918557	0.035502
832	U	0.37197	0.02751
833	U	1.044107	0.038855
834	A	1.002942	0.036708
835	U	0.554998	0.031785
836	G	2.739921	0.058271
837	U	0.206776	0.02668
838	A	1.439046	0.048652
839	U	0.576394	0.034686
840	U	0.365227	0.045922
841	C	nan	nan
842	U	0.433263	0.032212
843	G	1.089731	0.061748
844	U	0.707658	0.043685
845	U	0.403208	0.02637
846	G	0.842555	0.061754
847	C	0.204886	0.120236
848	C	0.18898	0.185206
849	C	0.0523	0.133715
850	U	0.715365	0.036445
851	G	0.553272	0.063571
852	C	0.155821	0.077911
853	A	0.542954	0.030548
854	G	0.257452	0.039723
855	C	0.253411	0.096512
856	G	0.717185	0.069595
857	A	0.816531	0.037604
858	G	0.501162	0.162291
859	A	0.160068	0.028186
860	C	0.882239	0.039839
861	A	0.158668	0.022732
862	C	0.251783	0.073416
863	U	0.621114	0.036449
864	U	0.418848	0.04757
865	C	0.047717	0.11727
866	A	0.141036	0.035367
867	G	0.459812	0.052956
868	C	0.041516	0.07144
869	U	0.631241	0.033631
870	G	0.651684	0.043623
871	U	0.388347	0.056082
872	A	0.196269	0.027229
873	A	1.255002	0.041946
874	A	0.052995	0.018601
875	A	0.120183	0.020472
876	U	2.038416	0.053233
877	A	0.080617	0.018235
878	A	1.205461	0.043714
879	U	0.715083	0.038937
880	U	0.918989	0.053045
881	C	0.086537	0.167953
882	C	0.629614	0.067723
883	U	0.491641	0.047945
884	C	0.093007	0.149351
885	C	nan	nan
886	U	0.682961	0.053057
887	C	0.233732	0.145846
888	A	0.600337	0.037368
889	U	0.469709	0.037663
890	G	1.111073	0.057453
891	C	0.475338	0.071425
892	U	1.027612	0.046189
893	U	0.13079	0.031948
894	G	0.236574	0.069187
895	C	0.069553	0.094625
896	A	1.325017	0.052398
897	A	0.407287	0.029265
898	U	1.554503	0.069082
899	A	0.903713	0.040209
900	U	0.383432	0.028577
901	G	0.291326	0.060296
902	C	0.220522	0.105678
903	U	0.801056	0.042843
904	C	nan	nan
905	G	0.550297	0.097384
906	A	0.821807	0.046739
907	U	0.256615	0.028691
908	U	1.833449	0.057891
909	G	nan	nan
910	G	0.307329	0.180353
911	G	nan	nan
912	G	nan	nan
913	C	0.355585	0.102443
914	G	nan	nan
915	A	0.231534	0.031688
916	C	0.094264	0.034817
917	A	1.283401	0.047119
918	U	0.599086	0.062732
919	C	0.367706	0.065918
920	U	1.044395	0.049339
921	U	0.796311	0.073094
922	C	0.335905	0.157978
923	C	0.304363	0.153395
924	C	0.093007	0.177927
925	C	0.209738	0.155552
926	U	0.205893	0.067729
927	A	1.002433	0.044532
928	U	0.270297	0.072089
929	C	0.366957	0.069922
930	U	0.451954	0.04418
931	C	0.370951	0.18278
932	A	1.328803	0.047242
933	U	0.757703	0.041991
934	C	0.118135	0.077711
935	G	0.526887	0.098988
936	A	0.594933	0.035163
937	G	0.265582	0.131606
938	U	0.512013	0.050006
939	U	0.050621	0.084327
940	C	nan	nan
941	U	0.088534	0.029642
942	A	0.687663	0.035983
943	U	0.414755	0.068721
944	C	0.47276	0.066764
945	C	nan	nan
946	A	0.145494	0.026104
947	G	0.876185	0.062791
948	C	0.215631	0.060278
949	U	0.476852	0.04961
950	U	0.463292	0.03372
951	G	0.20219	0.213782
952	A	0.409579	0.031426
953	A	0.504568	0.032147
954	U	0.41224	0.037314
955	C	0.160674	0.183589
956	A	0.1554	0.028836
957	G	2.04517	0.061109
958	U	0.124398	0.044139
959	C	0.278483	0.2216
960	A	0.866349	0.038027
961	A	0.974387	0.039295
962	U	0.973894	0.042777
963	U	0.25604	0.032358
964	C	0.181701	0.178736
965	A	0.739831	0.035739
966	C	0.183802	0.030513
967	A	0.855516	0.038681
968	A	0.270822	0.026716
969	G	1.042336	0.066289
970	C	0.08465	0.163639
971	C	0.303091	0.071858
972	U	0.447868	0.037017
973	U	0.434781	0.03454
974	G	0.877965	0.064018
975	U	0.920908	0.170379
976	U	0.152802	0.025402
977	G	0.015906	0.180623
978	A	0.46961	0.031273
979	A	0.350806	0.034304
980	U	0.217918	0.032042
981	U	0.156431	0.030715
982	C	nan	nan
983	A	0.659164	0.031513
984	C	0.482179	0.088275
985	U	0.939537	0.071601
986	U	0.251997	0.040107
987	U	0.511398	0.050941
988	G	0.335096	0.172266
989	G	0.162022	0.15636
990	A	0.340604	0.033024
991	U	0.265085	0.069624
992	C	1.295094	0.20219
993	C	0.023993	0.151777
994	A	0.449206	0.027522
995	A	0.949834	0.038975
996	C	0.193994	0.043415
997	U	0.525154	0.04095
998	U	0.807955	0.082139
999	G	0.858092	0.055393
1000	C	0.565862	0.085729
1001	U	0.430234	0.036445
1002	A	0.401925	0.045735
1003	G	0.75836	0.044707
1004	U	1.722389	0.124819
1005	G	0.37203	0.171457
1006	A	0.625969	0.032311
1007	U	0.190169	0.058578
1008	C	0.274132	0.088253
1009	U	0.834956	0.081846
1010	U	0.304816	0.027104
1011	U	0.457636	0.026754
1012	G	1.300641	0.062316
1013	U	0.218615	0.029405
1014	U	0.790138	0.04244
1015	C	0.337792	0.172535
1016	U	0.570569	0.030507
1017	G	0.288619	0.070912
1018	G	0.298432	0.106487
1019	C	0.274439	0.072249
1020	U	0.873209	0.039201
1021	C	0.124549	0.136141
1022	A	1.936618	0.045335
1023	U	0.714822	0.043872
1024	C	0.47609	0.125897
1025	G	0.950072	0.060031
1026	C	0.161229	0.035433
1027	U	0.487659	0.031809
1028	G	0.503057	0.038884
1029	U	0.048612	0.043183
1030	C	nan	nan
1031	A	0.183503	0.024831
1032	U	1.054548	0.0365
1033	A	0.663888	0.03173
1034	C	0.396175	0.036567
1035	U	0.583867	0.031463
1036	G	1.671082	0.097187
1037	U	0.107048	0.0418
1038	U	0.618181	0.033586
1039	U	0.206448	0.030155
1040	C	nan	nan
1041	A	0.045021	0.047986
1042	A	1.320706	0.04144
1043	A	1.513592	0.043193
1044	U	0.508988	0.038543
1045	C	nan	nan
1046	G	0.737909	0.063891
1047	C	0.445627	0.082763
1048	U	0.007279	0.046369
1049	G	0.19545	0.177118
1050	A	0.258356	0.028982
1051	C	0.223858	0.033736
1052	A	0.529771	0.029761
1053	U	0.609113	0.066784
1054	C	0.283605	0.111339
1055	C	nan	nan
1056	U	0.152622	0.0345
1057	U	0.209764	0.031365
1058	G	0.535648	0.064701
1059	C	0.266891	0.081685
1060	A	0.917787	0.035941
1061	A	0.567948	0.030953
1062	U	0.371106	0.049314
1063	C	0.496309	0.171727
1064	U	1.159712	0.047874
1065	U	0.24909	0.033996
1066	C	nan	nan
1067	A	0.617286	0.046777
1068	A	0.514788	0.027843
1069	A	0.630294	0.087885
1070	G	1.002012	0.046211
1071	U	0.248194	0.170831
1072	C	nan	nan
1073	C	nan	nan
1074	A	0.925717	0.040939
1075	C	0.301877	0.093123
1076	U	0.176566	0.076307
1077	U	1.337912	0.046228
1078	U	0.058429	0.043127
1079	C	1.472703	0.072548
1080	U	0.113226	0.099747
1081	C	0.336444	0.16337
1082	U	0.82103	0.038747
1083	G	0.459512	0.109223
1084	G	0.579514	0.0526
1085	U	0.265854	0.031844
1086	G	0.46165	0.060956
1087	C	0.527581	0.101904
1088	C	nan	nan
1089	A	0.613988	0.036654
1090	U	0.399877	0.03528
1091	G	1.034075	0.072004
1092	U	1.054432	0.051446
1093	U	0.360713	0.046352
1094	C	0.638148	0.103138
1095	U	0.470435	0.038733
1096	C	nan	nan
1097	A	0.466448	0.036214
1098	C	0.418399	0.093816
1099	C	nan	nan
1100	A	0.285263	0.032618
1101	A	0.270942	0.04121
1102	G	0.413711	0.050305
1103	U	0.244465	0.042464
1104	G	0.925637	0.078942
1105	C	0.220791	0.187632
1106	C	0.210547	0.173883
1107	C	0.216748	0.165796
1108	A	1.043906	0.056385
1109	C	0.372515	0.102889
1110	U	0.386059	0.079351
1111	U	0.369964	0.03707
1112	U	0.028037	0.119157
1113	A	1.041023	0.048068
1114	A	1.600094	0.060238
1115	U	0.336376	0.052672
1116	U	0.138731	0.059143
1117	G	0.076579	0.097193
1118	G	0.386618	0.087366
1119	C	0.36112	0.102975
1120	U	0.46694	0.064216
1121	U	0.721257	0.047662
1122	G	1.990009	0.172804
1123	U	0.938616	0.078049
1124	U	0.845472	0.053681
1125	U	0.243698	0.03565
1126	U	0.272151	0.048977
1127	C	0.560923	0.088485
1128	U	0.837289	0.051348
1129	U	0.082689	0.03106
1130	C	0.268311	0.083893
1131	A	1.968139	0.071447
1132	U	0.276423	0.036036
1133	G	nan	nan
1134	U	1.053714	0.103901
1135	U	0.409733	0.044384
1136	U	0.327853	0.035663
1137	U	0.10433	0.07144
1138	U	0.982861	0.048142
1139	U	0.205883	0.034767
1140	G	1.92909	0.197518
1141	U	0.681151	0.080627
1142	U	0.646535	0.050576
1143	U	0.131391	0.029178
1144	U	0.186307	0.027069
1145	U	0.272117	0.038115
1146	G	0.317225	0.107109
1147	G	0.103791	0.25422
1148	A	1.008138	0.057224
1149	A	0.942559	0.055766
1150	U	0.345222	0.061251
1151	C	0.322853	0.131002
1152	U	2.693581	0.08365
1153	U	0.142101	0.063912
1154	C	1.253055	0.083792
1155	U	nan	nan
1156	C	nan	nan
1157	U	1.959381	0.081501
1158	U	0.067863	0.045292
1159	C	0.374186	0.181432
1160	A	2.488982	0.097686
1161	U	0.759267	0.073279
1162	U	0.493152	0.04779
1163	U	0.050933	0.039969
1164	U	0.19396	0.047944
1165	C	0.093007	0.210547
1166	A	1.165988	0.061722
1167	A	0.230552	0.041803
1168	U	0.966513	0.065161
1169	A	0.51552	0.051959
1170	U	0.336355	0.056803
1171	C	nan	nan
1172	C	0.599291	0.206503
1173	U	0.288114	0.094632
1174	G	0.269833	0.089096
1175	C	0.111609	0.120505
1176	A	0.561769	0.053425
1177	G	0.206503	0.162291
1178	C	0.219541	0.053929
1179	U	1.350584	0.082777
1180	C	0.210278	0.20246
1181	U	0.34194	0.047417
1182	G	0.470511	0.087651
1183	C	0.087819	0.077503
1184	U	0.282656	0.051058
1185	A	0.408477	0.043324
1186	G	0.107187	0.091656
1187	C	0.176405	0.05218
1188	A	1.13766	0.057405
1189	C	0.389924	0.062717
1190	U	0.300583	0.047567
1191	U	0.5288	0.053529
1192	G	0.398139	0.070178
1193	C	0.070836	0.072086
1194	U	0.760577	0.0568
1195	U	0.850839	0.104582
1196	C	nan	nan
1197	C	0.161482	0.194911
1198	A	0.330001	0.047389
1199	A	0.209689	0.028977
1200	G	1.155744	0.094398
1201	C	0.10406	0.069965
1202	C	0.133985	0.185476
1203	A	0.645802	0.050929
1204	G	0.601351	0.088765
1205	G	0.575534	0.138913
1206	A	1.13608	0.06841
1207	G	0.05999	0.104642
1208	A	0.359716	0.038789
1209	U	0.872329	0.055821
1210	A	1.136124	0.057755
1211	A	1.280627	0.061979
1212	U	0.149548	0.03448
1213	U	1.205709	0.068558
1214	G	nan	nan
1215	G	nan	nan
1216	G	0.13075	0.185476
1217	G	0.052032	0.178897
1218	U	1.147686	0.064065
1219	U	0.938443	0.044165
1220	U	0.344504	0.032124
1221	A	1.218646	0.047863
1222	U	0.55901	0.080294
1223	C	0.232653	0.170648
1224	C	nan	nan
1225	C	0.139646	0.16957
1226	C	nan	nan
1227	U	0.490833	0.060566
1228	U	0.198045	0.034454
1229	U	0.065364	0.061891
1230	U	0.699726	0.03807
1231	C	0.132367	0.186554
1232	A	0.40686	0.031734
1233	U	0.539122	0.039921
1234	G	1.151687	0.05786
1235	U	0.359288	0.042816
1236	G	0.296879	0.097617
1237	G	0.203191	0.08098
1238	C	0.566941	0.211086
1239	U	0.283555	0.034498
1240	U	0.143211	0.029435
1241	G	0.331052	0.251524
1242	A	0.147091	0.030527
1243	C	0.282566	0.044359
1244	A	0.846576	0.041094
1245	A	0.443072	0.030547
1246	U	0.337346	0.031926
1247	G	1.690019	0.071285
1248	U	0.306364	0.035321
1249	U	0.540764	0.049287
1250	A	1.966048	0.060665
1251	G	0.171457	0.144498
1252	G	0.031272	0.135602
1253	C	0.240202	0.080337
1254	U	0.641985	0.080607
1255	C	0.609535	0.21513
1256	U	0.327342	0.062917
1257	U	0.956748	0.04763
1258	U	0.254061	0.085254
1259	C	0.5753	0.082298
1260	C	0.316225	0.159865
1261	A	0.120871	0.026505
1262	G	0.247434	0.068771
1263	C	0.191407	0.098669
1264	C	nan	nan
1265	G	3.039859	0.440505
1266	A	0.945016	0.061681
1267	A	0.572786	0.032314
1268	A	0.154395	0.03799
1269	A	0.964042	0.128862
1270	A	0.860994	0.062682
1271	G	0.74286	0.087535
1272	G	1.320494	0.178447
1273	U	1.00423	0.06443
1274	U	1.037313	0.049754
1275	U	0.126225	0.034949
1276	U	0.31579	0.033478
1277	C	0.109991	0.166065
1278	A	0.356715	0.029921
1279	U	0.86229	0.039832
1280	A	1.567952	0.050618
1281	C	0.084268	0.030558
1282	A	1.205469	0.057317
1283	U	0.828401	0.05517
1284	U	0.100034	0.022892
1285	U	0.388755	0.030597
1286	G	0.575843	0.105182
1287	A	0.823602	0.045222
1288	U	0.325643	0.036665
1289	U	0.369742	0.028385
1290	G	0.382954	0.061353
1291	C	0.296006	0.085998
1292	A	0.610923	0.031443
1293	U	1.103467	0.051257
1294	C	nan	nan
1295	A	0.278023	0.025271
1296	U	1.346576	0.048313
1297	A	1.049022	0.042173
1298	C	0.338447	0.037227
1299	A	0.326879	0.02771
1300	G	1.028607	0.060108
1301	C	0.154872	0.056718
1302	G	0.300895	0.092443
1303	G	0.253124	0.052156
1304	U	0.403592	0.037177
1305	A	1.399588	0.060375
1306	U	0.241032	0.035235
1307	U	0.883598	0.063335
1308	C	nan	nan
1309	C	0.073867	0.165796
1310	C	0.177927	0.170648
1311	U	0.602952	0.06147
1312	C	nan	nan
1313	G	0.560999	0.076366
1314	C	0.188412	0.057612
1315	C	0.442931	0.194911
1316	C	0.258534	0.198955
1317	U	1.285165	0.066118
1318	C	0.225644	0.145307
1319	A	0.536183	0.042013
1320	U	0.128388	0.04296
1321	G	nan	nan
1322	A	0.126539	0.033582
1323	C	0.221637	0.038197
1324	U	0.877811	0.057524
1325	C	0.379958	0.119068
1326	G	2.177501	0.104894
1327	G	0.262199	0.110131
1328	G	0.476388	0.065434
1329	U	1.034516	0.098442
1330	C	nan	nan
1331	C	0.853327	0.085229
1332	U	0.590485	0.057817
1333	C	0.418938	0.174692
1334	A	1.656229	0.061513
1335	A	0.518064	0.046065
1336	U	0.253962	0.03669
1337	G	0.906918	0.077488
1338	C	0.294971	0.045798
1339	U	0.916677	0.129465
1340	A	0.995465	0.048108
1341	A	1.350569	0.055359
1342	G	0.388713	0.055271
1343	C	0.606698	0.064824
1344	U	2.043965	0.070665
1345	U	1.7941	0.06742
1346	C	0.186748	0.084695
1347	A	0.417779	0.043989
1348	G	1.338744	0.114814
1349	A	0.295597	0.034188
1350	G	0.791845	0.072882
1351	C	0.180919	0.047057
1352	A	2.257604	0.064653
1353	U	0.270122	0.090821
1354	C	0.159595	0.157978
1355	C	nan	nan
1356	A	0.704146	0.041991
1357	U	0.811553	0.050417
1358	C	nan	nan
1359	A	0.061671	0.023208
1360	G	0.507785	0.074839
1361	C	nan	nan
1362	A	0.397491	0.038505
1363	G	0.129132	0.165526
1364	G	0.7047	0.330783
1365	A	0.342366	0.033368
1366	A	0.509239	0.080048
1367	U	0.548509	0.06969
1368	U	0.339472	0.037812
1369	U	0.124092	0.026921
1370	U	0.742954	0.041382
1371	G	0.841157	0.136774
1372	A	0.422434	0.03491
1373	U	0.498173	0.047823
1374	C	0.570176	0.242628
1375	G	0.236484	0.088439
1376	C	0.051156	0.054359
1377	U	0.280971	0.037237
1378	G	0.222067	0.101487
1379	A	1.426763	0.056649
1380	G	nan	nan
1381	A	0.302062	0.035016
1382	G	1.149269	0.084085
1383	C	0.174231	0.054705
1384	A	0.891148	0.049473
1385	G	0.528761	0.115639
1386	G	0.949734	0.090578
1387	G	0.817691	0.07665
1388	A	0.642492	0.047737
1389	G	0.093376	0.051112
1390	G	0.1631	0.333209
1391	C	nan	nan
1392	C	nan	nan
1393	C	nan	nan
1394	U	0.339079	0.04479
1395	U	0.495689	0.073757
1396	C	0.112417	0.066838
1397	U	0.380538	0.034618
1398	G	0.281018	0.109666
1399	G	0.172626	0.048334
1400	U	0.299063	0.031115
1401	A	0.448218	0.030576
1402	A	0.569389	0.034099
1403	U	0.336975	0.063275
1404	C	0.296145	0.081563
1405	U	0.562897	0.040621
1406	G	0.2354	0.102708
1407	A	1.876778	0.062714
1408	G	nan	nan
1409	A	0.382205	0.056082
1410	G	nan	nan
1411	G	0.731119	0.228879
1412	G	nan	nan
1413	C	0.084381	0.118079
1414	G	0.376882	0.10406
1415	U	0.407638	0.049619
1416	G	5.407685	0.146313
1417	G	4.742812	0.098787
1418	U	1.737645	0.063736
1419	G	1.479974	0.134036
1420	U	0.871203	0.055063
1421	U	0.285541	0.0341
1422	G	1.245641	0.056408
1423	U	0.146655	0.129402
1424	C	0.2739	0.204077
1425	U	1.189709	0.054792
1426	U	0.041884	0.042165
1427	C	0.300964	0.100357
1428	A	0.524853	0.057173
1429	A	1.321743	0.052056
1430	A	0.8521	0.042083
1431	A	0.151747	0.020552
1432	A	0.787405	0.040314
1433	U	0.654764	0.036515
1434	G	0.125386	0.117446
1435	G	0.625679	0.095398
1436	U	0.444518	0.051273
1437	U	0.466467	0.045112
1438	C	0.246672	0.222139
1439	A	0.753394	0.038215
1440	A	1.540386	0.052401
1441	U	0.413832	0.039223
1442	U	0.378869	0.038832
1443	C	0.428249	0.104109
1444	U	0.95058	0.045115
1445	U	0.780065	0.041373
1446	G	0.742059	0.063637
1447	C	0.121175	0.040609
1448	A	1.485071	0.065246
1449	U	0.318272	0.038786
1450	U	0.161759	0.024324
1451	U	0.202032	0.025751
1452	A	0.462213	0.030522
1453	C	0.228865	0.039926
1454	U	0.691245	0.046666
1455	U	0.583149	0.068075
1456	C	0.508854	0.075129
1457	C	0.259612	0.168761
1458	U	0.61578	0.037146
1459	U	0.169809	0.031294
1460	G	0.170918	0.179545
1461	G	0.048526	0.194642
1462	A	0.364	0.036704
1463	C	0.373073	0.038291
1464	A	1.068743	0.079114
1465	U	0.83596	0.055744
1466	U	0.326125	0.026745
1467	U	0.878269	0.039634
1468	G	nan	nan
1469	A	1.196742	0.050115
1470	G	1.14102	0.089672
1471	A	0.020209	0.079258
1472	A	1.026377	0.040697
1473	A	0.292282	0.039098
1474	G	0.586589	0.05399
1475	C	0.215278	0.077886
1476	U	0.497158	0.042447
1477	U	1.027063	0.045951
1478	G	0.435641	0.057847
1479	C	0.254195	0.053446
1480	C	nan	nan
1481	C	0.126436	0.207851
1482	U	0.540986	0.05518
1483	C	nan	nan
1484	A	0.485121	0.038408
1485	A	0.510143	0.033959
1486	U	0.715638	0.041748
1487	G	0.609769	0.056752
1488	C	0.046369	0.082224
1489	A	0.493094	0.037958
1490	G	0.463631	0.068772
1491	C	0.125905	0.041395
1492	C	0.221412	0.081201
1493	G	0.71579	0.094975
1494	U	0.12822	0.039275
1495	U	1.240604	0.060164
1496	C	0.643234	0.231305
1497	G	0.12073	0.112073
1498	G	0.599339	0.098173
1499	U	0.537147	0.043616
1500	U	0.711527	0.042843
1501	C	nan	nan
1502	G	0.038012	0.207043
1503	A	0.463925	0.033263
1504	A	0.397954	0.03125
1505	U	0.27743	0.087486
1506	C	0.216209	0.173075
1507	C	0.467249	0.100659
1508	A	0.154801	0.022639
1509	U	0.156091	0.154473
1510	C	nan	nan
1511	C	nan	nan
1512	A	1.589503	0.058826
1513	C	0.010101	0.036393
1514	A	0.707533	0.03677
1515	U	0.977653	0.042533
1516	A	0.683518	0.041113
1517	G	0.261173	0.075167
1518	G	0.133176	0.145307
1519	C	0.160404	0.080876
1520	U	0.464848	0.086855
1521	C	0.076064	0.057016
1522	U	1.012328	0.053443
1523	A	0.757372	0.049276
1524	A	1.670556	0.049922
1525	A	0.619476	0.043611
1526	G	1.781397	0.076385
1527	U	0.51866	0.058173
1528	U	0.738437	0.043187
1529	U	0.109643	0.031014
1530	U	0.499846	0.036811
1531	C	0.308119	0.088261
1532	A	0.564149	0.037085
1533	A	0.390132	0.039272
1534	G	0.246325	0.062424
1535	G	0.348584	0.082485
1536	C	0.219177	0.046844
1537	U	0.897578	0.044859
1538	G	0.647034	0.068913
1539	G	0.572596	0.100413
1540	A	1.663247	0.061397
1541	G	0.30801	0.059495
1542	A	2.139661	0.058937
1543	A	0.436609	0.03195
1544	G	0.88946	0.1031
1545	U	0.728975	0.042758
1546	U	1.083008	0.047567
1547	C	0.40438	0.218365
1548	G	2.457653	0.104623
1549	G	4.762881	0.084931
1550	U	2.776677	0.074886
1551	G	1.104271	0.088292
1552	G	0.960775	0.074401
1553	G	0.192215	0.155552
1554	A	1.934925	0.062077
1555	G	0.040168	0.215939
1556	A	0.644023	0.054736
1557	C	0.69829	0.154912
1558	U	1.116747	0.067245
1559	U	0.208406	0.026384
1560	U	0.416197	0.03374
1561	G	0.376498	0.101308
1562	G	1.118489	0.075867
1563	U	0.199229	0.030477
1564	U	0.616861	0.035954
1565	G	0.176913	0.088268
1566	G	0.535188	0.053892
1567	C	0.163532	0.048662
1568	G	0.010514	0.154204
1569	A	0.270907	0.037385
1570	G	0.48437	0.117
1571	C	0.331322	0.158247
1572	C	0.274978	0.134793
1573	U	0.756525	0.03989
1574	G	0.473939	0.060472
1575	C	0.753822	0.053566
1576	G	0.142881	0.111609
1577	C	0.150699	0.086807
1578	A	0.740042	0.037097
1579	U	2.082557	0.143151
1580	G	0.330963	0.099594
1581	G	0.502992	0.136232
1582	U	0.178215	0.04478
1583	U	0.653837	0.04857
1584	C	nan	nan
1585	C	0.168492	0.114844
1586	U	0.552897	0.042181
1587	G	0.873258	0.04858
1588	U	0.513309	0.035285
1589	A	1.023252	0.037595
1590	A	1.275577	0.056174
1591	U	0.28455	0.04371
1592	U	0.840851	0.037758
1593	U	0.496657	0.036689
1594	C	0.207457	0.08877
1595	A	0.351478	0.028864
1596	A	1.403894	0.040742
1597	A	1.72776	0.046544
1598	U	0.355279	0.059754
1599	C	0.409435	0.077992
1600	U	0.410568	0.063736
1601	U	1.759954	0.050482
1602	U	0.212434	0.081685
1603	C	0.61373	0.103263
1604	U	0.55664	0.042317
1605	U	0.224594	0.035738
1606	C	0.341566	0.143959
1607	A	0.896951	0.036394
1608	A	1.705293	0.051595
1609	U	0.202364	0.02879
1610	U	0.451326	0.030723
1611	G	1.776525	0.055199
1612	U	0.144258	0.057112
1613	C	0.782238	0.078305
1614	U	0.046369	0.106756
1615	C	0.454926	0.114021
1616	U	1.584004	0.054969
1617	U	0.623856	0.045632
1618	C	0.090312	0.135872
1619	G	1.097102	0.069544
1620	C	0.199799	0.058391
1621	C	0.064701	0.128054
1622	U	1.367425	0.074539
1623	C	nan	nan
1624	U	0.153506	0.057584
1625	C	nan	nan
1626	U	0.753303	0.044893
1627	C	0.029115	0.17604
1628	G	0.229464	0.092774
1629	G	1.053487	0.09956
1630	A	0.8039	0.056214
1631	U	0.147711	0.03152
1632	U	0.447465	0.032228
1633	G	0.33887	0.177388
1634	A	0.20396	0.030143
1635	C	0.333209	0.108643
1636	G	0.684122	0.085252
1637	A	0.425962	0.038157
1638	A	0.963666	0.047097
1639	A	0.649666	0.037786
1640	G	0.857979	0.074497
1641	G	1.058936	0.200303
1642	A	1.04326	0.043571
1643	A	0.545696	0.033823
1644	U	0.614962	0.064207
1645	C	0.056344	0.189519
1646	C	0.009705	0.147194
1647	C	0.389014	0.164448
1648	A	0.28329	0.029674
1649	G	1.817623	0.079469
1650	A	0.134851	0.027687
1651	G	0.39818	0.154473
1652	A	2.257174	0.058498
1653	C	2.406261	0.071428
1654	C	0.113226	0.129671
1655	U	1.887526	0.089688
1656	C	nan	nan
1657	U	0.605295	0.037831
1658	A	0.892097	0.055772
1659	C	0.184013	0.046519
1660	U	0.558157	0.036707
1661	G	0.323592	0.076988
1662	G	0.707775	0.075907
1663	C	0.256916	0.111609
1664	C	nan	nan
1665	A	1.128991	0.084397
1666	U	0.358063	0.046871
1667	U	0.651142	0.040974
1668	U	0.593481	0.058752
1669	C	0.353778	0.087126
1670	U	1.052443	0.043465
1671	U	0.342315	0.031791
1672	G	1.269375	0.057642
1673	U	0.048449	0.066259
1674	C	0.20192	0.167413
1675	U	0.697929	0.039937
1676	U	0.367385	0.030485
1677	A	1.075167	0.04287
1678	U	0.919282	0.03967
1679	G	0.951907	0.106128
1680	G	1.375512	0.061532
1681	U	0.874272	0.047281
1682	G	0.503499	0.114276
1683	A	1.32493	0.047367
1684	A	0.76309	0.037211
1685	U	0.255886	0.024249
1686	A	0.625846	0.036912
1687	G	1.189811	0.052787
1688	U	0.395951	0.06806
1689	C	0.317554	0.09397
1690	U	1.017525	0.044341
1691	G	0.684767	0.118962
1692	G	3.151764	0.181266
1693	U	0.724267	0.075105
1694	U	0.976056	0.048951
1695	U	0.150009	0.026406
1696	U	0.544807	0.034369
1697	G	0.26096	0.183858
1698	A	0.695513	0.035826
1699	U	0.65731	0.069619
1700	C	0.150429	0.177118
1701	C	0.576981	0.145111
1702	U	0.422224	0.043083
1703	U	0.928861	0.039323
1704	G	0.567568	0.05764
1705	C	0.139597	0.039654
1706	U	0.982095	0.07957
1707	C	0.054996	0.18925
1708	U	0.779421	0.036295
1709	A	1.417847	0.047075
1710	C	0.078989	0.053378
1711	U	0.885464	0.055711
1712	C	nan	nan
1713	U	0.038178	0.051451
1714	C	0.298163	0.163909
1715	U	1.640015	0.057988
1716	U	0.343741	0.03513
1717	C	0.401415	0.152047
1718	A	2.247757	0.056048
1719	U	0.043918	0.028605
1720	C	nan	nan
1721	A	0.671736	0.036213
1722	A	0.546672	0.03127
1723	G	0.774435	0.079995
1724	A	0.339608	0.03519
1725	G	0.273438	0.040142
1726	U	0.787919	0.061677
1727	G	0.546962	0.044216
1728	U	0.096555	0.028361
1729	A	0.825932	0.038094
1730	G	0.798619	0.04887
1731	U	0.233754	0.06268
1732	C	0.450479	0.174423
1733	U	0.389235	0.030752
1734	G	0.71151	0.076579
1735	C	0.301667	0.167953
1736	U	2.462239	0.073474
1737	U	1.034663	0.039589
1738	U	0.106108	0.019315
1739	A	0.373891	0.025822
1740	G	1.086723	0.045341
1741	U	0.870924	0.038981
1742	G	0.475189	0.061762
1743	G	0.354394	0.064811
1744	C	0.545055	0.046818
1745	C	0.109183	0.12401
1746	A	0.686849	0.089842
1747	U	0.441474	0.040526
1748	U	0.115571	0.107046
1749	U	0.386946	0.047024
1750	C	0.615935	0.06908
1751	U	0.756725	0.033794
1752	U	0.060312	0.071995
1753	C	0.638455	0.053973
1754	U	0.193498	0.050755
1755	C	nan	nan
1756	C	0.043134	0.119966
1757	A	0.293521	0.028154
1758	G	0.76829	0.059867
1759	U	0.589575	0.036007
1760	G	0.730707	0.078654
1761	A	1.096105	0.037974
1762	A	1.269915	0.039068
1763	U	1.449298	0.185206
1764	G	0.931422	0.179545
1765	A	1.105908	0.042391
1766	G	0.221527	0.060514
1767	A	1.373942	0.041671
1768	A	0.072249	0.03289
1769	G	0.856803	0.054373
1770	A	0.551563	0.030652
1771	U	1.004956	0.03852
1772	G	4.956082	0.207851
1773	U	0.591445	0.06744
1774	G	0.870054	0.077786
1775	G	0.99505	0.066198
1776	A	2.236651	0.057706
1777	U	0.093139	0.028717
1778	G	2.002031	0.055853
1779	U	0.077711	0.032417
1780	G	0.66761	0.038489
1781	U	0.03391	0.026026
1782	G	1.109814	0.046784
1783	U	0.183181	0.05875
1784	C	0.408424	0.172535
1785	U	1.79239	0.050375
1786	U	0.092738	0.086537
1787	C	0.418914	0.047282
1788	U	0.383062	0.042511
1789	C	nan	nan
1790	A	0.296686	0.030107
1791	G	0.509138	0.082386
1792	A	1.334139	0.082614
1793	U	0.641657	0.052427
1794	U	0.669576	0.036122
1795	U	0.39702	0.02506
1796	U	0.330893	0.026516
1797	A	1.274815	0.037259
1798	U	0.052677	0.046607
1799	C	0.287512	0.066161
1800	U	0.599589	0.034084
1801	U	0.18438	0.021089
1802	A	2.131225	0.050146
1803	U	0.093039	0.02094
1804	U	0.344482	0.02373
1805	G	0.257221	0.050808
1806	G	1.006367	0.231845
1807	C	nan	nan
1808	C	nan	nan
1809	U	0.602269	0.059705
1810	U	0.464184	0.034944
1811	U	0.271142	0.029711
1812	U	0.154886	0.049963
1813	C	0.159595	0.138028
1814	U	0.114308	0.04326
1815	A	0.976139	0.035098
1816	A	0.216745	0.023496
1817	G	1.036617	0.047289
1818	U	2.305751	0.052427
1819	A	0.221747	0.026121
1820	G	1.749597	0.063158
1821	U	0.055535	0.060387
1822	A	0.98344	0.039294
1823	U	nan	nan
1824	A	0.233882	0.022394
1825	U	0.077989	0.026663
1826	A	1.042584	0.038711
1827	U	0.410698	0.033778
1828	G	0.447244	0.155821
1829	G	0.085459	0.174962
1830	A	0.397959	0.055474
1831	C	0.140455	0.114844
1832	C	0.317034	0.144498
1833	U	0.861049	0.090836
1834	C	0.177709	0.074344
1835	C	0.265543	0.145038
1836	C	0.08465	0.146386
1837	U	1.07566	0.077444
1838	C	nan	nan
1839	C	0.034507	0.133715
1840	U	1.039866	0.054842
1841	C	0.053648	0.148542
1842	G	1.271748	0.068059
1843	U	0.295421	0.05413
1844	C	nan	nan
1845	A	0.780566	0.046888
1846	C	0.228611	0.038877
1847	U	0.722291	0.085668
1848	C	0.283605	0.177658
1849	C	nan	nan
1850	A	0.690296	0.041096
1851	A	0.750342	0.068451
1852	U	0.152315	0.046634
1853	U	0.794899	0.041418
1854	U	0.646575	0.041705
1855	C	0.050682	0.161752
1856	A	1.202463	0.042524
1857	A	0.734385	0.051772
1858	U	0.449982	0.034057
1859	G	1.100895	0.123503
1860	A	0.453369	0.03806
1861	A	0.725493	0.038834
1862	A	0.100726	0.02703
1863	C	0.292742	0.044312
1864	G	0.455871	0.200572
1865	A	0.540073	0.061405
1866	U	0.99901	0.046675
1867	U	0.062714	0.041272
1868	C	0.793074	0.07504
1869	U	0.228879	0.083841
1870	C	nan	nan
1871	U	0.249249	0.068191
1872	U	0.716329	0.035408
1873	U	0.113404	0.017241
1874	A	1.37851	0.043967
1875	U	0.212627	0.04928
1876	A	0.243613	0.027629
1877	G	1.081774	0.050471
1878	U	0.223962	0.042825
1879	C	0.370623	0.121101
1880	A	0.003473	0.076416
1881	U	2.226079	0.075289
1882	A	0.146664	0.021346
1883	U	0.615094	0.041358
1884	A	0.507797	0.029992
1885	A	1.424987	0.045365
1886	A	0.514816	0.028397
1887	U	0.214488	0.105391
1888	C	0.394405	0.143151
1889	C	0.370951	0.183049
1890	G	2.84269	0.097158
1891	G	1.146134	0.074261
1892	G	0.610614	0.184128
1893	A	1.059667	0.046848
1894	G	0.37614	0.173157
1895	A	0.429452	0.073058
1896	A	0.047565	0.022476
1897	A	nan	nan
1898	C	0.113789	0.043573
1899	U	0.64966	0.044458
1900	U	1.239415	0.045967
1901	G	0.589433	0.093986
1902	G	3.379808	0.232923
1903	G	0.629766	0.108993
1904	U	0.109605	0.051499
1905	U	0.83315	0.040149
1906	U	0.011052	0.084942
1907	C	0.106217	0.122123
1908	U	0.139248	0.046444
1909	C	0.031811	0.206503
1910	A	0.766645	0.042334
1911	A	0.786494	0.038098
1912	U	0.423978	0.03267
1913	U	0.597525	0.039265
1914	C	0.126975	0.167953
1915	C	0.108104	0.126975
1916	U	0.204915	0.035796
1917	G	1.529048	0.053566
1918	U	0.230949	0.033781
1919	G	0.616565	0.122975
1920	G	0.138892	0.053527
1921	U	1.425621	0.050354
1922	G	0.237144	0.047142
1923	U	0.17261	0.036097
1924	U	0.051636	0.024464
1925	A	0.140161	0.029742
1926	C	0.166532	0.043162
1927	A	0.169585	0.038716
1928	A	0.75451	0.033216
1929	A	0.293693	0.026016
1930	U	0.345498	0.027901
1931	G	0.605105	0.063607
1932	C	0.327548	0.090581
1933	U	0.438613	0.03164
1934	A	1.582004	0.072007
1935	U	0.432956	0.039713
1936	U	0.523435	0.02987
1937	U	0.127768	0.022876
1938	A	0.321087	0.025925
1939	C	0.548339	0.109183
1940	C	nan	nan
1941	A	1.008005	0.041556
1942	C	0.2431	0.038716
1943	U	0.602442	0.039731
1944	G	1.19772	0.050976
1945	U	0.139442	0.082769
1946	C	0.596326	0.152047
1947	C	nan	nan
1948	A	0.875788	0.043574
1949	G	0.374982	0.057692
1950	G	0.49306	0.093327
1951	C	0.085998	0.101095
1952	C	0.153395	0.11754
1953	A	0.424277	0.030372
1954	U	0.230753	0.027111
1955	A	0.269429	0.031823
1956	G	0.686966	0.040557
1957	U	0.093173	0.030324
1958	A	0.482188	0.02986
1959	C	0.423521	0.088424
1960	G	0.24537	0.087586
1961	A	1.426754	0.05263
1962	U	0.059848	0.105408
1963	C	0.49349	0.066377
1964	U	0.076858	0.076496
1965	C	0.082763	0.140994
1966	U	0.735977	0.064205
1967	C	0.346688	0.17631
1968	C	0.272822	0.153934
1969	C	nan	nan
1970	U	0.530228	0.043277
1971	U	0.267862	0.047391
1972	C	0.051761	0.139107
1973	G	0.258534	0.197337
1974	A	0.702081	0.037439
1975	U	0.459159	0.036742
1976	U	1.166816	0.041027
1977	A	0.865545	0.054016
1978	U	0.163757	0.042694
1979	U	0.593361	0.035859
1980	U	0.313433	0.037692
1981	C	0.297893	0.180084
1982	A	0.276866	0.068745
1983	A	1.024725	0.03855
1984	A	0.876097	0.036836
1985	U	0.619866	0.037756
1986	C	0.217287	0.176849
1987	G	1.347232	0.09733
1988	G	1.006276	0.052783
1989	U	0.867814	0.049026
1990	G	nan	nan
1991	U	0.657787	0.063974
1992	U	0.708946	0.036733
1993	U	0.048326	0.020332
1994	U	0.338446	0.036417
1995	A	0.762299	0.040629
1996	A	0.461893	0.031132
1997	G	1.898682	0.083778
1998	A	0.289545	0.033092
1999	G	0.785141	0.055517
2000	U	0.869508	0.046107
2001	G	0.920908	0.152316
2002	C	0.097051	0.087616
2003	A	1.226132	0.065012
2004	U	0.694445	0.03755
2005	U	0.317052	0.027814
2006	U	0.503754	0.029169
2007	G	0.342045	0.08416
2008	G	0.601987	0.152586
2009	A	0.630751	0.03708
2010	U	0.487499	0.035631
2011	C	0.365829	0.156899
2012	G	0.564527	0.059119
2013	C	0.100286	0.090042
2014	C	nan	nan
2015	A	0.248532	0.02774
2016	G	nan	nan
2017	A	0.554702	0.03629
2018	C	0.204564	0.038952
2019	U	0.336644	0.060239
2020	C	0.080067	0.112687
2021	U	0.453428	0.031739
2022	A	0.237182	0.031636
2023	C	0.185206	0.077911
2024	G	0.360496	0.08542
2025	A	0.580484	0.030739
2026	U	0.423205	0.029249
2027	U	0.772265	0.0303
2028	A	0.954186	0.035261
2029	U	0.046719	0.021109
2030	U	0.357855	0.024146
2031	G	0.147464	0.197877
2032	A	0.696489	0.042841
2033	U	0.53201	0.038086
2034	U	0.35314	0.039476
2035	C	0.100286	0.200572
2036	A	1.082663	0.066234
2037	C	0.138568	0.131019
2038	C	0.191676	0.155012
2039	C	nan	nan
2040	C	nan	nan
2041	G	0.522006	0.066616
2042	U	0.382202	0.045442
2043	U	0.7255	0.038681
2044	C	0.054457	0.193833
2045	A	1.724613	0.049726
2046	U	0.01309	0.030882
2047	C	0.408154	0.149081
2048	A	0.846109	0.036134
2049	A	0.460617	0.033928
2050	C	nan	nan
2051	G	0.927029	0.100081
2052	A	1.368422	0.114305
2053	A	1.074726	0.039785
2054	A	0.380975	0.033252
2055	U	1.284041	0.106756
2056	G	0.386487	0.083623
2057	G	0.477438	0.240471
2058	A	0.192696	0.036541
2059	A	0.875212	0.036854
2060	A	0.493372	0.033086
2061	U	0.242888	0.050549
2062	C	0.248829	0.149081
2063	U	0.554524	0.036242
2064	G	0.422785	0.10029
2065	A	0.712549	0.037959
2066	A	0.314768	0.024919
2067	U	0.8343	0.03434
2068	A	0.162351	0.025716
2069	C	0.445289	0.039106
2070	A	0.95483	0.033342
2071	U	0.241285	0.026794
2072	G	1.193451	0.100246
2073	A	0.17581	0.029238
2074	A	2.026817	0.062665
2075	A	0.17631	0.047447
2076	C	0.732193	0.048361
2077	A	0.022453	0.023067
2078	C	0.102173	0.061466
2079	A	0.12398	0.020219
2080	C	0.225389	0.045596
2081	U	1.056903	0.069747
2082	U	1.863308	0.067041
2083	C	0.568156	0.059171
2084	C	nan	nan
2085	A	0.291946	0.029103
2086	G	1.444061	0.108759
2087	G	0.184128	0.11727
2088	U	0.694444	0.043396
2089	G	0.195074	0.038002
2090	U	0.06307	0.023979
2091	G	0.085254	0.037324
2092	U	0.037473	0.054457
2093	G	0.469081	0.143151
2094	C	0.382004	0.131558
2095	A	0.337477	0.04339
2096	U	1.636713	0.064731
2097	A	1.496529	0.057854
2098	U	1.079964	0.159056
2099	U	0.387084	0.038618
2100	G	0.095973	0.20893
2101	C	0.194372	0.122392
2102	A	0.794982	0.050403
2103	G	0.151977	0.058687
2104	C	0.227262	0.142072
2105	G	0.580151	0.26716
2106	A	0.274529	0.045652
2107	A	0.171307	0.072316
2108	U	0.251698	0.042021
2109	U	0.273159	0.040521
2110	U	0.367238	0.044294
2111	A	0.863063	0.065949
2112	U	0.399299	0.06186
2113	U	0.189866	0.034785
2114	U	0.223339	0.0315
2115	G	0.47803	0.05735
2116	U	0.010514	0.136141
2117	C	0.370682	0.24101
2118	U	0.417505	0.043916
2119	C	0.322965	0.204616
2120	G	0.648761	0.134728
2121	A	1.823613	0.163463
2122	U	0.769225	0.080149
2123	U	0.902346	0.058955
2124	U	0.07221	0.035347
2125	U	0.134145	0.033115
2126	U	0.289701	0.044718
2127	G	0.145038	0.224027
2128	G	0.159865	0.198146
2129	A	0.439743	0.047068
2130	U	0.658701	0.066234
2131	C	0.324043	0.211356
2132	C	0.429452	0.196798
2133	U	1.497354	0.084295
2134	C	nan	nan
2135	U	0.254089	0.103658
2136	C	0.174153	0.209469
2137	C	0.042056	0.171188
2138	A	0.275846	0.036476
2139	U	0.480006	0.045408
2140	A	0.998631	0.055646
2141	C	0.172571	0.053345
2142	U	1.138972	0.073983
2143	C	0.153664	0.314068
2144	U	0.278147	0.068371
2145	U	1.345935	0.062593
2146	U	0.523756	0.049452
2147	C	0.391979	0.201651
2148	A	1.459799	0.062292
2149	U	0.205741	0.047683
2150	U	0.227012	0.03068
2151	G	0.632291	0.088893
2152	C	1.142508	0.37176
2153	U	0.962941	0.118574
2154	U	1.568812	0.080127
2155	U	0.3357	0.041303
2156	U	0.303055	0.049042
2157	U	0.474597	0.049872
2158	C	0.367447	0.209738
2159	C	0.177927	0.198416
2160	G	3.359573	0.126011
2161	C	nan	nan
2162	A	0.212432	0.038442
2163	A	0.628958	0.050858
2164	G	0.22334	0.074637
2165	C	0.375331	0.083124
2166	U	0.849774	0.064681
2167	C	nan	nan
2168	G	nan	nan
2169	A	1.005483	0.066172
2170	C	0.330513	0.152856
2171	G	nan	nan
2172	A	0.570268	0.056311
2173	U	0.409244	0.068939
2174	C	0.366638	0.285762
2175	A	1.173575	0.074934
2176	U	0.43164	0.047626
2177	U	0.459159	0.047102
2178	G	0.189452	0.134542
2179	G	0.747294	0.268778
2180	A	0.606541	0.072522
2181	U	0.127905	0.033204
2182	U	0.547131	0.055643
2183	G	0.072249	0.223757
2184	A	0.245324	0.046233
2185	A	0.122587	0.034464
2186	G	0.233671	0.119439
2187	C	0.339328	0.074859
2188	A	1.183611	0.084096
2189	U	0.203864	0.051841
2190	U	0.434438	0.04833
2191	G	1.003125	0.071666
2192	U	0.457393	0.07307
2193	C	nan	nan
2194	G	0.279746	0.106557
2195	C	nan	nan
2196	A	1.531173	0.077242
2197	C	0.827092	0.20246
2198	A	0.379224	0.063096
2199	A	0.171225	0.039763
2200	A	0.516258	0.136141
2201	G	1.013713	0.084731
2202	U	0.27731	0.078771
2203	C	0.382895	0.194319
2204	U	1.426043	0.092183
2205	U	0.253701	0.121301
2206	C	0.248137	0.108326
2207	C	0.824935	0.294658
2208	A	1.493001	0.15091
2209	U	0.585414	0.10434
2210	U	0.573053	0.070611
2211	U	0.084698	0.050339
2212	U	0.208041	0.060808
2213	G	0.157708	0.432417
2214	A	0.373208	0.066253
2215	A	0.416891	0.064771
2216	U	0.115694	0.089115
2217	C	nan	nan
2218	A	nan	nan
2219	G	nan	nan
2220	U	0.078182	0.203197
2221	A	0.476848	0.16337
2222	C	0.324043	0.279561
2223	C	nan	nan
2224	U	0.569647	0.731636
2225	G	nan	nan
2226	C	nan	nan
2227	U	nan	nan
2228	U	nan	nan
2229	U	nan	nan
2230	C	nan	nan
2231	G	nan	nan
2232	C	nan	nan
2233	U	nan	nan
