Nucleotide	Sequence	Norm_profile	Norm_stderr
1	A	nan	nan
2	G	nan	nan
3	U	nan	nan
4	A	nan	nan
5	G	nan	nan
6	A	nan	nan
7	A	0.31283	0.529908
8	A	0.257312	0.479849
9	C	0.620513	0.532871
10	A	0.984337	0.872523
11	A	nan	nan
12	G	0.356151	0.204738
13	G	0.676663	0.322426
14	C	0.475775	0.14586
15	A	1.416457	0.311632
16	U	0.847965	0.101582
17	U	0.267565	0.04369
18	U	0.08779	0.106207
19	U	nan	nan
20	U	0.069034	0.04092
21	U	0.338561	0.043274
22	C	0.603605	0.286031
23	A	0.595409	0.06722
24	U	0.229311	0.051493
25	G	1.136847	0.249098
26	A	1.667124	0.205695
27	A	1.874436	0.206773
28	G	0.713596	0.242358
29	G	0.023184	0.223218
30	A	0.228702	0.059542
31	C	0.374995	0.105948
32	A	0.105338	0.037644
33	A	0.095304	0.045719
34	G	0.184335	0.049491
35	C	0.125627	0.068475
36	U	0.45702	0.048412
37	A	0.135042	0.022037
38	A	0.528472	0.029598
39	A	0.268105	0.030598
40	U	0.23376	0.031391
41	U	0.151638	0.028473
42	C	0.366638	0.21513
43	A	0.514519	0.03409
44	C	0.093988	0.026172
45	U	0.383235	0.029381
46	A	1.813272	0.064621
47	U	0.499209	0.038326
48	U	1.33282	0.044331
49	U	0.587806	0.043598
50	C	0.267224	0.074714
51	U	0.641008	0.035486
52	G	0.502998	0.061873
53	C	0.245324	0.094355
54	C	nan	nan
55	G	0.335479	0.045642
56	U	0.246565	0.050752
57	C	0.256595	0.078994
58	U	0.511812	0.034338
59	G	0.314189	0.092223
60	A	0.303339	0.027912
61	G	0.230303	0.046689
62	C	0.116949	0.034462
63	U	1.034399	0.054153
64	C	nan	nan
65	U	1.103638	0.047508
66	U	0.217069	0.030936
67	C	nan	nan
68	A	1.152333	0.04182
69	A	0.623037	0.028651
70	U	0.5109	0.028469
71	G	0.244865	0.10921
72	G	1.411875	0.053006
73	U	0.428705	0.033538
74	G	0.311367	0.085898
75	G	0.47609	0.213243
76	A	0.376595	0.029534
77	A	0.16674	0.019846
78	C	0.484288	0.033264
79	A	0.311902	0.022664
80	G	0.301953	0.072519
81	A	0.363615	0.027427
82	U	0.157458	0.037021
83	C	0.397371	0.135872
84	U	6.13838	0.077283
85	U	1.289037	0.0378
86	C	0.276601	0.06873
87	A	1.546498	0.040555
88	U	0.46131	0.036994
89	G	0.505745	0.165526
90	A	0.659996	0.030679
91	U	nan	nan
92	C	0.249926	0.077598
93	U	0.29838	0.032681
94	C	nan	nan
95	A	0.148546	0.022868
96	G	0.836634	0.055917
97	C	0.654347	0.082125
98	A	0.345414	0.028355
99	A	0.742105	0.031197
100	A	0.487574	0.026649
101	C	0.182995	0.02532
102	U	1.034428	0.054049
103	C	0.248084	0.082358
104	C	0.037473	0.09786
105	U	1.9203	0.067078
106	C	nan	nan
107	C	0.07198	0.158247
108	U	0.605515	0.033941
109	U	0.373869	0.043706
110	C	0.173448	0.065251
111	U	0.594191	0.033937
112	U	0.342048	0.02901
113	G	nan	nan
114	A	0.140596	0.022888
115	U	0.235933	0.051277
116	C	nan	nan
117	C	0.190598	0.154473
118	G	1.809191	0.061745
119	U	0.41687	0.075478
120	C	2.060721	0.190598
121	C	0.177927	0.136141
122	A	0.041241	0.037491
123	G	0.046099	0.178197
124	A	0.166402	0.037123
125	C	0.03833	0.03764
126	U	0.222724	0.034673
127	C	0.331592	0.155012
128	G	0.149209	0.065313
129	A	0.172373	0.023057
130	A	0.131979	0.02258
131	G	0.286477	0.050935
132	U	0.095165	0.034355
133	C	0.123201	0.213513
134	A	0.198215	0.036427
135	A	0.966042	0.042073
136	U	0.539291	0.036038
137	U	0.602451	0.0364
138	C	0.13075	0.203268
139	G	1.919771	0.077989
140	C	nan	nan
141	G	0.072521	0.067978
142	C	0.45668	0.121044
143	A	0.496881	0.032845
144	U	0.235561	0.037083
145	C	nan	nan
146	A	1.488745	0.046071
147	A	0.411112	0.040863
148	U	0.29481	0.031189
149	U	0.458712	0.033417
150	C	0.230497	0.207312
151	G	0.472855	0.153664
152	G	nan	nan
153	G	1.024709	0.142711
154	C	0.190059	0.123471
155	C	0.014558	0.138298
156	C	0.246466	0.072946
157	U	0.012339	0.02498
158	A	0.121374	0.027585
159	G	nan	nan
160	A	0.137759	0.057152
161	C	0.760135	0.045213
162	A	0.297479	0.029983
163	C	0.152386	0.043699
164	C	nan	nan
165	A	0.518088	0.039695
166	U	0.254695	0.035745
167	G	0.001887	0.149081
168	G	nan	nan
169	C	0.081954	0.119427
170	C	0.138568	0.134524
171	U	0.332816	0.105992
172	C	0.153395	0.11754
173	C	0.083033	0.126706
174	A	1.205765	0.053347
175	C	0.200782	0.051196
176	C	nan	nan
177	A	0.863764	0.040552
178	U	0.501886	0.036377
179	G	1.215135	0.073066
180	C	0.700117	0.144768
181	U	0.323795	0.04504
182	G	0.249848	0.074988
183	G	0.502549	0.098693
184	A	0.378185	0.035859
185	A	1.089272	0.055654
186	A	0.841165	0.045253
187	U	0.920216	0.071487
188	C	0.467733	0.246941
189	C	0.310518	0.092438
190	C	0.409233	0.163909
191	A	0.444933	0.038262
192	A	1.172073	0.054459
193	C	0.082327	0.037228
194	C	0.255299	0.18251
195	G	0.466924	0.210008
196	G	1.231614	0.068434
197	U	0.139994	0.071294
198	C	0.317231	0.106328
199	U	0.417167	0.05535
200	C	0.244988	0.100093
201	C	0.265004	0.11754
202	U	0.474673	0.046415
203	G	1.217772	0.056581
204	U	0.342317	0.038433
205	A	0.713418	0.037473
206	U	0.177291	0.02484
207	G	0.343723	0.24802
208	A	1.688686	0.055664
209	A	0.351043	0.035951
210	C	0.096546	0.045733
211	U	0.18991	0.031497
212	G	0.555742	0.067041
213	C	0.1772	0.048355
214	U	0.462083	0.033912
215	A	0.708013	0.047501
216	G	0.829453	0.132261
217	G	0.364751	0.104273
218	G	0.639253	0.090667
219	A	0.710633	0.044368
220	A	0.800571	0.046501
221	G	0.827253	0.109013
222	A	0.449495	0.035405
223	A	0.890224	0.061633
224	U	0.20506	0.043645
225	U	0.71143	0.041613
226	U	0.068239	0.049273
227	C	0.374778	0.063251
228	U	0.432146	0.034136
229	C	0.162291	0.191407
230	G	0.547531	0.20866
231	A	0.464056	0.030965
232	A	0.27051	0.027453
233	U	0.312262	0.029814
234	A	0.35859	0.03504
235	G	0.875927	0.066402
236	A	0.705194	0.044026
237	U	0.335929	0.044756
238	U	0.53203	0.034216
239	G	0.367277	0.07129
240	C	0.217826	0.093007
241	A	1.130197	0.045738
242	G	0.209446	0.064126
243	C	0.203538	0.083302
244	A	1.406538	0.056213
245	C	0.791951	0.121646
246	U	0.765465	0.101725
247	U	1.184761	0.061064
248	U	0.054139	0.022447
249	U	0.322066	0.028282
250	G	0.099208	0.178466
251	A	0.257606	0.030167
252	U	1.157655	0.044523
253	A	0.335034	0.027926
254	C	0.249715	0.035727
255	A	0.829248	0.0366
256	U	0.600653	0.059489
257	C	0.354444	0.054426
258	U	0.958004	0.043404
259	G	1.374494	0.084027
260	U	0.586129	0.047008
261	U	0.797244	0.043113
262	C	nan	nan
263	A	1.57097	0.057299
264	U	0.114008	0.04402
265	C	0.13097	0.057388
266	U	1.318555	0.053687
267	U	0.223805	0.035076
268	C	0.262308	0.13722
269	A	0.541511	0.036305
270	A	0.85201	0.041958
271	G	0.522568	0.07596
272	G	0.595379	0.0883
273	A	0.771666	0.052528
274	U	0.309889	0.03447
275	U	0.717075	0.059082
276	C	nan	nan
277	C	0.178736	0.131289
278	U	1.328255	0.093965
279	C	nan	nan
280	U	1.708961	0.083641
281	U	0.358337	0.033502
282	U	0.695017	0.038981
283	G	0.314099	0.103243
284	G	1.430105	0.102365
285	U	0.677667	0.068666
286	U	0.448087	0.034213
287	U	0.658741	0.039289
288	G	2.123992	0.060778
289	U	0.073322	0.023274
290	G	1.25388	0.056715
291	U	0.652403	0.038206
292	U	0.615114	0.032933
293	G	0.352192	0.05822
294	A	0.4569	0.030057
295	G	0.83476	0.069893
296	G	nan	nan
297	A	0.502977	0.05015
298	U	0.214726	0.051451
299	U	0.951473	0.036576
300	G	0.474473	0.196529
301	A	0.460949	0.030149
302	G	1.18268	0.051968
303	C	0.677882	0.048755
304	G	nan	nan
305	A	0.612245	0.049294
306	U	0.292907	0.033706
307	U	0.518492	0.068838
308	C	nan	nan
309	C	0.131828	0.112418
310	U	1.487744	0.074162
311	C	0.143151	0.153934
312	U	0.411919	0.029569
313	U	0.598073	0.029028
314	A	1.161331	0.041365
315	G	1.220187	0.085222
316	G	0.463954	0.078895
317	G	0.492535	0.183049
318	A	0.398221	0.032718
319	U	0.161532	0.08122
320	C	0.266639	0.074059
321	C	0.17631	0.128054
322	A	1.072685	0.094625
323	G	0.935822	0.064633
324	G	1.742029	0.080265
325	A	2.266535	0.053959
326	G	0.262435	0.033736
327	U	2.830353	0.06537
328	G	0.798894	0.042645
329	U	0.295315	0.032532
330	G	1.336167	0.047204
331	U	0.355847	0.028111
332	A	3.544016	0.063514
333	G	0.227976	0.03773
334	U	0.061623	0.026793
335	A	0.415423	0.025636
336	G	0.310867	0.054486
337	C	0.282963	0.038216
338	A	0.645765	0.027966
339	A	1.912069	0.045883
340	C	0.604052	0.038049
341	A	0.210985	0.022112
342	G	1.009479	0.05833
343	C	0.229149	0.070093
344	A	0.890936	0.033169
345	U	1.19154	0.044904
346	C	nan	nan
347	A	0.490838	0.028367
348	U	1.176995	0.041584
349	A	1.409208	0.040605
350	U	1.013893	0.037832
351	U	0.127289	0.073556
352	C	nan	nan
353	C	0.2677	0.129671
354	A	0.928491	0.033722
355	U	0.78851	0.040415
356	G	0.430629	0.042765
357	C	0.148176	0.04562
358	U	0.895181	0.051588
359	C	0.303285	0.205695
360	U	0.590384	0.037873
361	U	0.342657	0.0241
362	G	0.282685	0.068535
363	G	0.153547	0.062806
364	C	0.257171	0.035932
365	U	0.752834	0.049414
366	G	0.091889	0.111466
367	G	0.075634	0.065186
368	G	0.265531	0.06797
369	C	0.114574	0.090851
370	C	0.014288	0.101904
371	A	0.628812	0.028921
372	U	0.021157	0.083994
373	G	0.200842	0.154743
374	A	0.241112	0.032059
375	G	0.358558	0.052256
376	C	0.221061	0.086268
377	U	0.436332	0.033313
378	G	0.3262	0.133715
379	G	0.071425	0.094327
380	C	0.119966	0.079528
381	A	0.648316	0.031813
382	U	0.664947	0.046476
383	C	0.071171	0.112418
384	A	0.966744	0.041614
385	C	0.696713	0.046406
386	C	nan	nan
387	A	1.412694	0.048374
388	C	0.127784	0.063353
389	A	0.062048	0.023423
390	G	1.276337	0.064354
391	C	0.039629	0.06524
392	A	1.337416	0.047427
393	U	0.325629	0.03188
394	U	0.494782	0.030762
395	G	1.202597	0.083201
396	U	0.637763	0.054989
397	U	0.247999	0.027179
398	U	0.235928	0.026263
399	A	0.29957	0.024976
400	C	0.469697	0.034745
401	A	0.441939	0.030056
402	G	0.898155	0.09703
403	A	1.086081	0.046041
404	C	0.199742	0.030141
405	U	1.567777	0.083577
406	C	nan	nan
407	U	0.231046	0.033424
408	A	1.53367	0.04552
409	U	0.06921	0.054296
410	C	0.407665	0.05338
411	U	0.383163	0.054778
412	C	0.046369	0.157439
413	C	0.351811	0.138568
414	U	0.592119	0.040409
415	U	0.176894	0.033602
416	A	0.625305	0.035188
417	U	0.192442	0.028089
418	G	0.483099	0.222679
419	A	0.277312	0.043306
420	C	0.457498	0.035948
421	U	0.047302	0.029229
422	G	nan	nan
423	A	0.097386	0.02376
424	C	0.30593	0.048143
425	A	0.073131	0.026266
426	A	1.191211	0.041772
427	A	0.728818	0.03504
428	U	0.912567	0.044205
429	G	0.898531	0.078162
430	G	0.881778	0.080041
431	G	0.688904	0.085552
432	U	0.286388	0.039503
433	U	0.18124	0.030748
434	C	0.00674	0.157169
435	A	0.897864	0.052784
436	G	0.178032	0.100941
437	G	1.283928	0.086943
438	G	0.368255	0.162291
439	G	nan	nan
440	G	0.092738	0.133445
441	U	0.03936	0.038424
442	U	0.141518	0.025849
443	A	0.325063	0.028814
444	C	0.880744	0.044867
445	A	0.397588	0.038248
446	A	0.88443	0.035439
447	A	0.404919	0.067397
448	G	0.310352	0.047293
449	C	0.152047	0.073328
450	C	0.181701	0.175771
451	U	0.633991	0.037817
452	U	0.899895	0.058419
453	C	0.080337	0.108374
454	C	nan	nan
455	C	0.339949	0.139376
456	U	0.075618	0.046462
457	G	0.382813	0.139107
458	A	0.481414	0.032799
459	U	0.200263	0.05181
460	A	0.245998	0.023726
461	G	0.705887	0.042987
462	U	nan	nan
463	C	0.071729	0.105516
464	U	1.669305	0.057196
465	U	0.459744	0.037295
466	C	0.114574	0.109452
467	A	2.059495	0.050321
468	U	0.410858	0.059401
469	C	0.823363	0.062753
470	C	nan	nan
471	A	1.552748	0.047265
472	U	0.145109	0.025632
473	U	0.310054	0.031202
474	A	0.164974	0.024673
475	G	0.274156	0.045737
476	C	0.198146	0.080876
477	U	0.751819	0.05846
478	C	0.198146	0.214861
479	C	0.252064	0.118888
480	C	0.090851	0.138568
481	A	0.84222	0.065426
482	U	0.401667	0.040556
483	U	0.740477	0.039765
484	U	1.071352	0.040817
485	C	0.236428	0.146386
486	A	0.256594	0.030256
487	G	0.322541	0.075597
488	G	0.376806	0.075551
489	C	0.149621	0.076023
490	A	0.173253	0.030616
491	G	0.157832	0.090227
492	A	0.223599	0.028079
493	C	0.064496	0.070922
494	U	0.814526	0.043269
495	U	0.305211	0.062077
496	C	0.09112	0.099747
497	C	0.150969	0.136141
498	G	0.337253	0.165796
499	G	0.109452	0.140185
500	G	0.275787	0.129402
501	A	0.233675	0.027776
502	U	0.560311	0.042719
503	G	1.032037	0.048078
504	U	0.394225	0.043297
505	G	0.937353	0.139376
506	G	nan	nan
507	A	3.910757	0.067886
508	G	0.309807	0.07046
509	A	0.579777	0.043661
510	U	0.486538	0.031306
511	U	0.261448	0.05307
512	C	nan	nan
513	C	0.278483	0.110531
514	G	nan	nan
515	G	0.150969	0.126436
516	A	0.078758	0.0223
517	U	0.469247	0.033534
518	A	0.34194	0.026053
519	U	0.444733	0.030413
520	U	0.219809	0.023333
521	G	0.732969	0.039651
522	U	0.114308	0.05147
523	A	2.175624	0.045787
524	U	0.081723	0.016548
525	A	0.453457	0.025152
526	A	0.768972	0.032451
527	G	1.687619	0.079413
528	U	1.160098	0.05005
529	U	0.16269	0.020983
530	U	0.675667	0.028968
531	G	0.286412	0.086251
532	G	0.770783	0.044367
533	U	1.035247	0.064643
534	C	nan	nan
535	C	0.324248	0.062976
536	U	0.602545	0.075115
537	C	0.316764	0.122123
538	C	0.079258	0.112418
539	A	1.175684	0.036207
540	U	0.750864	0.065998
541	C	0.243922	0.044955
542	U	0.546594	0.035364
543	G	0.580982	0.076941
544	A	0.29548	0.034775
545	A	0.962165	0.034366
546	A	0.684125	0.033327
547	C	0.131677	0.03413
548	C	0.159595	0.13048
549	A	0.210934	0.048628
550	G	1.60561	0.073814
551	C	0.196259	0.066588
552	A	0.062917	0.01873
553	G	1.600937	0.047385
554	U	0.912737	0.061666
555	C	0.407615	0.144768
556	C	0.228879	0.122662
557	U	0.48055	0.033852
558	G	0.473112	0.066459
559	C	nan	nan
560	C	nan	nan
561	U	0.984432	0.055919
562	U	0.61046	0.032221
563	U	0.665723	0.030979
564	G	nan	nan
565	A	0.467289	0.027019
566	G	0.501043	0.035872
567	C	0.435382	0.133715
568	G	0.02615	0.144498
569	G	0.003774	0.122932
570	G	nan	nan
571	U	0.536375	0.04583
572	U	0.094379	0.031038
573	U	0.474743	0.028946
574	G	0.501752	0.044496
575	U	0.270758	0.032063
576	U	0.614663	0.048279
577	C	0.00027	0.186284
578	C	0.027767	0.121314
579	C	0.207851	0.13695
580	A	1.660628	0.046832
581	C	0.157978	0.08492
582	A	1.050025	0.040364
583	A	0.813925	0.04054
584	C	0.876618	0.084782
585	U	0.726637	0.085302
586	U	1.400944	0.063337
587	U	0.150679	0.026696
588	U	0.14569	0.028244
589	U	0.719884	0.039193
590	C	nan	nan
591	A	0.167176	0.026643
592	G	0.635055	0.049332
593	C	0.548587	0.043347
594	U	0.794326	0.039967
595	C	0.309271	0.095953
596	G	0.27097	0.098079
597	A	1.219109	0.04367
598	A	0.610757	0.03369
599	U	0.276075	0.034152
600	G	0.039899	0.181432
601	A	0.464744	0.039393
602	C	0.147194	0.085998
603	C	nan	nan
604	U	0.831716	0.066702
605	C	0.004583	0.123471
606	C	0.161752	0.120775
607	U	1.132095	0.049473
608	C	nan	nan
609	G	1.019305	0.059784
610	U	0.152748	0.077186
611	C	0.296815	0.14369
612	U	0.329281	0.035871
613	G	nan	nan
614	A	0.916785	0.039736
615	A	0.968698	0.062946
616	U	0.089503	0.138837
617	U	0.936467	0.04105
618	U	0.098948	0.030829
619	G	3.32286	0.074405
620	U	0.093426	0.033761
621	G	0.949222	0.046703
622	U	0.092659	0.042106
623	G	0.778281	0.046438
624	U	0.595998	0.089598
625	C	0.375265	0.199764
626	C	0.244785	0.160674
627	C	nan	nan
628	C	nan	nan
629	U	1.103177	0.08656
630	C	0.403524	0.067952
631	U	0.590842	0.039436
632	G	1.11892	0.056083
633	U	0.268989	0.032459
634	G	0.152586	0.194372
635	A	0.087301	0.038249
636	C	0.288839	0.036855
637	A	0.254409	0.028637
638	C	0.135811	0.062816
639	C	0.128593	0.141533
640	G	0.584746	0.09008
641	A	0.243666	0.023154
642	U	0.976491	0.051437
643	A	1.237897	0.042634
644	U	0.27283	0.041359
645	G	2.758249	0.069881
646	U	0.067388	0.028615
647	G	1.467498	0.054753
648	U	0.099408	0.024828
649	A	1.58686	0.046602
650	U	0.458486	0.052317
651	C	0.342753	0.071306
652	U	0.297229	0.046133
653	G	1.131547	0.051232
654	U	0.469119	0.033349
655	A	1.796542	0.049168
656	A	0.492974	0.033033
657	U	0.714359	0.066258
658	C	0.244246	0.142072
659	C	0.28037	0.142881
660	U	0.687168	0.040461
661	U	0.216628	0.024405
662	G	0.527998	0.081918
663	A	1.044601	0.040319
664	U	0.040364	0.025829
665	G	0.617623	0.196798
666	A	1.593598	0.046166
667	A	0.777344	0.033281
668	U	0.541405	0.037673
669	A	0.235437	0.028659
670	G	0.617289	0.058444
671	C	0.116262	0.034089
672	U	0.277958	0.030479
673	G	0.303189	0.072982
674	A	0.738987	0.042803
675	A	1.233729	0.043894
676	G	0.938748	0.070571
677	A	0.150233	0.030304
678	G	0.380079	0.069044
679	C	0.015906	0.083572
680	C	nan	nan
681	A	1.101528	0.069435
682	U	0.741569	0.045289
683	U	0.210845	0.021849
684	U	0.77515	0.036725
685	G	0.306642	0.068592
686	A	0.238704	0.026404
687	G	1.096948	0.138837
688	C	0.214591	0.09112
689	C	0.27417	0.126167
690	G	0.849195	0.052146
691	U	0.207787	0.035753
692	U	0.655345	0.033295
693	G	0.625445	0.056732
694	C	0.334106	0.040785
695	U	0.733409	0.03808
696	G	0.248559	0.151238
697	G	0.587983	0.051722
698	U	0.253629	0.089584
699	C	nan	nan
700	C	0.218904	0.150429
701	A	0.692535	0.035484
702	A	0.428828	0.045922
703	G	0.335547	0.091009
704	G	0.636113	0.053776
705	U	0.388039	0.046765
706	C	0.546991	0.194372
707	A	1.16004	0.04753
708	U	0.267554	0.03418
709	U	0.658788	0.03564
710	G	1.9691	0.095513
711	U	0.862353	0.054617
712	U	0.783704	0.035034
713	U	0.334153	0.027694
714	A	0.982922	0.037756
715	U	0.355425	0.032823
716	C	0.207221	0.086141
717	A	1.204147	0.041279
718	U	0.358732	0.028625
719	G	1.572595	0.071988
720	U	1.30767	0.049204
721	U	0.04398	0.021314
722	G	1.112876	0.061905
723	U	0.85196	0.042557
724	U	0.318654	0.047739
725	C	0.517353	0.103166
726	U	1.005499	0.074929
727	U	0.913748	0.039205
728	U	0.356652	0.03086
729	A	1.087466	0.038608
730	U	0.315215	0.034668
731	C	0.327009	0.157169
732	A	1.269505	0.046512
733	C	0.440264	0.038769
734	U	0.806009	0.04205
735	G	1.62532	0.059989
736	U	0.187801	0.034241
737	U	1.238513	0.047431
738	A	0.305552	0.028047
739	C	0.202459	0.037704
740	U	0.901027	0.070846
741	C	0.288997	0.165257
742	C	0.31946	0.145846
743	A	1.784212	0.052903
744	A	0.832286	0.03712
745	U	0.434965	0.0287
746	G	0.299348	0.055288
747	C	0.311103	0.07818
748	U	1.011529	0.047988
749	C	0.2739	0.190059
750	A	0.729527	0.036765
751	U	0.339109	0.036548
752	G	1.57829	0.056771
753	U	0.148244	0.039988
754	C	nan	nan
755	A	0.088982	0.025137
756	G	0.781108	0.069641
757	C	0.155295	0.062887
758	C	nan	nan
759	G	nan	nan
760	A	0.540898	0.040582
761	U	0.473856	0.044164
762	U	0.306978	0.031681
763	C	0.077911	0.183858
764	A	0.726016	0.036975
765	U	0.313172	0.031627
766	U	0.851447	0.045786
767	A	1.350709	0.045202
768	A	0.691934	0.030228
769	U	2.408712	0.06885
770	C	nan	nan
771	C	0.250716	0.139376
772	C	0.034777	0.139107
773	A	0.087919	0.037203
774	G	0.170648	0.17604
775	A	0.344868	0.03617
776	C	0.854637	0.045802
777	A	0.309973	0.02485
778	C	0.093977	0.02734
779	U	1.126059	0.084788
780	C	0.133985	0.157439
781	C	0.433499	0.089912
782	A	0.556958	0.039424
783	A	0.999849	0.039419
784	A	0.171826	0.024781
785	G	0.746756	0.05663
786	C	0.119856	0.031079
787	U	0.399307	0.036141
788	G	nan	nan
789	G	0.223487	0.148542
790	G	0.142072	0.153934
791	C	0.086807	0.082494
792	A	0.386849	0.028383
793	G	0.193739	0.041614
794	C	0.06524	0.066588
795	U	0.62515	0.086964
796	C	0.440774	0.165257
797	C	0.090042	0.118618
798	A	1.129636	0.039954
799	U	0.786764	0.037275
800	G	0.567512	0.058817
801	C	0.076999	0.038292
802	U	0.811888	0.075515
803	A	0.464637	0.041821
804	A	1.283008	0.045028
805	A	0.295423	0.023721
806	A	0.891516	0.040228
807	U	0.538514	0.029858
808	U	0.359214	0.032089
809	G	0.412612	0.080446
810	G	0.434068	0.07205
811	C	0.059848	0.064701
812	U	0.614283	0.035615
813	A	1.768489	0.11727
814	C	0.708229	0.04258
815	A	0.454826	0.028468
816	A	1.499737	0.042961
817	A	0.640474	0.03067
818	U	0.334535	0.07513
819	C	nan	nan
820	C	nan	nan
821	A	0.416263	0.028835
822	U	0.431029	0.031069
823	A	0.497997	0.030339
824	G	1.039099	0.054114
825	C	0.198397	0.050605
826	G	1.013909	0.068001
827	A	0.556617	0.031308
828	U	0.865011	0.036601
829	A	0.967131	0.044035
830	G	1.895744	0.158781
831	A	0.246739	0.04572
832	A	1.584869	0.052995
833	A	0.075953	0.02037
834	A	0.236814	0.02468
835	A	0.198595	0.036416
836	G	0.368086	0.047707
837	C	0.111279	0.04419
838	U	0.468682	0.042987
839	U	0.589804	0.037278
840	G	1.166163	0.05022
841	U	0.141496	0.049281
842	G	0.678819	0.18251
843	A	0.761375	0.044267
844	A	0.752835	0.04294
845	U	0.570784	0.037552
846	U	0.446373	0.037049
847	C	0.435113	0.184128
848	A	0.126278	0.027641
849	A	0.83733	0.035038
850	A	1.221997	0.040085
851	U	0.753651	0.033095
852	G	1.194502	0.061111
853	U	0.098057	0.031278
854	U	0.257351	0.036341
855	C	0.311642	0.178466
856	C	0.13048	0.124549
857	U	0.405183	0.033948
858	G	0.159256	0.038566
859	U	0.094404	0.054589
860	C	0.141533	0.150699
861	C	nan	nan
862	U	0.045541	0.035508
863	G	0.498254	0.102723
864	U	0.047813	0.039547
865	U	0.230177	0.02729
866	U	0.026781	0.018064
867	A	0.928136	0.038894
868	U	0.556025	0.032717
869	G	1.321726	0.049069
870	U	0.111397	0.022281
871	A	0.204369	0.023608
872	G	nan	nan
873	G	0.093007	0.156899
874	A	0.218848	0.041351
875	C	nan	nan
876	U	3.202327	0.064937
877	U	0.721096	0.060207
878	C	0.824263	0.134099
879	U	0.736907	0.083894
880	U	1.583667	0.065389
881	U	0.321357	0.027974
882	U	0.474947	0.03278
883	U	0.828964	0.034323
884	G	0.295042	0.068206
885	C	0.297624	0.083302
886	U	0.802108	0.045405
887	C	0.164987	0.202999
888	A	0.529695	0.031718
889	U	0.948276	0.05674
890	A	0.883006	0.041225
891	U	0.113776	0.028502
892	U	0.416061	0.0334
893	G	0.600307	0.105941
894	A	0.788572	0.043928
895	U	0.703966	0.03927
896	U	0.557465	0.060732
897	C	0.196798	0.164178
898	C	0.124819	0.129671
899	G	0.159865	0.207312
900	A	0.720391	0.038624
901	C	0.322149	0.033551
902	U	0.335198	0.04462
903	A	0.320692	0.026762
904	G	0.574764	0.049784
905	C	0.119966	0.078989
906	U	0.213167	0.028682
907	U	0.342523	0.028621
908	G	0.240202	0.049302
909	C	0.294389	0.072249
910	A	0.767943	0.035037
911	G	0.19498	0.080548
912	G	0.518146	0.047964
913	U	0.493931	0.059086
914	C	nan	nan
915	C	0.180084	0.113766
916	U	0.123781	0.049576
917	A	0.962935	0.033846
918	U	0.071683	0.02752
919	A	0.161524	0.026952
920	G	0.543689	0.079202
921	A	0.423454	0.03042
922	A	0.556057	0.028832
923	U	0.048043	0.06329
924	C	0.190598	0.118618
925	U	0.927262	0.038628
926	A	0.378225	0.021945
927	U	0.037892	0.112098
928	C	0.242089	0.101634
929	U	0.181039	0.023791
930	A	1.11135	0.036324
931	C	0.38269	0.033606
932	U	0.954773	0.050609
933	C	0.131558	0.152047
934	C	0.094895	0.102443
935	U	0.404522	0.027559
936	G	0.80131	0.066612
937	C	0.06497	0.161752
938	U	0.272373	0.029337
939	U	0.211086	0.066049
940	G	1.006435	0.042248
941	U	0.087792	0.032739
942	A	1.719948	0.047741
943	U	0.32385	0.02988
944	U	1.049034	0.050939
945	C	0.370143	0.148273
946	C	0.201112	0.114844
947	C	0.224566	0.131289
948	U	1.030679	0.039669
949	C	0.167841	0.061712
950	G	0.883409	0.045309
951	U	0.283165	0.027084
952	G	0.38553	0.086915
953	A	1.002568	0.043183
954	U	0.724317	0.034561
955	U	0.687138	0.031925
956	C	nan	nan
957	G	0.758724	0.091224
958	G	0.464616	0.04326
959	U	0.812021	0.037592
960	G	0.497973	0.05511
961	C	0.164918	0.0537
962	A	1.498564	0.044631
963	U	0.724596	0.036836
964	U	0.602903	0.038574
965	C	nan	nan
966	A	0.868197	0.0323
967	C	0.180965	0.050171
968	U	0.854958	0.034369
969	A	0.984986	0.034423
970	U	0.505901	0.03666
971	G	0.713433	0.071548
972	A	2.774058	0.058882
973	G	nan	nan
974	A	0.406806	0.066049
975	G	0.433645	0.050496
976	C	0.377107	0.086519
977	A	0.702643	0.046028
978	A	0.711276	0.03241
979	A	0.759695	0.077371
980	G	1.051394	0.043272
981	U	0.386554	0.035256
982	C	nan	nan
983	A	1.883493	0.043494
984	U	0.096692	0.030719
985	C	0.089503	0.105139
986	A	0.18634	0.038044
987	G	2.448951	0.067798
988	A	0.597295	0.038143
989	G	1.049385	0.067493
990	G	0.571008	0.098554
991	A	0.669402	0.045041
992	U	0.077178	0.023847
993	U	0.7174	0.034798
994	G	0.172805	0.120505
995	G	0.026959	0.124819
996	A	0.594054	0.038267
997	G	0.750202	0.052441
998	U	0.333098	0.064732
999	C	0.173344	0.153395
1000	C	0.149351	0.147464
1001	G	0.677563	0.053397
1002	U	0.475992	0.075515
1003	C	0.058448	0.08453
1004	C	nan	nan
1005	C	0.039629	0.148542
1006	A	0.725314	0.045388
1007	C	nan	nan
1008	C	nan	nan
1009	A	0.296815	0.067397
1010	G	0.349523	0.042106
1011	U	0.662018	0.042327
1012	A	1.034741	0.042351
1013	U	0.633054	0.038041
1014	G	1.34246	0.071309
1015	U	1.851502	0.057134
1016	U	0.050632	0.021835
1017	G	1.084542	0.104913
1018	U	0.480018	0.070234
1019	U	0.836931	0.04002
1020	U	0.195708	0.025847
1021	U	0.430638	0.029467
1022	G	0.105967	0.133848
1023	G	0.61914	0.049553
1024	U	0.727211	0.044667
1025	G	0.383835	0.043506
1026	U	0.102666	0.031942
1027	A	0.70993	0.037342
1028	C	0.152586	0.088964
1029	C	0.244515	0.146116
1030	U	1.373682	0.104675
1031	C	0.825744	0.261499
1032	U	0.9147	0.098754
1033	U	1.480488	0.066855
1034	U	0.260753	0.031035
1035	U	0.615709	0.032876
1036	G	0.467808	0.058824
1037	U	0.227861	0.063523
1038	C	0.004044	0.158787
1039	C	0.188441	0.147464
1040	U	0.405738	0.03181
1041	A	0.10796	0.030201
1042	G	0.624218	0.071912
1043	A	1.076299	0.106953
1044	U	0.63589	0.042861
1045	U	0.547207	0.041106
1046	U	0.268971	0.023554
1047	A	0.474761	0.030988
1048	G	0.336714	0.16283
1049	G	0.023993	0.146116
1050	A	0.301766	0.046917
1051	U	0.05547	0.023591
1052	U	0.937211	0.043479
1053	G	nan	nan
1054	A	0.472014	0.040261
1055	G	0.067127	0.161213
1056	A	0.256084	0.032109
1057	C	0.30032	0.122392
1058	U	0.50122	0.064949
1059	C	0.153664	0.155012
1060	C	0.100556	0.13695
1061	U	0.495554	0.118765
1062	A	0.153564	0.032153
1063	A	0.939808	0.037228
1064	A	0.171488	0.020669
1065	A	0.314449	0.039315
1066	C	0.217626	0.032846
1067	U	0.90047	0.041179
1068	G	0.872035	0.047639
1069	U	0.582242	0.03885
1070	A	0.396054	0.02573
1071	C	0.284704	0.045167
1072	U	0.485049	0.032635
1073	U	0.042629	0.037892
1074	A	0.201776	0.066943
1075	G	0.235004	0.05558
1076	C	0.212407	0.044371
1077	A	0.600364	0.030036
1078	U	0.359598	0.029251
1079	G	0.831176	0.066358
1080	U	0.704293	0.040578
1081	U	0.528484	0.031282
1082	G	1.030899	0.245593
1083	A	0.565245	0.033932
1084	A	0.45263	0.030243
1085	C	0.164786	0.029724
1086	A	0.28454	0.025268
1087	U	0.293991	0.028483
1088	G	0.334572	0.060019
1089	C	0.229688	0.160134
1090	C	0.569668	0.106503
1091	C	nan	nan
1092	A	0.650426	0.034507
1093	U	1.109904	0.060559
1094	C	nan	nan
1095	A	0.05115	0.034346
1096	U	0.103485	0.036946
1097	C	nan	nan
1098	A	1.2925	0.047572
1099	U	1.173181	0.049379
1100	U	0.497309	0.06789
1101	C	0.073523	0.088723
1102	C	0.196798	0.146116
1103	A	0.422421	0.050062
1104	G	0.242358	0.153125
1105	G	nan	nan
1106	A	1.277841	0.121314
1107	C	0.170408	0.044371
1108	U	0.600187	0.052238
1109	C	nan	nan
1110	A	1.087592	0.045474
1111	A	1.233175	0.050044
1112	U	0.877687	0.044426
1113	G	0.224296	0.126706
1114	A	0.588904	0.049678
1115	G	0.371675	0.067702
1116	G	0.745946	0.201112
1117	C	0.317097	0.070154
1118	U	0.586324	0.042638
1119	G	0.512301	0.048816
1120	U	0.172328	0.051646
1121	A	0.465436	0.037809
1122	C	0.20246	0.083302
1123	C	0.009436	0.183049
1124	A	0.51559	0.037948
1125	U	0.222174	0.085692
1126	C	0.191119	0.064064
1127	U	0.717583	0.040381
1128	A	1.278971	0.048559
1129	U	1.199579	0.050146
1130	U	0.210505	0.030459
1131	A	0.252963	0.030419
1132	G	0.32545	0.068092
1133	A	1.916893	0.079665
1134	A	0.124583	0.045618
1135	G	1.201757	0.10943
1136	A	1.01846	0.062021
1137	G	0.352436	0.085082
1138	G	1.120941	0.19599
1139	C	0.270126	0.111609
1140	C	nan	nan
1141	U	0.70521	0.055031
1142	U	0.122122	0.033305
1143	A	1.130497	0.07365
1144	U	0.248938	0.069147
1145	C	0.160524	0.081682
1146	U	1.517048	0.063367
1147	U	0.036161	0.046217
1148	C	0.932929	0.076185
1149	U	nan	nan
1150	C	nan	nan
1151	U	0.20654	0.033859
1152	A	1.975446	0.090728
1153	U	0.673386	0.059841
1154	U	0.552821	0.043562
1155	U	0.338535	0.036214
1156	U	0.235633	0.059822
1157	C	0.586119	0.088337
1158	U	0.692123	0.079136
1159	U	0.59825	0.044367
1160	U	0.149081	0.09786
1161	C	0.50564	0.088005
1162	U	0.592794	0.04691
1163	U	0.509517	0.036902
1164	G	1.35259	0.088611
1165	U	0.11877	0.032257
1166	U	0.221301	0.032155
1167	G	nan	nan
1168	A	0.166104	0.031708
1169	C	0.129563	0.045789
1170	U	0.429661	0.045544
1171	C	0.156091	0.178736
1172	A	1.211167	0.052612
1173	U	0.405998	0.07171
1174	U	0.184861	0.026996
1175	G	0.428333	0.094846
1176	A	0.060485	0.033421
1177	A	1.739016	0.049241
1178	A	0.367378	0.028235
1179	U	1.053826	0.04926
1180	A	0.74419	0.043795
1181	U	0.290504	0.039428
1182	U	0.363756	0.033699
1183	U	0.471536	0.035974
1184	C	0.216209	0.13695
1185	A	0.336724	0.035094
1186	G	0.707935	0.186284
1187	G	0.995177	0.067724
1188	U	0.229886	0.042579
1189	C	nan	nan
1190	A	0.430117	0.028881
1191	A	0.445202	0.028197
1192	U	0.398804	0.03248
1193	G	1.195301	0.103046
1194	U	0.390166	0.060045
1195	U	0.285141	0.033625
1196	U	0.198171	0.024629
1197	G	0.246073	0.050964
1198	C	0.195181	0.071171
1199	U	0.173064	0.025522
1200	A	0.33373	0.0246
1201	G	0.179507	0.063567
1202	C	0.179091	0.041655
1203	A	1.348371	0.062265
1204	U	0.492749	0.044889
1205	U	0.576125	0.032359
1206	U	0.470778	0.034523
1207	C	0.371221	0.126167
1208	U	0.267852	0.028536
1209	G	0.650742	0.061274
1210	C	0.063892	0.059579
1211	U	0.122928	0.028673
1212	G	0.319191	0.150969
1213	G	0.115653	0.080067
1214	U	0.096242	0.043134
1215	A	0.856884	0.034644
1216	U	0.131003	0.06955
1217	C	0.323813	0.06596
1218	U	1.009195	0.04531
1219	G	2.598082	0.071924
1220	U	0.052373	0.027058
1221	G	1.031775	0.052969
1222	U	0.480291	0.037282
1223	U	0.430933	0.035525
1224	C	nan	nan
1225	G	0.511821	0.063269
1226	A	0.428642	0.028382
1227	A	0.402811	0.027003
1228	G	0.271562	0.05946
1229	C	0.171996	0.086268
1230	U	0.733916	0.041211
1231	U	2.231703	0.055788
1232	C	0.179275	0.107835
1233	A	0.557562	0.028822
1234	U	0.630581	0.033733
1235	G	0.280683	0.055374
1236	C	0.903655	0.184397
1237	U	0.445538	0.067949
1238	U	0.921287	0.044942
1239	U	0.13406	0.024671
1240	U	0.110767	0.041849
1241	A	0.71138	0.039296
1242	C	0.18006	0.054052
1243	U	0.169502	0.061634
1244	U	0.652268	0.034809
1245	U	0.412796	0.031141
1246	C	nan	nan
1247	G	nan	nan
1248	A	0.365024	0.026793
1249	A	0.515183	0.033074
1250	C	0.488392	0.036351
1251	A	0.43457	0.029568
1252	U	0.303461	0.036744
1253	G	0.872132	0.050368
1254	U	0.000539	0.067666
1255	A	1.344147	0.041947
1256	U	0.445591	0.067369
1257	C	nan	nan
1258	C	0.78288	0.179814
1259	U	0.284269	0.075122
1260	U	0.993514	0.046478
1261	U	0.287541	0.031741
1262	U	0.546522	0.059974
1263	C	0.359089	0.146925
1264	C	nan	nan
1265	U	0.28968	0.03657
1266	A	0.166835	0.032261
1267	G	0.919525	0.080171
1268	C	nan	nan
1269	C	0.676932	0.171996
1270	U	0.439984	0.04585
1271	U	0.518881	0.044895
1272	G	0.738856	0.071802
1273	C	0.146655	0.092199
1274	C	nan	nan
1275	A	1.359534	0.100969
1276	U	0.425777	0.05868
1277	U	1.033325	0.055007
1278	U	0.413528	0.038887
1279	U	0.625069	0.040508
1280	A	1.394661	0.057004
1281	U	0.303765	0.035827
1282	U	0.615815	0.039512
1283	C	nan	nan
1284	G	0.930681	0.091561
1285	A	1.925963	0.066035
1286	G	0.2216	0.223757
1287	A	0.810685	0.046609
1288	A	0.159025	0.036108
1289	C	0.615303	0.051159
1290	A	0.387157	0.035746
1291	U	0.370429	0.044193
1292	U	1.033185	0.051036
1293	A	1.626468	0.064548
1294	U	0.372433	0.036492
1295	A	0.480028	0.04265
1296	G	0.708849	0.115913
1297	G	0.428688	0.061585
1298	U	0.838893	0.053748
1299	G	0.154204	0.075333
1300	C	0.187632	0.087885
1301	A	1.303444	0.057157
1302	A	0.603071	0.039889
1303	U	0.212703	0.042555
1304	G	0.243625	0.088655
1305	C	0.476899	0.094895
1306	U	0.796099	0.053576
1307	C	nan	nan
1308	A	0.267065	0.031123
1309	A	0.350162	0.039596
1310	G	0.478786	0.177118
1311	A	0.190226	0.04613
1312	C	0.395225	0.038469
1313	A	0.778274	0.040033
1314	U	0.336061	0.03604
1315	U	0.564861	0.071433
1316	C	0.114035	0.164717
1317	C	0.003774	0.132637
1318	U	0.736752	0.065209
1319	A	0.389879	0.032206
1320	A	0.402782	0.030109
1321	A	0.522131	0.037154
1322	C	0.164448	0.068475
1323	C	nan	nan
1324	A	0.814366	0.046155
1325	U	0.294069	0.03897
1326	U	1.0383	0.053305
1327	C	0.089503	0.16337
1328	A	0.40062	0.04079
1329	G	0.293263	0.095297
1330	G	0.345071	0.14989
1331	U	0.044839	0.070732
1332	U	0.355568	0.031708
1333	G	nan	nan
1334	A	0.795986	0.067602
1335	U	0.232306	0.049812
1336	U	0.582097	0.052437
1337	U	0.329946	0.046679
1338	C	0.358115	0.08018
1339	U	0.462179	0.045152
1340	U	0.397774	0.034947
1341	G	1.010212	0.062051
1342	U	0.623348	0.042619
1343	U	0.21439	0.024654
1344	A	0.977103	0.042968
1345	U	0.326987	0.034411
1346	G	1.600437	0.060419
1347	U	0.048795	0.077641
1348	A	0.242153	0.025987
1349	U	0.044539	0.0251
1350	G	1.10133	0.056803
1351	U	0.715206	0.043616
1352	U	0.141928	0.027683
1353	A	0.835849	0.041679
1354	U	0.369968	0.041032
1355	C	0.261844	0.086334
1356	A	0.850323	0.042224
1357	U	0.50835	0.038384
1358	U	0.642473	0.040047
1359	G	0.849026	0.06902
1360	C	0.405189	0.106487
1361	C	0.013479	0.139915
1362	A	0.350713	0.042276
1363	G	0.380292	0.090607
1364	G	0.04583	0.189789
1365	A	0.705851	0.040566
1366	A	0.233319	0.032829
1367	C	0.191882	0.035089
1368	A	0.435648	0.031106
1369	U	1.44795	0.166065
1370	C	0.076563	0.121044
1371	C	0.261769	0.141803
1372	U	0.686577	0.040787
1373	A	0.781706	0.061428
1374	G	0.586258	0.09299
1375	G	1.301564	0.202999
1376	G	0.287488	0.086272
1377	U	0.165514	0.043887
1378	U	0.951102	0.141533
1379	C	0.135063	0.150969
1380	U	0.528786	0.040559
1381	G	0.25008	0.098484
1382	A	0.931799	0.079057
1383	U	0.663813	0.057294
1384	U	0.290482	0.035845
1385	U	0.070524	0.030674
1386	U	0.552101	0.041194
1387	C	0.189519	0.157978
1388	A	1.161005	0.049494
1389	U	0.784833	0.041127
1390	U	0.079563	0.085764
1391	C	0.540667	0.089891
1392	C	0.171996	0.132906
1393	A	1.549229	0.07404
1394	U	0.94686	0.057134
1395	U	0.122053	0.025129
1396	U	0.523338	0.033428
1397	G	0.573114	0.142973
1398	G	0.964219	0.061257
1399	U	1.003981	0.055464
1400	G	1.162656	0.086812
1401	U	1.1901	0.051211
1402	U	0.131542	0.028531
1403	G	1.073885	0.049258
1404	U	0.100312	0.064711
1405	C	0.365882	0.06989
1406	U	nan	nan
1407	C	0.226453	0.14369
1408	C	0.081685	0.107026
1409	A	0.998844	0.045282
1410	G	0.910056	0.051904
1411	U	0.432347	0.042683
1412	G	0.347195	0.093605
1413	A	1.245449	0.051172
1414	U	0.721885	0.039723
1415	U	0.4612	0.036236
1416	G	1.45002	0.060288
1417	U	0.101021	0.030105
1418	G	0.631511	0.077198
1419	A	0.346688	0.077102
1420	A	1.239366	0.047849
1421	A	0.811456	0.089233
1422	G	1.914565	0.086977
1423	A	0.029115	0.046099
1424	G	0.142881	0.140455
1425	A	0.183979	0.02971
1426	G	0.173467	0.048079
1427	C	0.200781	0.042905
1428	U	0.697043	0.07109
1429	C	0.459645	0.141803
1430	U	0.529629	0.042568
1431	G	2.756444	0.070174
1432	U	0.040239	0.031073
1433	G	1.017099	0.052667
1434	U	0.080521	0.124097
1435	C	0.344262	0.173075
1436	U	0.925941	0.042387
1437	U	0.255395	0.034673
1438	G	1.430725	0.051896
1439	U	0.107735	0.024912
1440	G	0.272283	0.181701
1441	A	0.553308	0.03375
1442	A	0.688032	0.035526
1443	U	0.246296	0.026434
1444	U	0.21112	0.022973
1445	A	0.4198	0.033077
1446	G	1.178447	0.050215
1447	U	0.184271	0.043606
1448	C	nan	nan
1449	A	1.689456	0.045831
1450	U	0.050464	0.039984
1451	C	nan	nan
1452	A	1.831358	0.094368
1453	U	0.858199	0.054794
1454	U	0.887063	0.039426
1455	U	0.069406	0.022126
1456	U	0.603995	0.032437
1457	U	0.081851	0.047948
1458	C	0.402848	0.0772
1459	U	0.545302	0.040177
1460	C	nan	nan
1461	A	1.174412	0.040046
1462	C	0.157439	0.056344
1463	A	2.092624	0.054964
1464	A	0.054187	0.045021
1465	C	0.285604	0.043151
1466	A	1.020174	0.051783
1467	U	0.466363	0.041234
1468	U	0.182844	0.028233
1469	U	0.317424	0.02768
1470	G	0.438528	0.050852
1471	C	0.331322	0.082224
1472	C	nan	nan
1473	A	0.300004	0.029205
1474	G	1.232447	0.085859
1475	U	0.697724	0.046338
1476	U	0.183851	0.02373
1477	U	0.320047	0.035914
1478	A	0.321792	0.02543
1479	G	0.512264	0.047264
1480	C	nan	nan
1481	U	0.311465	0.055598
1482	U	0.627581	0.048295
1483	U	0.649214	0.053147
1484	C	nan	nan
1485	U	0.744088	0.066811
1486	U	0.653473	0.03735
1487	U	0.231064	0.03293
1488	U	0.657847	0.036871
1489	C	0.259342	0.149081
1490	A	1.278944	0.045594
1491	U	0.231633	0.029537
1492	U	0.587038	0.030829
1493	G	0.52559	0.048987
1494	C	0.060657	0.081954
1495	C	0.270395	0.121853
1496	U	0.764102	0.087506
1497	C	0.211356	0.107565
1498	C	nan	nan
1499	A	0.473664	0.030829
1500	A	0.804967	0.037121
1501	C	0.311642	0.066049
1502	U	0.234106	0.027125
1503	G	0.254759	0.13668
1504	G	0.280541	0.065981
1505	A	0.449782	0.039114
1506	A	0.449131	0.070362
1507	G	0.787193	0.09139
1508	U	0.03139	0.098359
1509	C	0.298972	0.146386
1510	C	0.044212	0.128593
1511	A	0.193256	0.026534
1512	G	0.655938	0.056601
1513	A	0.615499	0.056588
1514	U	0.398284	0.034288
1515	U	0.522577	0.027206
1516	G	1.110131	0.06495
1517	U	0.179899	0.032877
1518	U	0.648456	0.033796
1519	C	nan	nan
1520	A	0.185309	0.028007
1521	A	0.228903	0.022089
1522	G	0.480687	0.046092
1523	C	nan	nan
1524	U	0.995723	0.040544
1525	U	0.276454	0.04663
1526	C	0.314914	0.045288
1527	U	0.304188	0.044608
1528	C	nan	nan
1529	A	1.0046	0.035412
1530	C	0.237904	0.040782
1531	A	0.539719	0.03448
1532	A	1.323216	0.039879
1533	A	0.162388	0.031729
1534	U	0.386222	0.031344
1535	G	0.109041	0.042836
1536	C	0.351271	0.073328
1537	U	0.815665	0.05738
1538	C	0.162291	0.165526
1539	C	nan	nan
1540	U	0.729929	0.045446
1541	C	0.126167	0.131558
1542	G	0.50084	0.061266
1543	C	0.190867	0.062544
1544	U	0.485315	0.043557
1545	A	0.771983	0.03227
1546	A	0.486747	0.030076
1547	U	0.60277	0.031595
1548	G	0.954361	0.082095
1549	U	0.17685	0.038279
1550	U	0.453365	0.030985
1551	U	0.368828	0.034703
1552	C	0.174153	0.153934
1553	A	0.192169	0.023413
1554	A	1.378591	0.040014
1555	C	nan	nan
1556	A	0.515515	0.037227
1557	A	1.58419	0.042492
1558	A	0.128551	0.028814
1559	A	0.168601	0.02162
1560	U	1.100443	0.0389
1561	A	0.126334	0.033161
1562	C	1.286541	0.05569
1563	A	nan	nan
1564	C	0.301937	0.081685
1565	A	0.174304	0.029092
1566	A	0.753975	0.032048
1567	A	0.610527	0.030519
1568	U	0.185761	0.0482
1569	C	0.114574	0.136141
1570	C	0.044212	0.136141
1571	U	0.726169	0.069215
1572	C	0.214861	0.11107
1573	U	0.679089	0.081146
1574	G	0.322156	0.165526
1575	A	0.895047	0.069173
1576	U	0.150959	0.050689
1577	U	0.263416	0.031539
1578	U	0.289816	0.026504
1579	G	0.91335	0.057696
1580	C	0.6586	0.120505
1581	A	0.280622	0.03426
1582	U	0.277674	0.153934
1583	C	0.348845	0.146386
1584	C	0.40411	0.13021
1585	C	0.493883	0.181432
1586	G	0.537719	0.072986
1587	G	0.445956	0.086707
1588	G	0.363352	0.055296
1589	U	0.701971	0.051588
1590	G	0.374028	0.077143
1591	U	0.663453	0.11107
1592	U	0.366333	0.03162
1593	G	0.091504	0.065211
1594	C	0.513563	0.123471
1595	A	0.831834	0.035643
1596	A	0.834311	0.044225
1597	U	0.28711	0.076023
1598	U	0.553798	0.031158
1599	G	0.159376	0.047494
1600	C	0.328087	0.101365
1601	U	1.035544	0.061748
1602	C	nan	nan
1603	U	1.713886	0.058535
1604	U	0.50898	0.095973
1605	C	0.606227	0.0563
1606	U	0.003774	0.100556
1607	C	nan	nan
1608	U	0.512864	0.060689
1609	U	0.559705	0.033055
1610	U	0.450158	0.034209
1611	A	0.68347	0.033192
1612	A	1.79425	0.056341
1613	U	0.576884	0.046771
1614	U	0.314304	0.0287
1615	U	0.497307	0.031722
1616	G	0.708176	0.049496
1617	C	0.2216	0.112418
1618	C	0.301128	0.136141
1619	U	0.978101	0.070786
1620	C	0.074406	0.290614
1621	U	0.53513	0.102443
1622	U	0.851771	0.045207
1623	U	0.370708	0.039909
1624	C	0.007009	0.14342
1625	A	0.190258	0.028554
1626	G	1.04545	0.058151
1627	C	0.295197	0.099477
1628	G	0.97386	0.055497
1629	U	0.799371	0.082247
1630	C	1.110697	0.238584
1631	U	0.677353	0.081424
1632	U	0.956466	0.051332
1633	U	0.095856	0.02636
1634	U	0.33556	0.030267
1635	G	0.635572	0.043004
1636	U	0.226519	0.03928
1637	C	0.321347	0.215939
1638	A	0.834707	0.046993
1639	U	0.313148	0.034993
1640	U	0.343111	0.030534
1641	G	1.884675	0.060157
1642	U	0.03289	0.060118
1643	G	0.915078	0.064738
1644	U	0.304521	0.036527
1645	U	0.376009	0.032098
1646	C	0.033698	0.179545
1647	A	0.856053	0.036599
1648	G	0.939957	0.042824
1649	U	0.702855	0.036524
1650	G	0.701582	0.038357
1651	U	0.115383	0.113496
1652	C	0.136411	0.170648
1653	A	0.902787	0.030636
1654	A	0.58452	0.0335
1655	U	0.271056	0.023511
1656	G	0.398324	0.039275
1657	C	0.281718	0.073328
1658	U	0.834961	0.048314
1659	C	nan	nan
1660	U	0.197084	0.027824
1661	U	0.307514	0.02184
1662	A	1.246762	0.034225
1663	U	0.03381	0.020295
1664	U	0.125627	0.03289
1665	A	0.147739	0.022208
1666	G	0.720445	0.05094
1667	A	0.79068	0.039431
1668	U	0.191344	0.028739
1669	A	0.141974	0.017917
1670	G	0.158548	0.036887
1671	C	nan	nan
1672	U	1.540259	0.039486
1673	U	0.220396	0.042951
1674	C	0.734041	0.040635
1675	U	0.078119	0.05659
1676	C	0.024802	0.148542
1677	U	0.43824	0.031461
1678	U	0.127006	0.019588
1679	G	1.186272	0.072214
1680	U	0.949313	0.040769
1681	U	0.275837	0.020238
1682	U	0.079856	0.017098
1683	A	0.26109	0.0222
1684	G	1.016258	0.038283
1685	U	0.076293	0.09139
1686	C	0.647347	0.059203
1687	U	nan	nan
1688	C	0.102223	0.058449
1689	U	0.654042	0.031843
1690	G	2.268738	0.087299
1691	U	0.39821	0.03852
1692	U	0.652694	0.029306
1693	U	nan	nan
1694	C	0.294998	0.142853
1695	U	0.489194	0.031904
1696	U	0.131983	0.042982
1697	C	0.197877	0.267969
1698	U	0.364933	0.047281
1699	U	0.434813	0.025923
1700	U	0.334016	0.042224
1701	C	0.13695	0.113766
1702	C	0.119157	0.107835
1703	U	0.302489	0.02858
1704	A	2.028747	0.046704
1705	U	0.288586	0.028038
1706	U	0.489564	0.024865
1707	G	1.03718	0.052252
1708	U	0.400008	0.032316
1709	U	0.476141	0.037877
1710	C	0.54878	0.092257
1711	U	0.68744	0.064617
1712	U	0.87701	0.029878
1713	U	0.086301	0.020992
1714	G	2.309192	0.047349
1715	U	nan	nan
1716	G	0.540591	0.030842
1717	U	0.051711	0.020098
1718	G	nan	nan
1719	A	0.263386	0.059848
1720	C	0.193294	0.062814
1721	C	nan	nan
1722	A	0.575537	0.059539
1723	U	0.500972	0.037204
1724	U	0.55285	0.0253
1725	U	0.1926	0.02283
1726	U	0.221417	0.035881
1727	C	0.528897	0.058283
1728	U	0.39279	0.025555
1729	U	0.095059	0.015806
1730	G	0.100017	0.145846
1731	G	0.445627	0.098938
1732	U	0.019949	0.068205
1733	C	nan	nan
1734	A	0.318652	0.022575
1735	U	0.210913	0.024574
1736	G	0.225008	0.055508
1737	U	0.08754	0.029096
1738	U	0.083473	0.021004
1739	G	0.377903	0.035216
1740	U	0.444566	0.065815
1741	C	nan	nan
1742	C	0.053917	0.152586
1743	C	0.074945	0.171457
1744	U	0.179524	0.049207
1745	U	0.040118	0.0529
1746	A	0.999918	0.058949
1747	C	0.270935	0.107565
1748	C	nan	nan
1749	C	nan	nan
1750	U	0.657915	0.051302
1751	U	0.440789	0.077322
1752	C	nan	nan
1753	U	0.501592	0.077389
1754	U	0.95613	0.049701
1755	U	0.245809	0.033732
1756	U	0.148734	0.030389
1757	U	0.118717	0.047453
1758	C	0.254498	0.080517
1759	U	0.73926	0.074972
1760	U	0.262592	0.02658
1761	U	0.103231	0.032148
1762	G	0.050413	0.170109
1763	G	0.107565	0.147464
1764	A	0.589557	0.048946
1765	A	0.904575	0.047996
1766	G	0.655473	0.05204
1767	U	0.511375	0.043523
1768	G	0.80393	0.060552
1769	C	0.303027	0.082161
1770	G	1.310286	0.063216
1771	U	0.284466	0.037751
1772	U	0.90075	0.043457
1773	G	1.230942	0.055545
1774	U	0.369246	0.038032
1775	U	0.219769	0.03126
1776	A	1.716231	0.061849
1777	U	0.198683	0.038395
1778	U	0.369616	0.029921
1779	U	nan	nan
1780	C	0.349115	0.133985
1781	C	0.19545	0.135063
1782	A	0.692432	0.102678
1783	U	0.451457	0.04414
1784	U	0.403772	0.030531
1785	U	0.563176	0.049199
1786	C	0.166335	0.149351
1787	C	0.177145	0.07778
1788	U	1.249608	0.085738
1789	C	0.558853	0.153395
1790	U	0.896401	0.077477
1791	U	0.202345	0.036081
1792	U	0.398173	0.029518
1793	G	1.21961	0.054474
1794	U	0.036917	0.136603
1795	C	0.235888	0.15636
1796	C	nan	nan
1797	A	0.981032	0.054704
1798	U	0.095412	0.02705
1799	U	0.452614	0.037868
1800	G	0.704502	0.09082
1801	A	0.531422	0.036858
1802	G	0.933441	0.056412
1803	U	0.224741	0.099797
1804	C	0.442661	0.174692
1805	C	0.207043	0.14989
1806	A	0.694408	0.037975
1807	U	0.539255	0.046041
1808	C	0.207312	0.129671
1809	A	1.574411	0.052064
1810	C	0.128862	0.063892
1811	A	0.488876	0.041985
1812	U	0.630502	0.060475
1813	C	0.053378	0.150969
1814	C	0.418668	0.15663
1815	C	0.173344	0.15636
1816	U	0.225056	0.036567
1817	G	0.183319	0.193563
1818	A	0.570154	0.040313
1819	G	0.366875	0.046819
1820	U	0.594464	0.05819
1821	A	0.166513	0.024489
1822	A	0.749401	0.037658
1823	A	0.63791	0.033993
1824	U	0.329433	0.057416
1825	C	0.322156	0.146925
1826	U	0.627825	0.040443
1827	A	0.988359	0.041347
1828	U	0.318067	0.056305
1829	U	0.241998	0.027163
1830	A	0.15846	0.026111
1831	G	0.927245	0.055887
1832	C	0.274439	0.093816
1833	C	0.196529	0.14989
1834	U	0.539193	0.041222
1835	U	0.523843	0.060711
1836	C	nan	nan
1837	C	nan	nan
1838	U	0.468069	0.040657
1839	G	0.545374	0.20246
1840	A	0.693833	0.041982
1841	U	0.293345	0.043376
1842	U	0.293883	0.038508
1843	C	0.415433	0.206503
1844	A	0.736471	0.041193
1845	U	0.262892	0.032331
1846	U	0.538437	0.034474
1847	A	0.184487	0.025671
1848	G	0.936435	0.054734
1849	C	0.040438	0.093547
1850	C	0.059579	0.152586
1851	G	1.219018	0.067475
1852	U	0.350186	0.036541
1853	U	1.285864	0.055554
1854	A	0.363657	0.030394
1855	A	0.26541	0.023053
1856	A	0.270987	0.02943
1857	C	0.085729	0.066857
1858	C	nan	nan
1859	G	0.633905	0.078896
1860	U	0.099755	0.034003
1861	U	0.456986	0.037317
1862	C	nan	nan
1863	G	0.081685	0.200303
1864	A	1.333422	0.043674
1865	U	0.253325	0.059918
1866	C	0.2216	0.138837
1867	U	0.107528	0.032703
1868	G	nan	nan
1869	A	0.100862	0.025153
1870	A	0.224014	0.027423
1871	G	0.335905	0.153664
1872	A	0.303702	0.033455
1873	C	0.109991	0.082224
1874	C	0.227531	0.133985
1875	U	1.336618	0.097662
1876	C	0.001715	0.045848
1877	U	0.356691	0.03038
1878	A	1.802689	0.054266
1879	U	0.319398	0.028586
1880	A	0.741665	0.035464
1881	G	0.791133	0.048811
1882	U	1.644562	0.061104
1883	G	0.481427	0.045635
1884	U	1.043231	0.044129
1885	U	0.169079	0.024242
1886	A	0.399099	0.043703
1887	G	0.63792	0.062176
1888	C	0.073867	0.080067
1889	C	0.425138	0.152586
1890	A	1.28118	0.042799
1891	A	0.568092	0.03935
1892	U	0.819125	0.040812
1893	G	0.66771	0.071969
1894	C	0.18025	0.049369
1895	A	0.805125	0.037935
1896	G	0.879072	0.057961
1897	U	0.529262	0.045967
1898	U	0.540551	0.033482
1899	G	0.355315	0.051422
1900	C	0.126975	0.068475
1901	A	0.569454	0.034812
1902	G	0.853861	0.057323
1903	C	0.131925	0.039517
1904	C	0.277405	0.143151
1905	G	0.272966	0.066937
1906	G	0.66972	0.079276
1907	C	0.026959	0.104869
1908	U	0.115426	0.030736
1909	G	0.255299	0.173614
1910	A	0.700949	0.038841
1911	U	0.55174	0.033156
1912	U	0.596051	0.047116
1913	C	0.297354	0.181162
1914	C	0.296815	0.126706
1915	U	0.817995	0.039502
1916	G	2.10454	0.090589
1917	U	2.31115	0.070318
1918	U	0.886801	0.036375
1919	U	1.192485	0.039859
1920	A	1.911806	0.047081
1921	A	1.061208	0.03853
1922	U	0.528061	0.035895
1923	G	1.748621	0.050678
1924	U	0.538448	0.087798
1925	C	0.360561	0.084233
1926	C	0.444831	0.087749
1927	A	1.561331	0.04537
1928	A	1.11224	0.037581
1929	U	0.629797	0.03864
1930	C	0.177081	0.089774
1931	A	0.836701	0.033764
1932	U	1.490601	0.043299
1933	A	0.448534	0.032458
1934	G	0.315424	0.08396
1935	G	0.615923	0.050182
1936	U	0.173386	0.047719
1937	C	0.173883	0.154473
1938	U	1.013131	0.04069
1939	G	0.346183	0.0569
1940	G	0.269356	0.046474
1941	C	nan	nan
1942	G	nan	nan
1943	G	nan	nan
1944	C	nan	nan
1945	C	nan	nan
1946	U	0.111334	0.028991
1947	U	0.234992	0.033136
1948	G	1.368775	0.079647
1949	G	0.379873	0.09037
1950	G	0.855358	0.05407
1951	U	0.693044	0.038228
1952	C	nan	nan
1953	A	0.35478	0.032051
1954	G	0.171628	0.049438
1955	C	0.133652	0.038766
1956	U	2.6745	0.055452
1957	U	4.092191	0.064997
1958	G	1.120952	0.042386
1959	U	0.259442	0.099307
1960	C	0.178466	0.144498
1961	C	0.066318	0.144768
1962	A	1.044221	0.040154
1963	C	0.27597	0.029561
1964	U	1.524205	0.054186
1965	C	nan	nan
1966	U	0.661103	0.03869
1967	U	0.576909	0.066943
1968	G	1.30711	0.075458
1969	U	1.68931	0.074363
1970	U	0.107183	0.021938
1971	U	0.012844	0.016158
1972	G	2.100277	0.06343
1973	U	0.048627	0.025107
1974	U	0.258667	0.024873
1975	G	0.259197	0.090226
1976	A	0.7211	0.033473
1977	A	1.268303	0.039574
1978	U	0.234616	0.025227
1979	G	0.275248	0.199225
1980	A	0.401567	0.029775
1981	C	0.139776	0.068828
1982	U	1.810643	0.048473
1983	U	0.241983	0.078343
1984	C	0.386713	0.060176
1985	C	nan	nan
1986	A	1.401171	0.040229
1987	U	0.963406	0.041009
1988	C	0.106046	0.067653
1989	G	1.501169	0.088097
1990	U	0.321541	0.042241
1991	U	0.431143	0.044485
1992	U	0.972034	0.037748
1993	C	0.276307	0.077801
1994	A	0.96512	0.035759
1995	A	0.513784	0.028196
1996	G	0.518813	0.0704
1997	A	0.070722	0.027868
1998	C	1.08626	0.050996
1999	A	0.050908	0.023406
2000	C	0.388744	0.093007
2001	G	0.31177	0.087393
2002	A	0.601686	0.034014
2003	G	nan	nan
2004	U	0.710808	0.048112
2005	U	0.44638	0.030846
2006	U	0.080866	0.029675
2007	U	0.581031	0.035206
2008	C	0.1631	0.142072
2009	A	0.780866	0.041595
2010	A	0.881552	0.03397
2011	A	0.125268	0.032538
2012	G	0.470502	0.054149
2013	A	0.362832	0.033545
2014	U	0.367413	0.031683
2015	U	0.361928	0.047646
2016	C	0.154473	0.152856
2017	C	0.213782	0.111609
2018	U	0.866626	0.039709
2019	G	0.795852	0.073181
2020	G	0.648626	0.179275
2021	G	1.025155	0.062291
2022	U	2.023131	0.058992
2023	G	0.339812	0.087135
2024	G	0.325391	0.144229
2025	G	nan	nan
2026	A	0.695494	0.044207
2027	C	0.209366	0.071088
2028	U	0.590846	0.050913
2029	C	nan	nan
2030	U	0.878036	0.041665
2031	U	0.444296	0.030936
2032	C	0.186824	0.139107
2033	A	0.494417	0.033637
2034	A	0.420449	0.035964
2035	G	0.252333	0.190328
2036	G	0.651733	0.116646
2037	A	1.259523	0.048669
2038	A	1.080047	0.037719
2039	A	0.238339	0.036229
2040	G	0.149289	0.060817
2041	C	0.649434	0.11754
2042	C	0.147734	0.127245
2043	A	1.223732	0.042613
2044	C	0.247544	0.033695
2045	U	0.952228	0.039443
2046	G	1.008287	0.055598
2047	C	0.052945	0.05783
2048	U	1.1486	0.045013
2049	U	0.713586	0.075127
2050	C	0.741633	0.149081
2051	C	0.237775	0.140455
2052	A	0.946011	0.048101
2053	G	0.314754	0.070711
2054	G	0.935326	0.106479
2055	A	0.238717	0.036668
2056	C	1.05062	0.049478
2057	A	0.086537	0.041516
2058	C	0.134658	0.037283
2059	A	0.83089	0.032297
2060	A	0.780084	0.033686
2061	U	0.531166	0.04792
2062	C	0.188761	0.066998
2063	U	0.495453	0.037064
2064	G	1.603695	0.080962
2065	U	0.92603	0.124279
2066	U	1.426827	0.038393
2067	U	0.058613	0.017582
2068	G	1.438767	0.040372
2069	U	0.140001	0.026041
2070	G	0.380112	0.051172
2071	C	2.729296	0.179814
2072	A	0.62048	0.028472
2073	U	1.205861	0.036598
2074	A	0.821709	0.02887
2075	U	0.469082	0.059193
2076	C	0.043134	0.102713
2077	C	nan	nan
2078	A	1.134258	0.038256
2079	C	0.477029	0.039085
2080	U	0.373944	0.027753
2081	U	0.385118	0.024083
2082	G	0.275087	0.068718
2083	G	nan	nan
2084	C	0.093547	0.070362
2085	U	0.189402	0.045805
2086	C	nan	nan
2087	A	0.941779	0.033469
2088	U	0.398315	0.027586
2089	U	0.963989	0.03246
2090	A	0.836217	0.029346
2091	U	0.548774	0.03976
2092	C	nan	nan
2093	C	0.180573	0.069973
2094	U	2.636416	0.055116
2095	C	nan	nan
2096	A	0.317372	0.028848
2097	G	0.157978	0.127784
2098	G	0.138298	0.135872
2099	C	0.346419	0.113226
2100	A	1.318224	0.038493
2101	A	0.713043	0.038129
2102	U	0.74428	0.031529
2103	G	0.596702	0.068116
2104	G	1.292768	0.049295
2105	U	0.171996	0.184397
2106	C	0.01321	0.144768
2107	C	0.003235	0.129132
2108	A	0.695951	0.029121
2109	U	0.774677	0.041772
2110	C	0.139376	0.128323
2111	A	2.597737	0.151238
2112	A	0.845888	0.040041
2113	U	0.161297	0.031751
2114	U	0.43354	0.028639
2115	G	0.223218	0.13668
2116	G	0.503318	0.150429
2117	G	0.42891	0.06913
2118	U	0.256551	0.029586
2119	U	0.900303	0.030172
2120	A	0.701592	0.030719
2121	A	1.414833	0.041492
2122	G	1.457496	0.071843
2123	U	0.13557	0.032593
2124	U	0.778656	0.045714
2125	G	0.327883	0.085885
2126	G	1.22783	0.070537
2127	G	0.644312	0.146655
2128	G	0.652603	0.048719
2129	U	0.531627	0.043518
2130	G	0.099616	0.042796
2131	C	0.415163	0.089503
2132	U	0.60838	0.07056
2133	C	0.103521	0.151238
2134	C	0.167953	0.121044
2135	A	0.429977	0.02833
2136	G	1.311416	0.142849
2137	U	0.193982	0.038805
2138	U	1.081548	0.038382
2139	U	0.624779	0.056839
2140	C	0.295722	0.047255
2141	U	0.413779	0.029214
2142	G	2.117789	0.057755
2143	U	0.03882	0.048526
2144	G	0.658937	0.115157
2145	U	0.242752	0.0467
2146	U	0.63889	0.030941
2147	U	0.016411	0.01893
2148	G	0.791755	0.085868
2149	U	0.39167	0.046512
2150	U	0.314813	0.025085
2151	U	0.110413	0.023931
2152	U	nan	nan
2153	C	0.174584	0.081611
2154	C	0.315147	0.164987
2155	A	1.368698	0.085888
2156	U	0.381603	0.053229
2157	U	0.335063	0.040862
2158	U	0.978622	0.093731
2159	C	0.360168	0.197337
2160	C	0.136141	0.164448
2161	C	nan	nan
2162	C	0.968895	0.457219
2163	U	0.519714	0.089084
2164	U	0.27068	0.066675
2165	U	0.305473	0.040354
2166	U	0.35761	0.063413
2167	C	0.302476	0.174153
2168	U	0.461594	0.042916
2169	G	0.509366	0.115968
2170	A	1.006642	0.052613
2171	A	0.621062	0.043042
2172	U	1.583851	0.073485
2173	A	0.557735	0.04088
2174	U	0.437617	0.043665
2175	U	0.259722	0.04212
2176	G	0.511756	0.080066
2177	A	1.348242	0.064698
2178	U	0.416857	0.038304
2179	G	2.452725	0.078752
2180	U	0.148273	0.072788
2181	G	1.124261	0.086009
2182	U	1.046941	0.054391
2183	U	0.496998	0.053882
2184	C	0.376039	0.116616
2185	U	0.074421	0.045517
2186	G	1.237185	0.131785
2187	U	0.641509	0.046689
2188	U	0.259045	0.032076
2189	G	0.101365	0.229418
2190	A	0.252649	0.038823
2191	C	0.297674	0.036784
2192	U	0.196778	0.028028
2193	G	1.688243	0.054286
2194	U	0.115476	0.025851
2195	G	1.242403	0.047261
2196	U	0.273359	0.085711
2197	C	0.213513	0.157708
2198	C	nan	nan
2199	A	0.805861	0.032686
2200	U	0.429773	0.028988
2201	G	0.684146	0.122761
2202	G	0.908669	0.049893
2203	U	0.99084	0.039496
2204	G	0.85252	0.040021
2205	U	0.216295	0.027355
2206	A	0.91889	0.034918
2207	U	0.584577	0.042188
2208	C	0.231036	0.137489
2209	C	0.15313	0.069308
2210	U	0.72359	0.035658
2211	G	1.604377	0.068629
2212	U	0.77482	0.039036
2213	U	0.901205	0.043691
2214	C	0.258803	0.170918
2215	C	nan	nan
2216	U	0.571099	0.033202
2217	G	1.122156	0.055915
2218	U	0.712351	0.039525
2219	U	0.092826	0.096989
2220	C	0.210008	0.167683
2221	C	0.207312	0.141533
2222	A	0.835499	0.033274
2223	U	0.491735	0.030106
2224	G	0.265286	0.073442
2225	G	0.530627	0.097115
2226	C	0.078473	0.035974
2227	U	0.652604	0.03642
2228	G	1.082622	0.042614
2229	U	0.477942	0.028136
2230	A	1.300196	0.041886
2231	U	0.442874	0.025754
2232	G	0.223452	0.055188
2233	G	0.355352	0.056858
2234	A	1.256937	0.043481
2235	G	0.139859	0.070327
2236	G	0.108643	0.137759
2237	A	0.867378	0.03876
2238	U	0.281311	0.047143
2239	C	0.429824	0.08048
2240	U	0.387172	0.054386
2241	C	0.016984	0.135872
2242	C	nan	nan
2243	A	0.440044	0.03242
2244	G	1.152105	0.04614
2245	U	0.270966	0.026815
2246	A	2.42442	0.051317
2247	U	0.016021	0.014533
2248	A	0.86448	0.032116
2249	U	0.654496	0.035191
2250	G	0.92762	0.081477
2251	G	0.358226	0.07412
2252	G	0.466945	0.074561
2253	A	1.417334	0.041566
2254	A	0.910851	0.031654
2255	U	0.814171	0.034341
2256	G	2.151419	0.053661
2257	U	0.932948	0.032852
2258	G	3.997448	0.107587
2259	G	0.399136	0.041773
2260	U	1.008016	0.036122
2261	G	0.368865	0.050273
2262	C	0.192485	0.085189
2263	U	0.94437	0.035882
2264	U	0.636376	0.028859
2265	A	1.326592	0.038994
2266	U	1.279655	0.038675
2267	G	0.593576	0.08473
2268	G	0.133445	0.114305
2269	C	0.099477	0.073867
2270	A	1.255692	0.092114
2271	U	0.523254	0.050113
2272	U	0.637603	0.034944
2273	U	0.364092	0.029016
2274	U	0.763961	0.031258
2275	G	0.178757	0.050842
2276	C	0.699775	0.050653
2277	G	0.170021	0.05513
2278	C	0.023245	0.053341
2279	U	0.330184	0.044521
2280	G	0.087152	0.131991
2281	G	0.187789	0.10756
2282	A	0.582422	0.069626
2283	A	0.720039	0.172861
2284	U	0.51028	0.068561
2285	C	1.122558	0.270298
2286	U	1.5137	0.089654
2287	U	0.375528	0.066775
2288	C	0.057152	0.257725
2289	A	0.8517	0.082408
2290	A	0.56337	0.071472
2291	G	1.810636	0.263345
2292	A	0.388364	0.174454
2293	A	3.281212	0.149616
2294	A	0.368346	0.069324
2295	A	0.365684	0.07885
2296	G	1.286525	0.156122
2297	C	1.364656	0.197608
2298	A	0.812843	0.137133
2299	A	0.719025	0.079891
2300	A	0.084942	0.182514
2301	G	1.611975	0.137646
2302	U	0.719969	0.107792
2303	C	0.122932	0.594978
2304	G	0.490934	0.17288
2305	G	0.735761	0.167714
2306	A	0.819313	0.120157
2307	U	0.232167	0.059819
2308	U	0.183641	0.065305
2309	G	nan	nan
2310	A	0.09561	0.067472
2311	C	0.087861	0.074062
2312	A	0.406486	0.072431
2313	U	nan	nan
2314	C	0.827915	0.157947
2315	C	0.35235	0.419207
2316	A	1.413641	0.150887
2317	U	0.453428	0.091598
2318	U	0.740848	0.095786
2319	C	0.795011	0.479056
2320	A	0.1361	0.080078
2321	A	1.519064	0.141312
2322	A	0.548484	0.10762
2323	U	0.155155	0.085205
2324	G	0.601764	0.331978
2325	G	2.630983	0.400573
2326	U	0.731499	0.205194
2327	U	0.520393	0.120668
2328	U	0.307508	0.111888
2329	G	0.259393	0.161593
2330	C	nan	nan
2331	C	0.262847	0.59363
2332	U	nan	nan
2333	G	nan	nan
2334	C	nan	nan
2335	U	nan	nan
2336	U	nan	nan
2337	U	nan	nan
2338	C	nan	nan
2339	G	nan	nan
2340	C	nan	nan
2341	U	nan	nan
