Nucleotide	Sequence	Norm_profile	Norm_stderr
1	A	nan	nan
2	G	nan	nan
3	U	2.854609	0.843829
4	A	2.523222	0.630026
5	G	nan	nan
6	A	nan	nan
7	A	1.114553	0.474703
8	A	0.024016	0.327645
9	C	nan	nan
10	A	0.438679	0.804842
11	A	0.065654	0.309867
12	G	nan	nan
13	G	0.968086	0.522189
14	U	0.036125	0.28064
15	C	0.707395	0.353428
16	G	2.595041	0.788271
17	U	0.714878	0.143191
18	U	0.649165	0.175501
19	U	0.064431	0.088155
20	U	0.202228	0.116264
21	U	1.654453	0.274439
22	A	0.429452	0.110261
23	A	0.259294	0.047658
24	A	0.021272	0.024216
25	C	5.81121	0.487143
26	A	4.375392	0.329974
27	A	0.398888	0.048446
28	U	0.19813	0.047894
29	U	34.801753	0.870226
30	C	nan	nan
31	G	0.057961	0.356663
32	A	0.218635	0.097051
33	C	0.603908	0.085839
34	A	0.36556	0.095434
35	C	0.216748	0.089772
36	U	1.13496	0.153664
37	A	0.436391	0.031272
38	A	0.472546	0.036711
39	U	0.079331	0.028274
40	U	3.681206	0.262038
41	G	nan	nan
42	A	0.672888	0.153125
43	U	0.748712	0.047551
44	G	0.385509	0.208391
45	G	0.570985	0.215669
46	C	0.218635	0.116731
47	C	0.149621	0.172535
48	A	0.185572	0.053966
49	U	0.188748	0.071752
50	C	2.743853	0.2677
51	C	0.178197	0.202999
52	G	0.112957	0.238045
53	A	0.139008	0.030593
54	A	0.441746	0.047234
55	U	0.127648	0.035843
56	U	0.204757	0.06321
57	C	0.659409	0.282257
58	U	0.897443	0.091978
59	U	0.761971	0.04007
60	U	0.675315	0.100017
61	U	0.470199	0.060558
62	G	0.471507	0.204616
63	G	1.227428	0.209199
64	U	0.71737	0.138568
65	C	nan	nan
66	G	0.411068	0.060433
67	C	0.297624	0.102713
68	U	0.389188	0.031877
69	G	0.670407	0.049711
70	U	0.397572	0.067751
71	C	nan	nan
72	U	0.45709	0.038652
73	G	0.90232	0.054856
74	U	0.235233	0.052417
75	G	0.084111	0.200842
76	A	0.193575	0.041118
77	A	0.300966	0.028018
78	U	0.288626	0.055049
79	C	1.719963	0.222679
80	C	0.164448	0.192485
81	G	0.684145	0.048114
82	U	0.309068	0.036379
83	C	0.175231	0.19599
84	A	0.309361	0.029929
85	A	0.402493	0.073058
86	G	0.335584	0.057363
87	A	0.23324	0.034765
88	U	1.055942	0.083648
89	A	0.75646	0.121044
90	G	0.644162	0.072342
91	A	0.157169	0.094625
92	G	0.733815	0.160943
93	C	0.392518	0.087076
94	U	0.324008	0.03129
95	A	0.537894	0.056796
96	U	0.61085	0.046449
97	C	0.414894	0.16984
98	C	0.495231	0.168222
99	C	0.184397	0.164987
100	G	0.54355	0.057864
101	C	0.108695	0.075634
102	U	0.697428	0.038888
103	U	0.499321	0.051116
104	C	0.58069	0.147194
105	C	0.20246	0.145846
106	G	1.361519	0.107794
107	U	0.28155	0.051544
108	U	0.52093	0.037622
109	U	0.538974	0.035481
110	C	0.110261	0.18278
111	A	0.607868	0.032786
112	U	0.226246	0.028932
113	U	0.412424	0.035987
114	A	0.45767	0.032875
115	C	0.429991	0.094086
116	C	0.002157	0.181162
117	A	0.627616	0.035909
118	A	0.52822	0.037266
119	C	0.476628	0.055715
120	A	0.271514	0.034752
121	C	0.302248	0.049244
122	C	nan	nan
123	A	0.704292	0.039906
124	C	0.2154	0.095164
125	G	0.968029	0.053568
126	U	0.383622	0.170918
127	C	0.773714	0.1693
128	U	0.575848	0.115587
129	C	0.015906	0.184936
130	C	0.61304	0.204077
131	U	0.240173	0.047783
132	U	0.376224	0.04093
133	G	0.640596	0.067624
134	C	0.419207	0.203808
135	C	0.506553	0.18925
136	C	nan	nan
137	A	0.410702	0.046449
138	A	1.098603	0.053044
139	U	0.204886	0.07845
140	U	0.157538	0.033451
141	A	0.142302	0.031361
142	G	0.177118	0.168222
143	C	0.336444	0.146925
144	A	1.115557	0.049411
145	C	0.180353	0.100825
146	A	0.895553	0.043248
147	U	0.118069	0.031542
148	U	0.146899	0.028608
149	A	0.133633	0.037931
150	G	0.450822	0.064523
151	C	0.57395	0.146116
152	C	0.54106	0.262038
153	U	2.428893	0.07748
154	U	0.445202	0.068488
155	C	0.568645	0.067032
156	U	0.114021	0.100248
157	C	nan	nan
158	U	0.87228	0.090777
159	C	0.558853	0.238854
160	C	0.841919	0.209738
161	C	0.198873	0.135054
162	U	0.549029	0.048128
163	U	0.172495	0.045717
164	C	0.081415	0.154473
165	G	0.878786	0.074449
166	C	0.231845	0.11727
167	A	0.494024	0.037634
168	A	0.267597	0.037871
169	G	0.65388	0.074093
170	A	0.555972	0.063822
171	U	0.240202	0.129402
172	U	1.38034	0.055454
173	U	0.249907	0.114305
174	C	0.899893	0.07321
175	U	0.567524	0.051272
176	C	0.262847	0.211356
177	A	0.184199	0.033428
178	G	0.880584	0.06952
179	U	1.294854	0.062265
180	U	0.30271	0.039593
181	C	0.135333	0.258534
182	A	1.077721	0.047606
183	U	0.096078	0.033345
184	U	0.62144	0.037556
185	G	1.026606	0.081976
186	A	1.158166	0.048402
187	U	0.61638	0.036704
188	G	0.441899	0.063078
189	C	0.870495	0.141263
190	U	0.441932	0.037086
191	U	0.421489	0.036132
192	A	0.880894	0.041732
193	A	0.199443	0.024418
194	C	0.249554	0.04209
195	G	0.435283	0.069967
196	C	0.181211	0.046072
197	U	1.02006	0.057163
198	G	0.020489	0.17604
199	G	0.507093	0.189789
200	G	0.713596	0.266891
201	C	0.204886	0.13668
202	C	0.101365	0.168492
203	A	0.308439	0.034612
204	U	0.677949	0.054412
205	A	2.043665	0.065018
206	U	0.122932	0.11727
207	C	0.786678	0.067005
208	U	0.124549	0.122662
209	C	0.043403	0.202729
210	U	0.382214	0.044474
211	U	0.047997	0.03884
212	G	1.071847	0.132731
213	U	0.82737	0.058194
214	U	0.347322	0.0318
215	U	0.142065	0.033813
216	U	0.31866	0.068041
217	C	nan	nan
218	C	nan	nan
219	U	0.325471	0.04358
220	U	0.365576	0.033947
221	G	0.929401	0.077027
222	C	0.59983	0.164178
223	C	nan	nan
224	C	0.574759	0.421903
225	A	0.481058	0.037718
226	A	1.576519	0.052419
227	A	0.119171	0.027508
228	A	1.002212	0.046248
229	U	0.330116	0.046576
230	G	0.124379	0.081343
231	A	0.634337	0.126706
232	G	0.336809	0.092729
233	G	nan	nan
234	A	0.362711	0.035484
235	A	0.614713	0.037765
236	U	0.320356	0.07573
237	C	0.022915	0.181701
238	C	0.205695	0.170918
239	U	0.612264	0.070526
240	C	0.087616	0.133985
241	U	1.132862	0.055948
242	C	nan	nan
243	A	0.485976	0.036152
244	G	0.860795	0.123953
245	A	1.037437	0.045636
246	A	1.079363	0.044137
247	C	0.160635	0.051786
248	A	0.223889	0.030214
249	G	1.281607	0.080469
250	C	nan	nan
251	A	0.420302	0.039101
252	G	0.440107	0.108477
253	A	0.410962	0.040967
254	C	0.66534	0.126436
255	U	0.680573	0.096513
256	C	0.043943	0.186284
257	C	0.423415	0.068405
258	A	0.912747	0.045616
259	C	0.194767	0.037941
260	U	1.274977	0.076806
261	C	nan	nan
262	C	nan	nan
263	A	0.182199	0.035517
264	G	0.433006	0.077769
265	C	0.264625	0.045834
266	U	0.645912	0.046466
267	G	1.131294	0.06048
268	U	0.499031	0.037965
269	G	0.573564	0.078917
270	C	0.029385	0.113226
271	C	0.747564	0.206234
272	U	0.555313	0.05462
273	U	0.760225	0.055086
274	C	nan	nan
275	A	1.699465	0.059391
276	U	0.280797	0.071203
277	C	0.35998	0.062791
278	U	0.545296	0.046523
279	G	0.401049	0.108896
280	G	0.109991	0.206234
281	G	1.184762	0.074024
282	U	0.159357	0.081037
283	C	0.589646	0.143519
284	U	2.068244	0.069159
285	U	1.533984	0.055961
286	C	0.514102	0.174962
287	G	0.312814	0.119203
288	G	0.502836	0.059361
289	U	0.076991	0.040967
290	U	0.81308	0.042519
291	A	0.431241	0.042621
292	A	0.374519	0.029973
293	U	0.379976	0.03503
294	G	0.119338	0.083421
295	C	0.26716	0.092738
296	A	0.746732	0.039189
297	C	0.177735	0.049833
298	C	nan	nan
299	U	0.302627	0.037989
300	G	0.154413	0.06962
301	C	0.140455	0.07198
302	A	0.366893	0.027508
303	U	0.311987	0.071027
304	C	0.172535	0.218904
305	U	0.402234	0.083276
306	U	1.163121	0.053206
307	U	0.449732	0.032605
308	U	0.214859	0.067428
309	C	0.19572	0.163909
310	C	0.083572	0.162291
311	G	0.882088	0.170648
312	A	0.446887	0.036604
313	G	2.47211	0.236697
314	G	0.062544	0.197337
315	A	0.390556	0.059175
316	C	0.24155	0.101634
317	U	0.121535	0.03601
318	G	1.79172	0.058408
319	U	0.302601	0.032805
320	G	nan	nan
321	A	0.447014	0.034728
322	G	0.205028	0.0489
323	C	0.018601	0.13021
324	C	nan	nan
325	U	2.349155	0.094384
326	C	nan	nan
327	U	0.9725	0.086522
328	U	0.673392	0.036263
329	U	0.805979	0.041725
330	G	1.722341	0.056768
331	U	0.728295	0.039894
332	G	0.3866	0.08083
333	G	0.533512	0.181701
334	C	0.089772	0.128323
335	C	0.140801	0.093608
336	U	0.283248	0.042036
337	U	0.309501	0.034161
338	G	2.212146	0.084307
339	U	0.228829	0.037432
340	U	0.111878	0.055535
341	G	1.114161	0.052146
342	U	0.49794	0.036757
343	A	1.178298	0.04042
344	A	1.362965	0.047013
345	U	0.066036	0.025403
346	U	0.221142	0.029381
347	G	0.740496	0.091774
348	A	0.050682	0.074945
349	A	1.137222	0.042547
350	A	0.099041	0.023155
351	A	0.1218	0.027115
352	C	0.192463	0.039823
353	U	0.611602	0.040588
354	G	0.967952	0.079946
355	G	0.764386	0.09703
356	A	2.05978	0.063223
357	G	1.000219	0.106973
358	A	0.884021	0.042895
359	A	1.346705	0.057192
360	U	0.175589	0.034608
361	U	0.394766	0.030696
362	G	0.375615	0.048348
363	C	0.230227	0.113226
364	C	0.03909	0.139646
365	U	0.725023	0.076348
366	C	nan	nan
367	U	0.350717	0.036185
368	U	0.394264	0.030329
369	A	1.557132	0.04529
370	U	0.070846	0.030255
371	U	0.083861	0.023978
372	A	0.305763	0.031008
373	G	1.129679	0.048607
374	U	0.103796	0.027736
375	A	1.032441	0.040795
376	U	0.382892	0.0519
377	C	0.156091	0.173075
378	C	0.322206	0.082
379	U	0.956503	0.052643
380	C	0.01653	0.045848
381	A	1.735613	0.059476
382	U	1.236902	0.05362
383	U	0.797724	0.051892
384	C	nan	nan
385	C	0.335635	0.165526
386	U	0.569336	0.04881
387	G	0.152316	0.198955
388	A	1.14537	0.063602
389	C	0.283336	0.121314
390	C	0.420825	0.19572
391	C	nan	nan
392	U	0.58641	0.084016
393	C	0.014019	0.115922
394	U	0.292523	0.050434
395	C	nan	nan
396	A	0.871557	0.048196
397	C	nan	nan
398	A	0.522556	0.039387
399	U	0.325307	0.046488
400	U	0.241734	0.043438
401	C	0.370143	0.19545
402	A	0.766265	0.054332
403	C	nan	nan
404	A	0.122557	0.049208
405	G	0.782596	0.061941
406	U	0.462183	0.042967
407	U	1.086598	0.050641
408	A	1.357736	0.053866
409	G	1.6765	0.108901
410	G	0.446305	0.089553
411	G	0.494089	0.100862
412	A	1.062296	0.054933
413	G	0.301221	0.078551
414	G	nan	nan
415	A	0.693142	0.049016
416	G	0.454254	0.20866
417	A	0.557163	0.036692
418	A	0.351345	0.033464
419	C	0.059582	0.034394
420	U	0.624234	0.038286
421	G	0.400931	0.061119
422	C	0.045291	0.077641
423	A	0.661092	0.039482
424	U	0.683622	0.065774
425	C	0.127514	0.17631
426	C	0.179275	0.144768
427	U	0.634877	0.039055
428	A	1.468715	0.059514
429	C	0.513204	0.054148
430	U	1.134142	0.104897
431	U	0.6082	0.041762
432	U	0.593976	0.035453
433	G	1.405776	0.076125
434	U	0.898232	0.050705
435	U	0.671406	0.051312
436	C	nan	nan
437	C	0.00674	0.159326
438	G	0.708454	0.116842
439	G	1.399483	0.061941
440	U	1.283077	0.052595
441	G	0.327548	0.153664
442	G	0.510597	0.210547
443	A	1.291968	0.050363
444	G	0.553678	0.092584
445	C	0.749609	0.054335
446	A	0.052236	0.029926
447	G	0.140182	0.09138
448	C	nan	nan
449	A	0.05195	0.023172
450	G	0.114624	0.112414
451	C	0.692684	0.05862
452	A	0.727618	0.045078
453	A	1.411208	0.046913
454	A	1.466892	0.052001
455	G	0.755952	0.107084
456	G	2.075629	0.100056
457	G	0.298453	0.084016
458	G	0.160674	0.166605
459	A	1.734638	0.054964
460	G	0.67627	0.078317
461	A	1.268622	0.048833
462	A	0.149713	0.025115
463	G	nan	nan
464	U	0.167946	0.044106
465	U	1.093256	0.057199
466	U	0.130198	0.029326
467	U	0.225685	0.026932
468	A	2.347511	0.058963
469	U	0.084542	0.024176
470	U	0.015277	0.023169
471	A	0.729669	0.034525
472	U	0.36088	0.056382
473	C	0.185035	0.073529
474	U	0.206529	0.027999
475	G	0.111339	0.220791
476	A	1.033395	0.04218
477	A	0.353518	0.032591
478	C	0.690313	0.043425
479	A	0.778981	0.041855
480	G	1.336494	0.053763
481	U	1.221688	0.056132
482	G	0.962674	0.053974
483	U	0.803378	0.051912
484	C	0.432417	0.232114
485	A	0.236045	0.029547
486	A	1.475584	0.045858
487	A	1.004292	0.042765
488	U	0.61254	0.038305
489	G	0.880272	0.057009
490	U	0.706516	0.044012
491	U	0.403734	0.070168
492	C	nan	nan
493	C	0.183589	0.150969
494	A	1.107667	0.039737
495	A	0.322016	0.02327
496	G	0.288562	0.063795
497	C	0.187381	0.037361
498	A	1.235944	0.042262
499	C	0.02615	0.046908
500	A	1.029937	0.043151
501	U	0.320441	0.048557
502	C	0.531674	0.055316
503	U	1.075648	0.048082
504	C	0.396562	0.165526
505	G	1.208033	0.076804
506	C	nan	nan
507	A	1.423405	0.049936
508	U	0.777195	0.043317
509	U	0.370872	0.035056
510	U	0.65034	0.031567
511	G	0.513706	0.057775
512	C	0.800942	0.109722
513	U	0.869702	0.040142
514	G	1.225826	0.095311
515	G	0.1108	0.18898
516	A	0.154063	0.020866
517	A	0.417572	0.03394
518	C	0.126436	0.064431
519	A	0.633211	0.035359
520	G	0.550715	0.053247
521	U	0.812694	0.044706
522	G	0.855958	0.078248
523	U	0.789244	0.049228
524	U	0.17064	0.045066
525	C	0.258551	0.099006
526	U	0.434669	0.046712
527	C	nan	nan
528	A	1.267463	0.04258
529	C	0.257084	0.038996
530	G	0.833957	0.105066
531	A	0.875365	0.03586
532	A	1.334215	0.042474
533	U	0.811469	0.064559
534	C	0.225105	0.163909
535	C	0.091751	0.078179
536	G	1.279524	0.083423
537	C	0.304385	0.035277
538	U	0.588515	0.039172
539	G	0.985815	0.052646
540	U	0.224183	0.026627
541	A	1.559543	0.052323
542	U	0.098653	0.026595
543	U	0.460256	0.030455
544	G	0.329552	0.097306
545	A	0.78488	0.036526
546	C	nan	nan
547	C	nan	nan
548	U	0.479958	0.071601
549	C	0.22834	0.102173
550	U	0.076268	0.038693
551	G	0.258717	0.066913
552	G	0.460262	0.062566
553	C	0.178585	0.047948
554	U	1.120157	0.044809
555	G	0.408838	0.071834
556	C	0.118888	0.09112
557	C	0.145577	0.148273
558	U	0.546321	0.040903
559	U	0.17241	0.10894
560	A	1.904126	0.057354
561	G	0.584232	0.099511
562	G	0.294119	0.158247
563	G	nan	nan
564	A	1.384867	0.138028
565	C	1.205322	0.127245
566	C	0.295737	0.132097
567	A	0.24339	0.049925
568	G	0.599333	0.073084
569	A	0.238584	0.080067
570	G	0.093724	0.081456
571	A	0.289102	0.042303
572	U	0.044555	0.026865
573	U	0.239494	0.03128
574	G	0.298163	0.171727
575	A	0.412468	0.07198
576	A	0.887425	0.036663
577	A	0.992367	0.040131
578	U	0.454885	0.035605
579	G	0.354878	0.084386
580	G	0.289806	0.120775
581	C	0.079798	0.100286
582	U	0.825465	0.046361
583	C	0.083302	0.160943
584	G	0.681496	0.116362
585	A	0.593613	0.040047
586	A	1.322603	0.051175
587	U	0.972627	0.046885
588	U	0.194618	0.066079
589	C	nan	nan
590	C	0.84165	0.189789
591	A	1.159669	0.042501
592	U	0.581911	0.053339
593	C	0.292797	0.063224
594	U	0.779949	0.098204
595	U	0.460989	0.039322
596	G	1.396831	0.05877
597	U	1.243747	0.064908
598	U	0.052569	0.040977
599	A	1.831211	0.05576
600	U	0.061735	0.043673
601	A	0.338401	0.025937
602	U	0.099207	0.023105
603	A	1.010016	0.039168
604	A	0.189274	0.024604
605	C	0.500376	0.040804
606	A	0.897216	0.037878
607	U	0.14743	0.030328
608	U	0.60971	0.035238
609	G	2.485026	0.064359
610	U	0.933495	0.041169
611	G	0.539332	0.090009
612	G	nan	nan
613	G	0.413276	0.145038
614	A	0.288554	0.038615
615	U	0.358756	0.052495
616	C	4.045687	0.226722
617	C	0.076832	0.119966
618	U	0.640818	0.038072
619	G	1.140214	0.048119
620	U	0.155731	0.029331
621	G	nan	nan
622	A	0.440876	0.042983
623	C	0.321078	0.089503
624	C	0.089503	0.145038
625	A	0.537223	0.055866
626	U	0.09852	0.049891
627	U	0.144549	0.02668
628	G	nan	nan
629	A	0.534959	0.031167
630	A	0.555127	0.047374
631	U	0.43341	0.043408
632	U	0.447973	0.031732
633	U	4.238172	0.187363
634	U	0.321241	0.031209
635	C	0.401954	0.135333
636	A	0.83136	0.037591
637	C	0.121584	0.059579
638	A	0.123716	0.026856
639	G	nan	nan
640	U	0.304891	0.042713
641	U	3.061966	0.162022
642	U	0.549496	0.052521
643	C	0.189519	0.150699
644	C	nan	nan
645	C	0.181971	0.134254
646	A	0.322786	0.027479
647	G	0.570847	0.054755
648	U	0.270336	0.041718
649	U	0.461753	0.047574
650	C	nan	nan
651	C	nan	nan
652	U	0.333448	0.035005
653	G	0.37719	0.066046
654	A	0.78825	0.045397
655	U	0.106756	0.046099
656	G	nan	nan
657	A	0.393605	0.038232
658	U	0.252578	0.052179
659	C	0.379308	0.147194
660	C	0.263925	0.145307
661	A	0.766201	0.03333
662	U	1.755548	0.114305
663	U	0.216882	0.027088
664	G	0.624485	0.079685
665	G	0.311909	0.040258
666	U	0.148185	0.031024
667	A	1.094636	0.040187
668	A	1.5214	0.043462
669	G	0.241661	0.033684
670	U	0.263983	0.050839
671	A	2.135869	0.049358
672	U	nan	nan
673	U	0.31843	0.041232
674	G	1.178363	0.206773
675	A	0.423229	0.039831
676	U	0.477466	0.035019
677	C	0.124819	0.165257
678	A	0.351417	0.025971
679	G	0.457942	0.091036
680	C	0.694455	0.109991
681	A	1.029749	0.037288
682	C	0.190785	0.032518
683	U	0.506043	0.030341
684	G	nan	nan
685	A	0.196259	0.049604
686	C	0.678819	0.089772
687	U	0.476501	0.036216
688	C	0.393057	0.149621
689	A	0.450967	0.04063
690	G	0.525155	0.144229
691	G	0.488491	0.1693
692	A	0.585222	0.040837
693	C	1.080773	0.113226
694	C	0.122392	0.13695
695	A	0.862468	0.036607
696	U	0.187902	0.073328
697	U	0.429215	0.033601
698	G	0.305172	0.184397
699	A	0.906399	0.042472
700	U	0.239932	0.118349
701	C	0.208581	0.080768
702	U	0.486367	0.065552
703	C	0.231305	0.180084
704	C	0.284414	0.138568
705	C	nan	nan
706	A	0.660096	0.050364
707	C	0.15663	0.063892
708	A	0.41739	0.035562
709	U	0.784993	0.051028
710	C	0.279831	0.139376
711	A	0.907766	0.047612
712	U	1.294825	0.127245
713	U	0.592684	0.037696
714	G	1.984697	0.183319
715	A	1.011185	0.070264
716	U	0.042325	0.053109
717	G	0.223757	0.148273
718	A	0.984531	0.108374
719	U	nan	nan
720	G	0.637842	0.225914
721	A	1.264508	0.057066
722	A	0.545071	0.035161
723	U	0.996108	0.04308
724	A	0.506335	0.036813
725	A	0.192357	0.030924
726	G	0.888778	0.055898
727	U	0.577844	0.053413
728	U	0.537012	0.03293
729	A	1.845014	0.051392
730	U	0.214333	0.032079
731	U	0.728033	0.038914
732	G	1.565271	0.060767
733	U	0.130835	0.028538
734	U	0.158743	0.034559
735	A	0.269054	0.026155
736	G	0.266728	0.046993
737	C	0.937622	0.129941
738	U	1.743267	0.055716
739	U	0.408939	0.050771
740	C	0.646708	0.051977
741	U	0.129792	0.062367
742	C	0.231575	0.152856
743	C	0.117809	0.125627
744	G	1.518576	0.05679
745	U	0.623939	0.068052
746	C	nan	nan
747	C	0.172535	0.15016
748	C	0.270528	0.104011
749	U	0.300552	0.03359
750	U	0.354163	0.032086
751	G	1.895675	0.051793
752	U	0.061466	0.053378
753	G	0.974753	0.0424
754	U	0.068559	0.077171
755	C	0.960478	0.089207
756	U	0.609863	0.044863
757	C	0.217017	0.145307
758	G	1.043496	0.068579
759	C	0.223248	0.03804
760	U	0.280864	0.028993
761	G	0.223218	0.189789
762	A	0.403372	0.032058
763	C	0.428104	0.134254
764	U	0.758672	0.0371
765	U	0.446952	0.059143
766	C	0.276057	0.107835
767	C	0.3577	0.069443
768	U	1.124914	0.047756
769	C	0.222948	0.158787
770	G	2.392876	0.089629
771	G	0.669525	0.090259
772	G	0.43026	0.108643
773	U	0.929698	0.061626
774	G	nan	nan
775	A	0.210807	0.034159
776	U	0.509555	0.030882
777	A	0.396773	0.031166
778	G	1.5044	0.050313
779	U	0.167144	0.047986
780	A	0.034076	0.025628
781	G	nan	nan
782	U	nan	nan
783	A	0.051076	0.024079
784	C	0.180889	0.04571
785	A	1.071038	0.046007
786	U	0.382382	0.03428
787	U	0.825909	0.05309
788	C	0.833832	0.149351
789	C	nan	nan
790	C	0.446705	0.139376
791	U	0.48601	0.042548
792	C	nan	nan
793	G	1.719054	0.062188
794	U	0.242117	0.034528
795	U	0.709355	0.033262
796	G	0.307598	0.146655
797	A	0.7388	0.034742
798	U	0.606912	0.046684
799	C	0.248289	0.192485
800	C	0.324852	0.129671
801	C	0.113496	0.129671
802	G	nan	nan
803	A	0.257798	0.022561
804	A	0.516304	0.029329
805	C	0.144228	0.030563
806	U	1.260606	0.054857
807	C	nan	nan
808	U	0.308086	0.029007
809	U	nan	nan
810	A	0.278112	0.050423
811	A	1.401085	0.038517
812	A	0.519275	0.025317
813	A	0.013619	0.018338
814	A	0.048107	0.016413
815	A	0.245972	0.023378
816	C	0.222679	0.075484
817	G	0.281179	0.16283
818	G	0.647926	0.044907
819	U	0.602281	0.043164
820	C	0.125088	0.184397
821	G	0.132087	0.043041
822	A	0.504046	0.031674
823	U	0.610053	0.028101
824	G	0.362712	0.050674
825	C	0.398449	0.085189
826	U	0.881505	0.045181
827	C	0.119427	0.174153
828	A	0.76749	0.036969
829	C	0.456081	0.048927
830	C	0.092468	0.148003
831	A	0.273452	0.041723
832	C	0.31973	0.09813
833	C	0.151777	0.140724
834	A	1.13473	0.054475
835	C	0.203105	0.051454
836	C	0.271743	0.161482
837	C	0.007548	0.135872
838	U	0.426443	0.062233
839	C	0.008088	0.103252
840	U	nan	nan
841	C	0.150969	0.13695
842	U	0.672588	0.039146
843	G	0.713733	0.044626
844	U	0.128639	0.032158
845	A	0.734678	0.034495
846	C	0.373623	0.045715
847	U	2.11769	0.049169
848	G	0.0585	0.136141
849	G	0.146925	0.171727
850	A	0.440435	0.060696
851	G	0.266893	0.038539
852	U	0.298738	0.033892
853	A	0.982139	0.042584
854	U	0.400685	0.036139
855	U	1.136395	0.041659
856	C	0.092199	0.16984
857	A	1.689663	0.043937
858	U	0.102292	0.065043
859	C	0.232968	0.057507
860	U	0.400608	0.044625
861	A	0.557515	0.032683
862	C	0.139915	0.073597
863	U	0.278051	0.050718
864	C	0.518146	0.194911
865	C	0.1693	0.132097
866	C	nan	nan
867	A	1.325896	0.042477
868	U	0.254017	0.048634
869	C	0.318061	0.047771
870	U	0.810165	0.042001
871	U	0.432409	0.04094
872	G	0.794516	0.058379
873	C	0.305896	0.045312
874	U	0.570172	0.033535
875	G	0.22861	0.191407
876	A	0.719498	0.038463
877	C	0.088994	0.044901
878	U	0.705939	0.061061
879	C	0.015097	0.141263
880	U	0.817483	0.044213
881	U	0.44915	0.04438
882	A	1.641348	0.057567
883	U	0.327571	0.036668
884	U	1.222544	0.074154
885	C	0.003235	0.206234
886	C	0.270935	0.154204
887	C	nan	nan
888	C	nan	nan
889	U	0.571911	0.050678
890	C	0.337792	0.12401
891	A	0.205737	0.027985
892	G	0.979984	0.062985
893	C	0.066857	0.107295
894	G	0.140724	0.222409
895	A	0.323826	0.033804
896	C	0.200572	0.09139
897	A	1.293854	0.046079
898	U	0.203356	0.061178
899	C	0.959549	0.05899
900	U	0.50012	0.044968
901	C	1.113393	0.263386
902	A	0.36965	0.033008
903	G	0.46705	0.045171
904	U	0.708091	0.04324
905	A	1.446238	0.047436
906	C	0.344245	0.056954
907	U	0.555237	0.040223
908	U	0.63565	0.043855
909	G	nan	nan
910	G	0.697913	0.10536
911	G	0.211895	0.174962
912	G	0.848461	0.072074
913	U	0.617672	0.053062
914	C	0.610344	0.235888
915	A	0.839634	0.039973
916	U	0.450519	0.037508
917	G	1.556354	0.060343
918	U	0.195753	0.03556
919	C	nan	nan
920	G	nan	nan
921	G	nan	nan
922	G	0.01294	0.09139
923	U	0.050952	0.075754
924	A	1.462549	0.056086
925	A	0.939458	0.042134
926	U	1.338023	0.051304
927	A	1.270021	0.044019
928	U	0.449756	0.061223
929	C	nan	nan
930	C	0.047717	0.14369
931	C	0.03235	0.163639
932	G	nan	nan
933	A	0.0989	0.024432
934	U	0.162344	0.060453
935	C	0.128593	0.198146
936	A	1.054346	0.047124
937	U	0.591949	0.038505
938	U	0.304782	0.068497
939	C	0.731928	0.22834
940	C	0.072249	0.142611
941	C	nan	nan
942	A	0.313463	0.027513
943	U	0.455481	0.043426
944	C	nan	nan
945	A	1.036526	0.045792
946	C	0.053378	0.052569
947	A	1.239139	0.04689
948	U	nan	nan
949	U	0.264604	0.035476
950	G	0.992117	0.049519
951	U	0.380464	0.04167
952	C	0.775062	0.24155
953	G	3.089239	0.088185
954	A	1.665893	0.053106
955	U	1.099898	0.046533
956	G	0.094895	0.173883
957	G	0.353967	0.161752
958	G	nan	nan
959	C	0.162022	0.089233
960	U	0.789856	0.053
961	C	nan	nan
962	A	0.619203	0.0393
963	A	0.678566	0.041111
964	U	0.591303	0.044521
965	U	1.678295	0.081504
966	C	0.483639	0.219174
967	C	0.337253	0.156091
968	C	nan	nan
969	C	0.072519	0.15663
970	A	0.278798	0.035733
971	G	1.885852	0.130988
972	U	0.255399	0.061947
973	U	0.222579	0.031582
974	U	0.101817	0.033633
975	U	0.173396	0.033233
976	G	0.032081	0.212434
977	G	nan	nan
978	A	0.062544	0.11107
979	A	0.398637	0.044179
980	A	0.052649	0.041121
981	A	0.214591	0.06551
982	G	0.32931	0.059773
983	C	0.153148	0.050082
984	A	0.255344	0.053001
985	C	nan	nan
986	U	0.367214	0.098994
987	U	0.460619	0.06481
988	U	0.101046	0.065364
989	U	0.184206	0.030145
990	G	0.113348	0.063165
991	C	0.089503	0.093277
992	A	0.464147	0.035249
993	U	0.491863	0.086816
994	C	0.303015	0.16283
995	C	nan	nan
996	U	0.582992	0.105582
997	U	0.335163	0.039817
998	U	0.089106	0.022006
999	U	0.016626	0.035196
1000	G	0.230766	0.194102
1001	G	nan	nan
1002	A	0.764079	0.043948
1003	A	1.434576	0.047689
1004	A	0.437259	0.03963
1005	U	0.404555	0.036253
1006	G	1.025113	0.05976
1007	C	0.18251	0.114305
1008	C	0.152316	0.146116
1009	U	0.530966	0.049549
1010	C	0.05811	0.067236
1011	A	1.0649	0.043124
1012	A	0.480044	0.031381
1013	G	2.418337	0.111052
1014	A	0.129671	0.076563
1015	G	0.285679	0.074682
1016	U	0.157894	0.044291
1017	U	0.465774	0.039239
1018	G	0.310877	0.095592
1019	A	0.494284	0.042833
1020	U	0.299056	0.048323
1021	G	0.186808	0.06955
1022	C	0.211351	0.048326
1023	A	0.871119	0.043124
1024	U	0.534581	0.050759
1025	G	0.2281	0.102275
1026	G	0.613835	0.092935
1027	G	0.07144	0.181432
1028	G	nan	nan
1029	U	0.384584	0.045893
1030	U	0.261154	0.039481
1031	C	0.303555	0.189519
1032	A	0.393265	0.031492
1033	A	1.09763	0.046163
1034	C	0.265273	0.071171
1035	C	0.458837	0.152856
1036	G	0.96573	0.081224
1037	C	0.594708	0.100556
1038	U	0.76843	0.042227
1039	G	0.259151	0.102309
1040	G	0.715807	0.206841
1041	U	0.709511	0.06207
1042	U	0.249298	0.03326
1043	U	0.438202	0.030988
1044	G	0.171968	0.047636
1045	C	0.073328	0.125627
1046	U	0.976072	0.073269
1047	C	nan	nan
1048	U	0.566967	0.035559
1049	A	1.765379	0.054129
1050	U	0.11512	0.030927
1051	U	0.196714	0.033429
1052	G	0.927917	0.259882
1053	A	2.737114	0.16957
1054	C	0.382813	0.122932
1055	A	0.614534	0.039885
1056	A	0.871478	0.035084
1057	A	0.726267	0.079798
1058	G	0.530387	0.055893
1059	U	0.243576	0.034958
1060	U	0.725004	0.034905
1061	C	0.202999	0.188711
1062	A	0.349672	0.033004
1063	G	0.284759	0.079433
1064	G	0.82617	0.048513
1065	U	0.197871	0.039079
1066	C	nan	nan
1067	A	1.412394	0.039985
1068	C	0.166874	0.072249
1069	C	0.551305	0.114574
1070	U	0.652202	0.03606
1071	C	1.169467	0.162291
1072	G	0.004044	0.187632
1073	A	0.904393	0.029666
1074	A	0.689902	0.031818
1075	C	0.740285	0.102713
1076	U	0.273608	0.024749
1077	G	1.07646	0.112148
1078	C	0.49577	0.142072
1079	U	0.952409	0.058481
1080	U	0.249744	0.026689
1081	U	0.208219	0.022013
1082	G	0.217017	0.181971
1083	A	0.557339	0.030421
1084	U	0.552768	0.033302
1085	C	0.655096	0.168761
1086	A	0.416256	0.024249
1087	U	1.276763	0.098669
1088	G	0.660174	0.058405
1089	C	0.360977	0.083841
1090	A	1.067988	0.037633
1091	A	0.566733	0.029323
1092	U	0.684573	0.047596
1093	C	0.297624	0.129402
1094	C	0.28222	0.068626
1095	U	0.843144	0.060027
1096	C	nan	nan
1097	U	0.408617	0.031345
1098	U	0.330614	0.029282
1099	G	1.465347	0.050262
1100	U	0.118394	0.03226
1101	G	1.367284	0.082775
1102	A	0.771482	0.035467
1103	A	1.015465	0.035803
1104	A	0.0927	0.023033
1105	A	0.080468	0.021243
1106	U	0.16927	0.028049
1107	A	0.242162	0.025466
1108	C	0.211626	0.069553
1109	C	0.291962	0.145577
1110	A	0.434412	0.027337
1111	U	0.22189	0.043657
1112	G	0.357222	0.06943
1113	G	0.344264	0.061147
1114	C	0.574759	0.095434
1115	C	nan	nan
1116	A	0.760749	0.031933
1117	C	0.122932	0.08492
1118	A	0.483158	0.025687
1119	A	0.079889	0.03884
1120	U	0.244454	0.023031
1121	U	0.908828	0.055826
1122	A	0.478058	0.026303
1123	U	0.130858	0.024561
1124	U	0.37316	0.021097
1125	G	0.235464	0.046586
1126	C	1.093983	0.128862
1127	U	1.616292	0.041576
1128	U	1.029955	0.036437
1129	C	0.281448	0.121584
1130	A	0.364861	0.025279
1131	G	0.351849	0.069457
1132	C	0.118349	0.14989
1133	A	0.626534	0.024658
1134	A	0.4528	0.045968
1135	U	0.021028	0.051491
1136	U	0.079528	0.043134
1137	G	0.244246	0.166065
1138	A	0.259073	0.052839
1139	C	0.263925	0.078989
1140	U	0.078354	0.024264
1141	G	0.444501	0.051841
1142	U	0.441895	0.032034
1143	U	0.54156	0.031141
1144	C	0.333748	0.204347
1145	G	1.2529	0.059303
1146	U	0.081104	0.081909
1147	C	0.736301	0.064059
1148	U	0.075754	0.120505
1149	C	0.128593	0.135872
1150	U	0.575574	0.067471
1151	C	0.746486	0.181971
1152	C	0.271204	0.144229
1153	C	nan	nan
1154	A	0.531741	0.047333
1155	C	0.120236	0.079528
1156	U	0.389283	0.09112
1157	U	0.44113	0.03808
1158	A	0.226609	0.037502
1159	C	0.588151	0.043006
1160	U	0.105948	0.056883
1161	A	1.629733	0.046759
1162	U	1.915195	0.063149
1163	U	0.457992	0.03127
1164	A	0.154322	0.0464
1165	G	0.558386	0.067399
1166	C	0.699847	0.120775
1167	U	0.140192	0.042761
1168	G	0.261229	0.20893
1169	A	0.228131	0.034817
1170	A	0.333676	0.030393
1171	U	0.718179	0.13048
1172	C	0.477708	0.204077
1173	A	0.434449	0.031379
1174	A	0.585547	0.032425
1175	U	0.123201	0.105678
1176	C	0.513023	0.129941
1177	U	0.199902	0.062626
1178	C	nan	nan
1179	C	0.577724	0.153125
1180	U	0.278722	0.032831
1181	G	0.224027	0.172805
1182	G	0.640808	0.204886
1183	U	0.264229	0.041426
1184	U	0.273389	0.029957
1185	G	0.37993	0.079895
1186	C	0.358281	0.106487
1187	C	0.18278	0.226722
1188	U	0.494422	0.111878
1189	U	1.009961	0.041645
1190	U	0.885202	0.065495
1191	C	0.386904	0.078088
1192	U	0.940787	0.045361
1193	G	0.491752	0.075894
1194	A	0.616169	0.047441
1195	G	0.546213	0.089354
1196	G	nan	nan
1197	A	0.42379	0.075754
1198	U	0.186901	0.038831
1199	A	0.164445	0.033503
1200	G	0.327234	0.086732
1201	C	0.295467	0.087346
1202	U	0.499946	0.033539
1203	G	0.980984	0.067767
1204	U	0.575294	0.044556
1205	U	0.577343	0.03021
1206	G	0.137427	0.048895
1207	C	0.381465	0.103252
1208	U	0.694947	0.064637
1209	C	0.342914	0.22807
1210	U	2.215544	0.061138
1211	U	0.173614	0.132097
1212	C	0.317861	0.057427
1213	U	0.363088	0.06913
1214	C	0.433495	0.203268
1215	C	0.722762	0.151508
1216	C	0.217556	0.169031
1217	A	0.231394	0.027143
1218	A	0.788572	0.042033
1219	C	0.196259	0.079258
1220	C	0.014558	0.165796
1221	A	0.927108	0.04596
1222	U	0.479	0.035012
1223	U	0.464059	0.035448
1224	G	1.509973	0.058873
1225	U	0.153395	0.057692
1226	G	0.042325	0.211895
1227	A	0.329562	0.044656
1228	A	0.404995	0.033006
1229	C	1.123631	0.04772
1230	U	0.500264	0.053534
1231	C	nan	nan
1232	U	0.850407	0.057181
1233	U	0.103695	0.036982
1234	C	0.029655	0.139915
1235	A	0.238617	0.028291
1236	U	0.396437	0.03698
1237	A	0.676311	0.050226
1238	C	nan	nan
1239	C	nan	nan
1240	C	0.063892	0.162291
1241	C	0.555079	0.153664
1242	U	1.556788	0.062889
1243	C	0.308138	0.151777
1244	A	0.480032	0.036902
1245	U	0.277125	0.031488
1246	G	0.428643	0.128054
1247	C	0.386048	0.096242
1248	A	1.011178	0.04309
1249	C	0.301854	0.039431
1250	U	1.246781	0.053039
1251	C	0.826283	0.191407
1252	G	1.177748	0.057323
1253	U	0.58572	0.036832
1254	A	2.745731	0.066671
1255	U	0.828107	0.055732
1256	U	0.257113	0.033181
1257	U	0.162645	0.028363
1258	U	0.358529	0.035633
1259	C	0.324852	0.162561
1260	A	0.389828	0.034346
1261	G	0.402468	0.036931
1262	U	0.49843	0.048364
1263	G	0.218096	0.16283
1264	U	0.304211	0.05492
1265	U	0.61978	0.117809
1266	U	0.060525	0.026138
1267	G	0.266621	0.141263
1268	A	0.40465	0.075484
1269	A	1.23255	0.127784
1270	G	0.186554	0.181162
1271	G	0.089772	0.210278
1272	U	0.181971	0.095703
1273	U	0.564069	0.035027
1274	G	0.322909	0.059857
1275	C	0.443201	0.111878
1276	C	0.523537	0.170648
1277	G	0.644591	0.110799
1278	G	0.621366	0.054186
1279	U	0.352619	0.067936
1280	A	0.721082	0.03733
1281	A	0.804382	0.037783
1282	G	0.108643	0.129132
1283	C	0.13708	0.043953
1284	A	1.334602	0.04835
1285	C	0.722223	0.139107
1286	U	0.161287	0.035944
1287	U	0.370089	0.057208
1288	C	nan	nan
1289	U	0.291795	0.033535
1290	U	0.186824	0.115383
1291	C	nan	nan
1292	U	0.88764	0.046553
1293	U	0.095267	0.063407
1294	C	1.015696	0.062126
1295	U	0.028576	0.094625
1296	C	nan	nan
1297	U	0.120236	0.111339
1298	C	0.102713	0.173883
1299	U	0.18563	0.034484
1300	U	0.134667	0.031102
1301	G	nan	nan
1302	A	0.155386	0.031523
1303	C	0.242806	0.041332
1304	U	0.069919	0.040788
1305	G	nan	nan
1306	A	0.106315	0.028104
1307	C	0.219163	0.045091
1308	G	0.273091	0.181432
1309	A	0.519631	0.033504
1310	U	1.01101	0.050634
1311	C	0.178197	0.170918
1312	C	nan	nan
1313	G	0.607516	0.077594
1314	C	0.087076	0.088964
1315	U	0.17794	0.031452
1316	U	0.161213	0.070901
1317	A	0.714832	0.046849
1318	U	0.37438	0.040944
1319	U	nan	nan
1320	C	0.624902	0.283336
1321	U	0.376784	0.095527
1322	U	1.336822	0.070213
1323	U	0.180484	0.025847
1324	U	0.432235	0.058326
1325	A	0.192823	0.043544
1326	A	1.093435	0.044755
1327	A	0.065516	0.037412
1328	A	0.507901	0.081954
1329	G	0.46041	0.038779
1330	U	0.271167	0.047909
1331	G	0.347469	0.10529
1332	A	0.195263	0.051532
1333	A	0.363181	0.030786
1334	U	0.060704	0.080943
1335	C	0.155552	0.156899
1336	C	0.159056	0.15636
1337	A	0.897265	0.045421
1338	C	0.175231	0.077102
1339	C	0.409502	0.16283
1340	G	0.480275	0.083146
1341	A	0.743212	0.038582
1342	A	0.431479	0.031975
1343	G	0.208522	0.062308
1344	C	0.061196	0.080067
1345	U	0.246402	0.07818
1346	G	0.59363	0.183589
1347	A	0.363328	0.046872
1348	A	0.563207	0.032605
1349	A	0.409864	0.060546
1350	G	0.433276	0.059854
1351	A	0.724408	0.038419
1352	U	0.884856	0.043577
1353	G	0.084381	0.20246
1354	A	0.196786	0.057418
1355	G	0.262083	0.062857
1356	C	0.237775	0.086537
1357	U	1.10217	0.039601
1358	A	0.401311	0.035923
1359	A	0.399453	0.028891
1360	U	0.45977	0.043628
1361	C	nan	nan
1362	C	0.540791	0.151238
1363	U	0.543373	0.046033
1364	C	0.115383	0.133715
1365	A	0.601576	0.04349
1366	A	0.288969	0.028987
1367	G	0.399931	0.057959
1368	C	0.411436	0.072303
1369	C	1.652297	0.189789
1370	C	nan	nan
1371	A	0.807845	0.040129
1372	U	0.101165	0.032937
1373	U	0.352244	0.031782
1374	G	0.312172	0.047322
1375	C	0.261229	0.088155
1376	U	0.22615	0.029059
1377	G	0.360623	0.080148
1378	C	0.288727	0.15016
1379	C	nan	nan
1380	U	0.748125	0.043402
1381	U	0.407077	0.029578
1382	G	0.4016	0.06178
1383	C	0.99801	0.152316
1384	A	0.053648	0.036394
1385	U	2.391782	0.062569
1386	A	0.121264	0.022282
1387	U	0.05747	0.048313
1388	A	0.571165	0.029548
1389	U	0.184397	0.174153
1390	C	0.18251	0.131019
1391	C	0.238315	0.163639
1392	A	1.537483	0.045193
1393	C	0.916595	0.118618
1394	G	0.486133	0.068485
1395	G	0.679522	0.075472
1396	C	0.235619	0.196259
1397	U	0.255173	0.032297
1398	U	0.676211	0.038054
1399	G	0.720695	0.077974
1400	U	0.248813	0.03705
1401	U	0.590859	0.047355
1402	C	nan	nan
1403	C	0.458837	0.142611
1404	U	1.320283	0.089138
1405	C	nan	nan
1406	U	0.323692	0.029422
1407	G	0.797575	0.071287
1408	U	0.726666	0.043113
1409	U	0.54572	0.030661
1410	G	0.147194	0.159326
1411	G	0.382274	0.147464
1412	A	0.492806	0.103693
1413	U	0.293298	0.040466
1414	U	0.518989	0.058748
1415	C	0.154743	0.144498
1416	U	0.602651	0.038361
1417	G	0.78392	0.052837
1418	C	0.121584	0.102713
1419	C	0.025072	0.13722
1420	U	0.371401	0.039248
1421	C	0.558044	0.114035
1422	A	0.450749	0.061735
1423	G	0.211895	0.140994
1424	G	1.404277	0.165526
1425	A	0.391579	0.033443
1426	U	0.216375	0.027735
1427	G	0.351878	0.039818
1428	U	0.124037	0.120263
1429	C	0.064431	0.144498
1430	U	0.257798	0.031944
1431	A	0.418045	0.032986
1432	C	0.165526	0.076563
1433	C	0.421903	0.159595
1434	A	0.546737	0.032616
1435	U	0.143639	0.026453
1436	U	0.468673	0.048343
1437	C	0.258534	0.137759
1438	U	0.603411	0.040353
1439	U	0.49951	0.028989
1440	A	0.971544	0.040232
1441	U	0.739977	0.039808
1442	U	0.233385	0.068496
1443	C	0.077641	0.150969
1444	C	0.387126	0.132906
1445	A	1.255789	0.044849
1446	C	0.218365	0.092468
1447	C	0.184128	0.147194
1448	A	1.072167	0.039713
1449	A	0.868221	0.035222
1450	U	0.519962	0.059279
1451	C	0.506879	0.06729
1452	U	0.115179	0.029332
1453	G	2.559993	0.068779
1454	U	nan	nan
1455	G	0.206658	0.033991
1456	U	nan	nan
1457	G	0.472824	0.061323
1458	C	0.745946	0.102173
1459	U	1.006334	0.0429
1460	G	1.485591	0.058434
1461	U	0.849385	0.049044
1462	G	0.429534	0.092388
1463	G	0.184936	0.141263
1464	C	0.293849	0.1046
1465	A	0.303995	0.061033
1466	C	0.222679	0.064431
1467	A	0.45887	0.0262
1468	U	0.140455	0.088424
1469	C	0.366397	0.051333
1470	U	0.201404	0.092674
1471	C	0.087616	0.140994
1472	C	nan	nan
1473	A	0.976653	0.032034
1474	A	0.433776	0.033445
1475	U	0.408719	0.0347
1476	A	2.699641	0.157439
1477	G	0.874457	0.063128
1478	A	0.190598	0.060657
1479	G	0.099208	0.092468
1480	A	0.765087	0.084381
1481	U	0.265891	0.024339
1482	G	0.184333	0.050964
1483	C	1.922423	0.132637
1484	U	0.131422	0.026088
1485	A	2.104124	0.157439
1486	G	0.783481	0.051013
1487	U	1.536541	0.0468
1488	G	0.560969	0.086207
1489	G	0.37149	0.15663
1490	A	0.262833	0.036374
1491	U	0.122861	0.036727
1492	C	0.275248	0.125088
1493	U	0.224741	0.024125
1494	G	0.203968	0.05282
1495	C	0.332131	0.09139
1496	U	0.20246	0.057422
1497	G	0.015906	0.137489
1498	A	0.213243	0.057422
1499	U	0.776366	0.028598
1500	A	0.603191	0.045965
1501	C	0.590934	0.096512
1502	U	0.464982	0.031489
1503	G	1.273954	0.063565
1504	U	0.247445	0.051131
1505	U	0.218879	0.03001
1506	G	0.351676	0.061972
1507	C	0.757808	0.176849
1508	C	0.346688	0.15016
1509	C	nan	nan
1510	U	1.165196	0.047218
1511	U	0.054927	0.058717
1512	C	0.191835	0.046846
1513	U	0.250176	0.067127
1514	C	0.174423	0.172805
1515	A	0.399634	0.033929
1516	C	0.272822	0.063353
1517	U	0.550049	0.032733
1518	A	0.822267	0.035886
1519	U	0.628041	0.033974
1520	G	0.98981	0.09821
1521	U	0.284414	0.083572
1522	U	0.459687	0.032762
1523	U	0.180353	0.077911
1524	C	0.185206	0.13668
1525	U	0.23454	0.071171
1526	G	0.224296	0.151508
1527	G	0.536477	0.162022
1528	C	0.277135	0.09139
1529	A	0.97238	0.040604
1530	G	0.917403	0.177118
1531	C	1.002054	0.188172
1532	A	0.903191	0.041186
1533	A	0.714405	0.100825
1534	U	1.265014	0.045671
1535	A	0.162022	0.042056
1536	A	0.471542	0.032308
1537	U	0.905146	0.034358
1538	U	0.664828	0.029239
1539	A	0.61318	0.031588
1540	A	0.154903	0.033716
1541	G	0.165067	0.05233
1542	C	nan	nan
1543	U	0.784665	0.078861
1544	U	0.532973	0.083572
1545	U	1.269214	0.119696
1546	G	0.453809	0.1005
1547	G	1.054008	0.05079
1548	U	0.21911	0.04519
1549	C	nan	nan
1550	A	1.283272	0.038744
1551	A	0.127173	0.031314
1552	U	0.635696	0.037175
1553	A	0.462035	0.028345
1554	U	0.093277	0.075754
1555	C	0.554331	0.081551
1556	A	nan	nan
1557	U	0.055265	0.068745
1558	C	0.03235	0.143151
1559	A	0.835488	0.055189
1560	U	0.167865	0.038586
1561	U	1.375063	0.045814
1562	U	0.110792	0.062774
1563	C	0.804001	0.059526
1564	U	0.513067	0.046918
1565	C	nan	nan
1566	A	0.819279	0.047522
1567	C	0.343723	0.155282
1568	U	0.492194	0.044407
1569	U	0.401153	0.074093
1570	C	0.37176	0.170918
1571	C	0.177658	0.148273
1572	C	0.047178	0.166605
1573	C	0.089772	0.15016
1574	U	0.588481	0.061393
1575	C	nan	nan
1576	C	0.295197	0.128862
1577	U	0.161752	0.088964
1578	G	0.274439	0.138028
1579	G	0.171457	0.198416
1580	A	0.537017	0.11754
1581	G	0.258534	0.127784
1582	U	0.561008	0.041538
1583	G	0.524346	0.126975
1584	U	0.072601	0.042182
1585	A	0.164873	0.040953
1586	C	0.116192	0.07845
1587	A	0.841523	0.034446
1588	U	0.290199	0.057199
1589	C	0.168833	0.070427
1590	U	0.736999	0.036208
1591	G	0.245996	0.051325
1592	C	0.205155	0.11727
1593	U	0.357631	0.058985
1594	C	0.870226	0.257455
1595	C	0.057961	0.142072
1596	C	0.216748	0.150699
1597	A	0.12758	0.025638
1598	G	0.469382	0.058687
1599	C	0.253951	0.076293
1600	A	0.815561	0.034707
1601	U	0.635647	0.03444
1602	G	1.278756	0.080711
1603	U	0.320823	0.039347
1604	U	0.552359	0.062963
1605	C	0.073597	0.199494
1606	C	0.280818	0.112514
1607	U	0.445243	0.038779
1608	U	0.406669	0.043785
1609	G	0.582846	0.192754
1610	G	0.690411	0.189789
1611	G	0.617754	0.055932
1612	U	0.473417	0.049014
1613	C	0.376882	0.256916
1614	A	0.133297	0.027641
1615	A	0.99059	0.046877
1616	A	0.679173	0.032428
1617	U	0.88288	0.038679
1618	G	0.809716	0.061826
1619	C	0.327278	0.112687
1620	A	1.153876	0.048351
1621	A	0.645024	0.039437
1622	C	0.584721	0.041651
1623	A	0.882795	0.040861
1624	C	0.126167	0.100556
1625	C	0.37176	0.147464
1626	U	0.807467	0.053782
1627	C	0.057692	0.150429
1628	A	2.226678	0.054578
1629	A	0.086121	0.018721
1630	U	1.508625	0.053477
1631	A	0.143959	0.057152
1632	U	0.566603	0.036274
1633	A	0.047061	0.031779
1634	C	0.853246	0.057729
1635	A	0.033968	0.055265
1636	C	0.051221	0.059309
1637	A	0.125432	0.034086
1638	C	0.132442	0.033003
1639	U	0.347603	0.032723
1640	G	0.334952	0.057038
1641	C	0.131558	0.129941
1642	U	0.443177	0.039708
1643	U	0.070732	0.06568
1644	G	0.428164	0.044789
1645	U	0.397768	0.083067
1646	C	0.211086	0.224566
1647	C	0.375534	0.173075
1648	C	nan	nan
1649	A	0.416799	0.054845
1650	C	0.090042	0.076023
1651	C	nan	nan
1652	A	0.152047	0.059848
1653	G	0.714496	0.073392
1654	C	0.132637	0.107565
1655	C	0.122392	0.175231
1656	A	0.864944	0.053861
1657	C	0.410259	0.066424
1658	U	0.569147	0.045736
1659	G	0.230497	0.204616
1660	G	0.53513	0.180353
1661	G	nan	nan
1662	A	0.727468	0.101739
1663	G	0.021028	0.174962
1664	G	0.106756	0.218365
1665	A	0.173989	0.047055
1666	A	0.216794	0.039964
1667	C	0.155552	0.093277
1668	C	nan	nan
1669	U	0.426486	0.04687
1670	U	0.501848	0.037365
1671	G	1.485245	0.132577
1672	U	0.684543	0.079862
1673	U	0.925935	0.055138
1674	U	0.233179	0.030823
1675	U	0.64314	0.041737
1676	G	1.258136	0.069921
1677	C	0.283679	0.063068
1678	G	0.410318	0.089362
1679	G	0.252333	0.257994
1680	A	0.573753	0.051567
1681	C	0.174194	0.061011
1682	C	nan	nan
1683	A	0.675455	0.049056
1684	A	1.082735	0.068693
1685	U	1.500797	0.065605
1686	U	0.198767	0.055057
1687	C	1.35912	0.098256
1688	U	0.202365	0.051943
1689	C	nan	nan
1690	U	0.195348	0.083123
1691	U	1.561299	0.0657
1692	U	0.109776	0.059998
1693	C	nan	nan
1694	U	0.074848	0.030593
1695	A	0.247739	0.030264
1696	G	0.415424	0.062281
1697	C	0.261383	0.051338
1698	A	0.456505	0.030121
1699	U	0.363993	0.03452
1700	G	0.865346	0.044877
1701	U	0.813982	0.05942
1702	A	0.721369	0.03251
1703	U	0.493659	0.032869
1704	G	0.751497	0.059978
1705	C	0.145346	0.039639
1706	U	0.351097	0.034604
1707	A	1.366876	0.044382
1708	C	0.056326	0.046218
1709	C	nan	nan
1710	A	0.621477	0.044115
1711	U	1.30398	0.05033
1712	C	0.115959	0.068176
1713	A	0.648838	0.03555
1714	A	1.196567	0.052715
1715	G	1.704597	0.250716
1716	G	0.770209	0.181971
1717	G	0.445896	0.223757
1718	A	1.146726	0.048066
1719	G	0.683952	0.099574
1720	C	0.524885	0.213782
1721	A	1.040778	0.038524
1722	A	0.936389	0.057133
1723	U	0.336754	0.050607
1724	U	0.661069	0.038744
1725	U	0.139524	0.03161
1726	U	0.063083	0.043134
1727	A	0.170315	0.023821
1728	C	0.415273	0.040373
1729	A	0.96766	0.037833
1730	A	0.297343	0.030452
1731	U	0.245227	0.04109
1732	C	2.874872	0.232384
1733	C	1.068102	0.163909
1734	U	0.533663	0.041255
1735	G	0.096846	0.070384
1736	G	0.226453	0.174423
1737	A	0.878936	0.043961
1738	G	0.790187	0.177127
1739	U	0.136472	0.041265
1740	U	0.658741	0.033111
1741	U	0.768052	0.141533
1742	C	0.297295	0.046481
1743	U	0.52124	0.072063
1744	C	0.118079	0.16984
1745	C	nan	nan
1746	U	0.463129	0.069903
1747	U	0.246071	0.03519
1748	U	0.020272	0.032292
1749	U	0.688505	0.036479
1750	U	0.205545	0.045172
1751	C	0.548511	0.067825
1752	U	0.124549	0.112957
1753	C	0.405998	0.203268
1754	U	0.503931	0.095799
1755	U	1.444602	0.060276
1756	U	0.148992	0.025254
1757	U	0.418438	0.029171
1758	G	1.683122	0.055381
1759	U	0.283029	0.032843
1760	U	0.087321	0.019669
1761	A	2.121118	0.052796
1762	U	0.230128	0.030049
1763	U	0.375676	0.026447
1764	G	1.562052	0.05191
1765	U	0.307901	0.037168
1766	C	nan	nan
1767	A	1.605568	0.04343
1768	G	2.105536	0.067501
1769	U	0.322544	0.033106
1770	U	1.016263	0.038633
1771	G	1.895263	0.054401
1772	U	0.222348	0.028929
1773	G	0.179909	0.09177
1774	A	0.984689	0.04686
1775	U	0.518555	0.030322
1776	U	0.534051	0.140185
1777	C	0.238584	0.167953
1778	C	0.385239	0.146925
1779	G	0.366368	0.13695
1780	A	0.370931	0.025535
1781	U	0.408044	0.030248
1782	G	1.337673	0.046286
1783	U	0.086974	0.027224
1784	U	0.230851	0.025137
1785	A	0.424245	0.029791
1786	G	0.56768	0.037681
1787	U	0.06155	0.034337
1788	A	1.53269	0.05037
1789	U	0.217196	0.031661
1790	U	0.354536	0.048595
1791	C	0.112418	0.180623
1792	U	0.188569	0.036353
1793	G	0.237957	0.078053
1794	G	1.141949	0.220236
1795	C	0.184667	0.159865
1796	C	0.01294	0.177658
1797	C	nan	nan
1798	C	nan	nan
1799	C	0.020219	0.147194
1800	A	0.348727	0.035583
1801	C	0.0585	0.114844
1802	U	0.562613	0.041907
1803	U	0.512288	0.035958
1804	C	0.181971	0.161482
1805	G	1.660851	0.117369
1806	U	1.253274	0.059617
1807	U	0.652157	0.035439
1808	U	0.427502	0.038781
1809	G	nan	nan
1810	G	0.03289	0.181971
1811	G	nan	nan
1812	A	0.434304	0.096512
1813	A	0.873019	0.045108
1814	A	0.070131	0.033835
1815	A	0.036503	0.024871
1816	C	0.79288	0.046751
1817	A	0.092738	0.0585
1818	A	0.233431	0.026113
1819	C	nan	nan
1820	U	1.564197	0.056804
1821	U	0.185889	0.08708
1822	C	0.627328	0.157439
1823	C	0.128593	0.162022
1824	A	0.929038	0.038512
1825	U	0.4972	0.036547
1826	G	1.071591	0.11356
1827	A	0.948957	0.042455
1828	U	0.555255	0.040488
1829	U	0.888197	0.040113
1830	A	0.517409	0.032412
1831	C	0.238868	0.034267
1832	A	0.665277	0.034561
1833	U	0.399222	0.055258
1834	C	0.381465	0.135333
1835	C	0.446403	0.085746
1836	U	2.515495	0.062363
1837	G	0.643056	0.044054
1838	U	0.118579	0.029122
1839	G	0.118689	0.076739
1840	C	nan	nan
1841	C	nan	nan
1842	U	3.00576	0.10532
1843	C	0.306656	0.100805
1844	U	1.137752	0.074407
1845	U	0.363935	0.027777
1846	U	0.537676	0.035189
1847	G	nan	nan
1848	G	nan	nan
1849	C	nan	nan
1850	A	0.210258	0.031575
1851	C	0.072788	0.093007
1852	U	0.540231	0.03015
1853	A	0.304579	0.025456
1854	A	0.097013	0.03497
1855	G	0.096782	0.18278
1856	G	0.23495	0.047867
1857	U	0.234172	0.0811
1858	C	nan	nan
1859	U	0.740109	0.039871
1860	G	1.194841	0.062867
1861	C	0.316766	0.053996
1862	G	1.478479	0.056935
1863	U	0.821501	0.046608
1864	G	0.881052	0.048594
1865	U	0.156354	0.129581
1866	C	0.219174	0.18898
1867	C	0.073597	0.157978
1868	A	1.517994	0.057537
1869	G	1.665278	0.099407
1870	G	0.543439	0.122041
1871	G	1.044109	0.339679
1872	U	0.366122	0.049519
1873	U	0.627585	0.040428
1874	U	0.312233	0.040024
1875	A	0.520368	0.034578
1876	U	0.227767	0.029255
1877	G	0.609298	0.046705
1878	U	0.241363	0.045
1879	C	0.109991	0.212973
1880	A	0.185378	0.027721
1881	A	0.645562	0.041192
1882	C	0.152411	0.036678
1883	U	1.685029	0.074946
1884	C	nan	nan
1885	U	0.730907	0.085983
1886	C	0.176462	0.101707
1887	C	0.182241	0.167144
1888	G	1.06226	0.076805
1889	U	0.406329	0.086971
1890	C	0.224748	0.09203
1891	U	0.839583	0.050336
1892	U	0.107932	0.031034
1893	A	1.04081	0.04643
1894	U	0.088044	0.075079
1895	C	0.371331	0.091195
1896	U	0.566995	0.042223
1897	U	0.294638	0.029687
1898	A	0.286519	0.027378
1899	A	1.027539	0.051665
1900	C	0.115112	0.040567
1901	U	0.2451	0.036278
1902	U	0.262837	0.036275
1903	G	0.425947	0.240202
1904	A	0.761787	0.058495
1905	U	0.204445	0.041233
1906	U	0.535197	0.075696
1907	C	nan	nan
1908	C	0.174962	0.192754
1909	U	0.810975	0.060794
1910	A	0.785672	0.049198
1911	A	1.208641	0.0504
1912	A	0.158147	0.033282
1913	G	0.88595	0.054391
1914	U	0.071212	0.035511
1915	G	0.275787	0.2677
1916	A	0.39607	0.040188
1917	A	0.186352	0.029569
1918	C	0.846858	0.057248
1919	A	4.911574	0.09759
1920	G	nan	nan
1921	G	nan	nan
1922	G	0.03289	0.189789
1923	C	0.246941	0.085189
1924	C	nan	nan
1925	A	0.202724	0.033965
1926	A	0.804785	0.040237
1927	A	0.284684	0.073328
1928	G	nan	nan
1929	G	nan	nan
1930	U	0.068581	0.074826
1931	C	0.069823	0.197607
1932	C	nan	nan
1933	C	nan	nan
1934	A	0.125409	0.032793
1935	U	0.103571	0.031943
1936	G	0.492265	0.29358
1937	U	0.11343	0.053905
1938	U	0.25682	0.035101
1939	U	0.169198	0.034031
1940	C	nan	nan
1941	A	0.1972	0.025596
1942	U	0.285025	0.067884
1943	C	nan	nan
1944	C	0.321886	0.20192
1945	U	0.257607	0.055392
1946	U	0.623157	0.038188
1947	U	0.564664	0.031748
1948	C	nan	nan
1949	G	0.290496	0.121895
1950	A	1.281289	0.055271
1951	C	1.077268	0.400336
1952	U	1.157454	0.092945
1953	U	1.656926	0.084556
1954	U	0.660181	0.037947
1955	U	0.138455	0.027593
1956	U	0.544991	0.033685
1957	C	0.347228	0.167683
1958	G	0.555033	0.105815
1959	A	0.120454	0.027746
1960	A	1.650091	0.048681
1961	A	0.610353	0.03333
1962	U	1.371927	0.170379
1963	A	0.114856	0.026493
1964	A	0.027837	0.023559
1965	G	0.226294	0.131513
1966	U	0.280034	0.056258
1967	U	0.879024	0.04061
1968	U	0.813122	0.043233
1969	U	0.033902	0.026759
1970	A	1.806501	0.050453
1971	U	nan	nan
1972	A	0.147736	0.022555
1973	U	0.082763	0.048795
1974	A	0.980829	0.040935
1975	C	0.088964	0.082494
1976	C	0.249098	0.252064
1977	U	1.309345	0.066686
1978	U	0.313584	0.03946
1979	U	0.236131	0.031452
1980	G	0.486005	0.085833
1981	G	1.075381	0.190867
1982	A	0.763993	0.042711
1983	U	0.730407	0.039208
1984	A	0.791421	0.038018
1985	G	1.140663	0.05357
1986	U	0.601712	0.043237
1987	G	0.183858	0.22834
1988	A	0.731581	0.036196
1989	A	0.494578	0.032302
1990	C	0.195416	0.038072
1991	U	0.860376	0.040505
1992	G	0.684207	0.046621
1993	U	0.998349	0.045221
1994	A	0.290027	0.030998
1995	C	0.524019	0.051722
1996	U	1.008151	0.042454
1997	U	0.479752	0.031099
1998	G	2.108418	0.072344
1999	U	0.145054	0.036032
2000	U	0.055158	0.020846
2001	G	1.51219	0.06446
2002	U	0.079253	0.028355
2003	U	0.890906	0.040478
2004	G	0.573952	0.080278
2005	G	0.245653	0.072292
2006	C	0.342375	0.166335
2007	C	0.03262	0.154473
2008	C	nan	nan
2009	A	0.516532	0.057372
2010	U	0.23632	0.031398
2011	U	0.591869	0.05891
2012	C	0.037742	0.173883
2013	C	nan	nan
2014	U	1.728182	0.054228
2015	A	1.587766	0.05728
2016	U	0.586213	0.051543
2017	U	0.456923	0.076536
2018	C	0.261499	0.194372
2019	C	0.020219	0.170648
2020	A	1.227898	0.055278
2021	C	0.243976	0.095164
2022	C	nan	nan
2023	A	0.865782	0.043082
2024	U	0.446456	0.044515
2025	G	1.203279	0.061417
2026	U	0.179613	0.056046
2027	C	0.159326	0.22834
2028	A	1.011752	0.051856
2029	C	0.102915	0.049224
2030	A	0.180355	0.03312
2031	G	0.757715	0.073931
2032	C	0.326192	0.061954
2033	C	0.049334	0.155282
2034	A	0.267363	0.032375
2035	G	1.764513	0.084051
2036	A	0.614243	0.049316
2037	G	0.103256	0.251668
2038	G	0.259538	0.060084
2039	U	0.553066	0.044077
2040	G	0.002495	0.056765
2041	A	0.359272	0.035664
2042	U	0.765252	0.044076
2043	A	0.919177	0.043415
2044	C	0.149686	0.042584
2045	C	0.083302	0.24775
2046	A	0.685886	0.035453
2047	U	1.30494	0.058286
2048	C	0.203268	0.152047
2049	A	0.51976	0.063556
2050	C	0.293551	0.038876
2051	U	1.09143	0.05099
2052	C	0.239393	0.200033
2053	G	0.376179	0.112999
2054	G	2.241445	0.080126
2055	U	0.404868	0.09127
2056	C	0.360221	0.122941
2057	U	0.578836	0.04665
2058	G	0.06431	0.101482
2059	A	0.232664	0.040774
2060	G	1.096334	0.069195
2061	C	0.255029	0.114574
2062	C	0.500353	0.175771
2063	G	0.423262	0.078205
2064	G	1.107543	0.070491
2065	C	0.071699	0.069679
2066	G	0.607511	0.054952
2067	U	0.737852	0.054893
2068	C	0.036125	0.151777
2069	A	0.89419	0.084184
2070	U	0.508868	0.067101
2071	U	0.197412	0.027268
2072	U	0.318779	0.029502
2073	G	1.70866	0.118078
2074	U	0.25957	0.056523
2075	U	1.573533	0.051249
2076	U	0.236831	0.028872
2077	U	0.370842	0.028642
2078	G	0.063534	0.05819
2079	C	0.116192	0.082224
2080	U	0.903815	0.072372
2081	C	0.268239	0.229688
2082	C	0.078989	0.133985
2083	A	0.10276	0.047286
2084	G	1.841774	0.075357
2085	A	1.638538	0.058756
2086	G	0.989922	0.227262
2087	G	0.301975	0.10376
2088	G	0.584691	0.231985
2089	U	0.29661	0.059838
2090	U	0.054019	0.025063
2091	U	0.235131	0.027415
2092	G	0.190801	0.035296
2093	U	0.143099	0.079361
2094	C	0.225644	0.181162
2095	C	0.342105	0.246941
2096	U	0.244642	0.036777
2097	U	0.22315	0.029986
2098	G	1.331644	0.089465
2099	U	0.266665	0.044501
2100	U	0.559715	0.043722
2101	C	nan	nan
2102	A	1.275801	0.069346
2103	U	0.636837	0.039961
2104	U	1.086643	0.058412
2105	C	nan	nan
2106	C	0.305451	0.080672
2107	U	1.467886	0.078308
2108	C	nan	nan
2109	U	0.560005	0.044556
2110	C	0.296545	0.187902
2111	A	0.590836	0.052304
2112	G	0.708751	0.073349
2113	G	0.577753	0.135966
2114	A	0.426761	0.056777
2115	A	0.741937	0.040613
2116	U	0.514729	0.039781
2117	C	0.218365	0.200033
2118	A	0.915389	0.082512
2119	U	0.310367	0.040562
2120	U	0.492025	0.037655
2121	U	0.274929	0.096674
2122	C	0.290816	0.082135
2123	C	0.103252	0.138568
2124	A	0.442587	0.031049
2125	U	0.482179	0.075784
2126	U	0.6524	0.036872
2127	A	0.691798	0.03405
2128	U	0.53874	0.040206
2129	C	nan	nan
2130	C	0.241371	0.089534
2131	U	1.393954	0.083085
2132	C	nan	nan
2133	U	0.651886	0.043132
2134	U	0.04949	0.023062
2135	A	1.084646	0.042675
2136	U	0.242888	0.045768
2137	C	0.22192	0.07377
2138	U	0.797845	0.042068
2139	G	0.499866	0.08476
2140	C	0.170109	0.120775
2141	C	0.497118	0.197337
2142	G	0.44555	0.088731
2143	U	0.111334	0.029663
2144	A	1.259411	0.044259
2145	A	0.777481	0.043415
2146	U	0.260734	0.037337
2147	U	0.63919	0.143959
2148	G	0.348845	0.187902
2149	G	0.589463	0.098767
2150	A	0.215631	0.035511
2151	U	0.657689	0.039166
2152	A	0.779378	0.083384
2153	U	0.12961	0.041876
2154	U	0.500854	0.042525
2155	U	0.389886	0.040144
2156	C	nan	nan
2157	A	1.092445	0.048382
2158	U	0.403074	0.041159
2159	U	0.562282	0.045251
2160	G	0.845843	0.075557
2161	C	0.335744	0.065537
2162	C	nan	nan
2163	A	0.594365	0.040082
2164	U	1.390862	0.065906
2165	C	nan	nan
2166	A	0.245679	0.031865
2167	U	0.381287	0.085322
2168	C	0.194846	0.086117
2169	C	0.062275	0.198416
2170	A	1.287591	0.058187
2171	C	0.217929	0.069976
2172	U	1.281391	0.066765
2173	U	0.99793	0.05967
2174	C	0.129132	0.1693
2175	A	1.317427	0.056282
2176	U	0.401606	0.063746
2177	C	0.052242	0.054114
2178	C	0.210202	0.074068
2179	U	0.760371	0.056362
2180	G	0.436694	0.157897
2181	A	0.914731	0.070807
2182	G	0.496908	0.074188
2183	C	1.739127	0.086154
2184	G	0.099277	0.07593
2185	C	0.333086	0.071561
2186	G	0.173736	0.108858
2187	G	0.483362	0.093371
2188	G	nan	nan
2189	G	0.260027	0.135478
2190	U	0.277742	0.048605
2191	U	0.283815	0.070934
2192	C	0.165708	0.121731
2193	U	0.880218	0.051632
2194	U	0.058669	0.063147
2195	C	0.77058	0.075879
2196	U	0.518822	0.054347
2197	C	0.024802	0.245593
2198	C	0.03882	0.167683
2199	U	0.678929	0.050072
2200	G	0.898403	0.062626
2201	U	0.517369	0.087048
2202	C	0.01076	0.060819
2203	U	1.048626	0.060025
2204	U	0.184094	0.043713
2205	C	0.083893	0.090586
2206	C	0.216478	0.188172
2207	U	0.46905	0.041634
2208	G	0.34231	0.092811
2209	A	1.499103	0.062631
2210	U	0.179387	0.037263
2211	G	2.070204	0.080347
2212	U	0.071607	0.029421
2213	G	0.972353	0.059834
2214	U	0.115057	0.036255
2215	A	1.145331	0.057378
2216	C	0.513522	0.131038
2217	U	0.61289	0.131744
2218	U	1.555077	0.096726
2219	U	0.256354	0.035658
2220	U	0.156119	0.028921
2221	U	0.295183	0.037696
2222	G	0.548146	0.156463
2223	A	1.279079	0.056307
2224	U	0.20168	0.03535
2225	U	1.296621	0.057709
2226	A	1.396717	0.057443
2227	U	0.819374	0.044591
2228	G	0.286013	0.103023
2229	G	nan	nan
2230	C	0.157169	0.126167
2231	C	nan	nan
2232	A	0.407745	0.036308
2233	U	1.694889	0.081314
2234	A	0.914345	0.050875
2235	U	0.83912	0.049118
2236	G	0.190838	0.128648
2237	G	0.605845	0.05704
2238	U	0.474964	0.099416
2239	C	0.348306	0.245863
2240	C	0.040977	0.203808
2241	A	1.224235	0.056905
2242	C	0.12248	0.058282
2243	A	0.331807	0.045128
2244	G	1.200457	0.07057
2245	U	0.727584	0.050795
2246	G	0.577531	0.135848
2247	G	2.364191	0.245495
2248	U	0.608122	0.081139
2249	U	1.260511	0.060847
2250	U	0.16686	0.031209
2251	U	0.526752	0.037803
2252	A	0.645756	0.045516
2253	G	1.443091	0.063924
2254	U	0.665419	0.062073
2255	G	1.614548	0.134252
2256	A	0.700003	0.054057
2257	G	0.677763	0.058718
2258	U	0.455553	0.047429
2259	A	1.332618	0.0874
2260	U	0.104903	0.053502
2261	C	0.049874	0.186554
2262	U	0.150017	0.053553
2263	C	nan	nan
2264	G	0.338784	0.072624
2265	C	0.062814	0.209469
2266	G	1.877487	0.116189
2267	G	1.301106	0.109989
2268	G	0.279942	0.06873
2269	U	1.184793	0.072127
2270	G	0.328012	0.058528
2271	C	0.005122	0.173344
2272	G	0.417259	0.119552
2273	G	0.11754	0.273361
2274	G	nan	nan
2275	A	0.244114	0.085001
2276	U	0.203549	0.034233
2277	U	0.474161	0.05279
2278	G	1.051944	0.067972
2279	U	0.234809	0.050004
2280	G	0.400067	0.316764
2281	A	0.102119	0.045754
2282	C	0.29909	0.053401
2283	A	0.826644	0.065292
2284	U	0.431298	0.043029
2285	U	0.68208	0.048368
2286	A	0.420027	0.042527
2287	G	0.304779	0.145845
2288	G	1.730283	0.094206
2289	U	0.111704	0.067695
2290	C	0.533705	0.15843
2291	U	0.104329	0.074543
2292	C	0.233732	0.187632
2293	U	0.309204	0.042501
2294	U	0.133223	0.03394
2295	A	0.470163	0.042227
2296	G	1.621419	0.108347
2297	U	0.955563	0.068162
2298	U	0.649626	0.069518
2299	C	0.385416	0.14478
2300	U	0.280313	0.130551
2301	U	0.760617	0.079238
2302	U	0.247682	0.04331
2303	U	0.121473	0.039506
2304	A	1.34242	0.083905
2305	U	1.236718	0.088241
2306	U	0.101977	0.070357
2307	C	0.949105	0.142968
2308	U	0.080001	0.076108
2309	C	nan	nan
2310	U	0.161066	0.147369
2311	C	0.059039	0.320269
2312	C	0.179814	0.298972
2313	A	0.354571	0.102935
2314	U	1.636393	0.12024
2315	A	0.788323	0.086216
2316	U	0.105477	0.051853
2317	U	0.226197	0.049667
2318	G	nan	nan
2319	A	1.686113	0.117287
2320	A	0.057856	0.028716
2321	U	0.933407	0.135989
2322	A	0.06226	0.04365
2323	U	0.074955	0.075511
2324	A	0.750121	0.140053
2325	U	1.397036	0.143853
2326	U	0.253043	0.093102
2327	U	0.245063	0.090478
2328	G	nan	nan
2329	A	nan	nan
2330	C	0.454649	0.207684
2331	C	0.16337	0.548878
2332	U	nan	nan
2333	G	nan	nan
2334	C	nan	nan
2335	U	nan	nan
2336	U	nan	nan
2337	U	nan	nan
2338	C	nan	nan
2339	G	nan	nan
2340	C	nan	nan
2341	U	nan	nan
