Nucleotide	Sequence	Norm_profile	Norm_stderr
1	A	nan	nan
2	G	nan	nan
3	U	nan	nan
4	A	nan	nan
5	G	nan	nan
6	A	nan	nan
7	A	nan	nan
8	A	nan	nan
9	C	nan	nan
10	A	nan	nan
11	A	nan	nan
12	G	2.075487	0.540605
13	G	0.32873	0.181508
14	G	0.058926	0.095166
15	U	0.448749	0.120667
16	G	1.088544	0.174642
17	U	0.156648	0.07446
18	U	0.203632	0.05364
19	U	0.020637	0.074089
20	U	0.414584	0.051616
21	U	0.144027	0.094871
22	C	0.397172	0.05189
23	U	0.132723	0.032296
24	C	0.227556	0.079281
25	A	0.295427	0.048173
26	A	0.689491	0.066605
27	A	0.174967	0.035314
28	C	0.113592	0.038814
29	U	0.300588	0.063411
30	A	1.156208	0.051481
31	U	0.007351	0.023004
32	A	0.241831	0.02532
33	U	0.020079	0.029548
34	A	0.135138	0.020068
35	C	0.352121	0.037393
36	A	0.152647	0.027897
37	A	0.915374	0.052898
38	A	0.471427	0.033451
39	U	0.435128	0.048733
40	A	0.305965	0.028137
41	G	0.642992	0.041441
42	U	0.302498	0.032475
43	G	0.186122	0.064068
44	C	0.11985	0.02962
45	A	0.91206	0.037741
46	C	0.099004	0.022097
47	C	0.374727	0.066455
48	G	0.365631	0.071406
49	C	0.21211	0.032481
50	A	0.296255	0.094067
51	U	0.462052	0.031422
52	G	0.451178	0.364176
53	U	0.230381	0.049688
54	U	0.527029	0.04013
55	U	nan	nan
56	C	0.217427	0.042573
57	C	nan	nan
58	A	0.69441	0.058996
59	U	0.279153	0.043763
60	U	0.254283	0.047539
61	C	0.527433	0.071109
62	U	0.736492	0.055976
63	U	0.891588	0.036101
64	U	0.61931	0.029002
65	A	0.730633	0.03422
66	U	0.452929	0.028955
67	G	0.119886	0.053807
68	C	0.154413	0.05166
69	A	0.527249	0.034037
70	A	1.614788	0.045681
71	A	0.636748	0.030342
72	U	0.301432	0.031714
73	G	0.504983	0.055177
74	A	0.47886	0.031302
75	A	0.695024	0.043181
76	G	0.13434	0.054266
77	A	0.090503	0.0251
78	C	0.039221	0.023606
79	C	0.091353	0.057678
80	A	0.902456	0.032174
81	A	0.596521	0.027064
82	U	0.802537	0.051906
83	C	0.159982	0.077277
84	C	0.050871	0.054454
85	C	0.224084	0.060007
86	A	0.307019	0.03026
87	U	0.136165	0.027118
88	U	0.335399	0.025207
89	G	0.315517	0.054086
90	C	0.106613	0.033429
91	A	2.024797	0.044618
92	A	0.728984	0.032322
93	U	0.515288	0.028309
94	G	0.322834	0.058282
95	G	0.095706	0.070247
96	C	0.151163	0.025194
97	U	0.612921	0.029784
98	A	0.481322	0.028548
99	G	0.88394	0.046477
100	A	1.233263	0.045488
101	A	0.858604	0.041964
102	G	0.670618	0.062832
103	G	1.253049	0.057083
104	A	0.384882	0.030665
105	G	0.101252	0.054248
106	G	0.376427	0.097999
107	A	0.182508	0.019807
108	A	0.693925	0.029035
109	A	0.044132	0.014671
110	C	0.287024	0.02746
111	A	0.596954	0.025456
112	U	0.45528	0.027996
113	G	0.871274	0.04469
114	A	0.342086	0.036483
115	U	0.520524	0.034859
116	G	0.71389	0.077835
117	C	0.043376	0.046999
118	C	0.284613	0.079633
119	C	0.786003	0.126085
120	C	0.097594	0.053861
121	G	0.452512	0.044217
122	A	0.240989	0.032402
123	A	0.302604	0.035766
124	G	0.281295	0.059861
125	C	0.100972	0.062239
126	U	1.384334	0.064648
127	A	0.587917	0.038893
128	A	0.617841	0.034867
129	A	0.605925	0.041062
130	C	0.313123	0.065869
131	C	0.117231	0.0522
132	A	0.631402	0.032054
133	U	0.903969	0.056536
134	A	0.770379	0.038206
135	A	0.170966	0.029438
136	G	0.626872	0.064714
137	A	0.417969	0.044257
138	U	0.621308	0.039889
139	U	0.829381	0.046142
140	A	1.027723	0.038813
141	U	0.56729	0.034016
142	G	1.437307	0.052061
143	U	nan	nan
144	C	nan	nan
145	U	1.005553	0.09264
146	U	0.508987	0.045864
147	U	0.332561	0.041509
148	G	1.037037	0.048889
149	U	0.037113	0.052843
150	A	0.447126	0.043682
151	U	0.308773	0.06378
152	C	nan	nan
153	C	0.174	0.061363
154	A	0.778543	0.050827
155	C	0.063903	0.05825
156	U	0.972765	0.05161
157	A	0.174503	0.035743
158	C	0.128129	0.035454
159	U	0.690219	0.063028
160	C	0.159141	0.068082
161	A	0.755337	0.045669
162	A	0.950601	0.065799
163	U	0.141916	0.034345
164	U	0.784834	0.050033
165	U	0.185468	0.042506
166	C	0.209933	0.06341
167	A	0.95388	0.047243
168	C	0.45241	0.04133
169	U	0.718227	0.048038
170	G	1.4324	0.099588
171	G	0.12756	0.132475
172	G	1.153468	0.066616
173	U	0.118954	0.298347
174	C	0.120909	0.067171
175	U	0.171777	0.027775
176	A	1.186921	0.048543
177	U	0.042028	0.10888
178	C	0.102372	0.047093
179	U	0.422954	0.043818
180	G	1.203154	0.055559
181	U	0.045271	0.023327
182	A	0.854125	0.065215
183	U	0.748592	0.048954
184	U	0.043463	0.07042
185	C	0.560254	0.059692
186	U	0.124903	0.046475
187	A	1.515321	0.059179
188	U	0.640409	0.044812
189	U	0.153651	0.051526
190	C	0.18849	0.049809
191	U	0.591992	0.04728
192	G	0.921422	0.047704
193	U	0.563633	0.037162
194	A	1.586025	0.050488
195	A	0.63602	0.049609
196	U	0.142577	0.026894
197	G	nan	nan
198	A	0.101502	0.031541
199	C	0.155578	0.093888
200	U	0.285	0.06795
201	C	0.03672	0.068963
202	U	0.32554	0.035048
203	G	0.314638	0.047665
204	C	0.098803	0.060708
205	U	0.885708	0.063888
206	C	nan	nan
207	U	0.466597	0.038404
208	G	1.08586	0.047111
209	U	0.150426	0.027572
210	A	1.530946	0.052671
211	U	0.456365	0.032375
212	U	0.704262	0.034759
213	G	0.475357	0.061704
214	G	0.191076	0.064198
215	G	0.335176	0.031448
216	U	0.373967	0.031065
217	A	1.108038	0.034246
218	U	0.550632	0.026715
219	G	0.401452	0.055616
220	G	0.315989	0.047648
221	U	0.179911	0.061691
222	C	0.162107	0.053737
223	A	0.377505	0.023227
224	U	0.584766	0.031542
225	A	0.58248	0.028676
226	A	0.72702	0.030828
227	G	0.845836	0.038107
228	U	1.348897	0.041026
229	G	0.418814	0.051385
230	U	1.000716	0.039577
231	U	0.091534	0.01805
232	G	1.171859	0.056873
233	U	0.17116	0.027427
234	U	0.959817	0.039798
235	C	0.039586	0.053021
236	C	0.111773	0.055528
237	U	0.617522	0.03014
238	U	0.314207	0.020446
239	A	0.620986	0.024751
240	U	0.332031	0.023227
241	G	0.581191	0.045103
242	C	0.238652	0.045469
243	U	0.552266	0.044597
244	C	nan	nan
245	U	0.026053	0.130263
246	C	0.322065	0.052842
247	C	0.150464	0.049617
248	A	0.150799	0.017754
249	U	0.580001	0.027149
250	A	1.183361	0.032521
251	C	0.334485	0.028327
252	A	0.981671	0.047413
253	U	0.140356	0.02281
254	U	0.410899	0.024989
255	G	0.247399	0.045853
256	G	0.622429	0.045155
257	U	0.352986	0.034008
258	C	0.54864	0.051781
259	G	0.089757	0.036035
260	U	0.3914	0.037359
261	C	nan	nan
262	A	0.863416	0.034591
263	C	0.041783	0.029002
264	A	0.286406	0.022457
265	C	0.063833	0.026159
266	U	0.412935	0.030488
267	U	0.202398	0.020162
268	A	0.532496	0.02455
269	U	0.407209	0.029524
270	G	0.85605	0.10716
271	G	1.058573	0.113796
272	A	0.844214	0.03709
273	A	0.352948	0.028088
274	U	0.685082	0.02946
275	A	1.345593	0.072476
276	U	0.192045	0.026159
277	U	0.577476	0.030445
278	U	0.386905	0.028123
279	C	0.656723	0.075209
280	A	0.139838	0.023958
281	A	1.086174	0.033683
282	A	0.141611	0.052723
283	A	0.232201	0.020259
284	C	0.177562	0.024106
285	A	0.290211	0.026942
286	U	0.255711	0.052429
287	C	0.325484	0.048072
288	C	0.028333	0.035372
289	A	0.175702	0.019153
290	G	0.701793	0.037025
291	U	0.694102	0.060188
292	C	0.084696	0.046453
293	C	0.044781	0.056424
294	C	nan	nan
295	A	0.754845	0.030975
296	U	0.230644	0.041313
297	C	0.202543	0.053998
298	U	1.319158	0.041334
299	U	0.098342	0.045279
300	C	0.204226	0.087429
301	U	0.273408	0.031443
302	U	0.298756	0.02836
303	C	0.057678	0.03672
304	A	0.065937	0.027948
305	G	0.63809	0.060707
306	C	0.068327	0.056284
307	A	0.812102	0.061768
308	U	0.682368	0.053005
309	U	0.066357	0.05974
310	C	0.417244	0.054859
311	U	0.841611	0.069524
312	C	0.214614	0.06151
313	C	0.348054	0.05636
314	C	0.052304	0.104967
315	U	0.188675	0.048621
316	U	0.169493	0.037734
317	A	0.405494	0.042741
318	G	0.977259	0.068774
319	U	0.160569	0.028837
320	U	0.88975	0.041006
321	G	0.789118	0.111125
322	U	0.652478	0.05644
323	U	0.373284	0.030974
324	U	0.20497	0.023297
325	U	0.170523	0.050666
326	C	0.072281	0.045357
327	U	nan	nan
328	G	nan	nan
329	A	0.156753	0.027508
330	C	0.764966	0.045932
331	A	0.166303	0.036234
332	C	0.106194	0.027462
333	G	0.164196	0.060536
334	C	0.168605	0.054809
335	U	0.283363	0.041501
336	C	nan	nan
337	A	0.393243	0.030095
338	U	0.637815	0.055519
339	A	0.761237	0.048271
340	A	0.600885	0.035143
341	A	0.351782	0.049661
342	G	0.806987	0.101543
343	U	0.357942	0.058619
344	U	0.15196	0.031263
345	U	0.44389	0.03037
346	G	0.786425	0.061003
347	U	0.441505	0.044886
348	U	0.434635	0.034623
349	C	0.093324	0.058215
350	A	1.045753	0.056355
351	U	0.380183	0.031229
352	U	0.235111	0.02721
353	U	0.169729	0.044464
354	C	0.305635	0.044674
355	U	0.444282	0.039263
356	G	0.289745	0.056662
357	A	0.457027	0.033423
358	A	0.492358	0.031435
359	U	0.172884	0.049847
360	C	0.018987	0.053737
361	C	0.040549	0.04688
362	G	0.894158	0.063278
363	C	0.199327	0.047927
364	A	0.46601	0.047606
365	A	0.223884	0.028555
366	G	0.706737	0.056609
367	A	0.422435	0.045641
368	U	nan	nan
369	C	0.14783	0.036127
370	U	0.574483	0.034279
371	A	1.091484	0.047304
372	U	0.834063	0.037699
373	U	0.133878	0.027184
374	G	2.031595	0.054645
375	U	0.069375	0.026174
376	G	0.426083	0.044918
377	U	0.076274	0.02431
378	G	0.441551	0.054976
379	C	0.157805	0.039199
380	U	0.13809	0.034731
381	G	0.175551	0.045641
382	A	0.629836	0.088611
383	U	0.788371	0.049404
384	U	0.332038	0.030194
385	U	0.19148	0.028782
386	U	0.01573	0.102982
387	C	0.268011	0.044799
388	C	0.344456	0.048997
389	A	0.616959	0.037581
390	U	0.625892	0.039064
391	G	0.323194	0.061318
392	G	0.489989	0.079445
393	C	0.13567	0.065623
394	C	0.115893	0.056066
395	A	0.739833	0.044362
396	C	0.348515	0.05997
397	C	nan	nan
398	A	0.662528	0.039503
399	A	0.643252	0.043294
400	C	0.090457	0.031661
401	A	0.143906	0.020674
402	G	0.190788	0.046268
403	C	0.49967	0.077175
404	U	0.860434	0.055506
405	C	nan	nan
406	A	0.157311	0.025232
407	G	0.703472	0.057437
408	C	0.055055	0.050139
409	A	0.726009	0.036598
410	U	0.648022	0.041255
411	U	0.854694	0.039169
412	A	1.236428	0.042712
413	U	0.048083	0.018259
414	A	0.240097	0.024507
415	C	0.106265	0.030181
416	G	0.33278	0.061089
417	A	0.259541	0.033049
418	C	0.471897	0.058496
419	C	0.173929	0.067888
420	A	0.328581	0.026199
421	U	0.493332	0.037101
422	A	0.730603	0.039612
423	C	0.304827	0.051712
424	U	0.738577	0.044636
425	U	0.96448	0.04373
426	C	0.060007	0.048543
427	A	0.117883	0.023401
428	G	1.012489	0.048895
429	U	0.161571	0.030969
430	C	nan	nan
431	A	0.918598	0.048014
432	U	0.281663	0.057512
433	U	0.442222	0.035435
434	G	0.611332	0.055815
435	A	0.249485	0.032805
436	G	1.075461	0.0516
437	U	0.049647	0.084057
438	C	0.413942	0.05297
439	U	0.358373	0.037435
440	C	0.250863	0.057251
441	G	2.100629	0.059078
442	U	0.797544	0.043866
443	G	1.097517	0.045539
444	U	0.073997	0.082053
445	C	0.322903	0.054478
446	C	0.109607	0.047942
447	A	0.653217	0.034958
448	G	0.655079	0.055061
449	U	0.085175	0.036414
450	U	0.836621	0.040874
451	A	1.185479	0.039503
452	A	0.657595	0.036358
453	U	0.30572	0.029323
454	G	0.175365	0.052969
455	A	0.134006	0.030499
456	C	0.238071	0.033834
457	A	0.723989	0.063427
458	U	0.300523	0.04273
459	U	0.583493	0.037619
460	U	0.090693	0.109863
461	C	0.069521	0.040506
462	C	0.046035	0.063768
463	A	0.86974	0.038854
464	A	0.892208	0.038459
465	U	0.598758	0.043458
466	C	0.369603	0.045284
467	U	0.540189	0.037389
468	G	1.455233	0.065245
469	U	1.136406	0.051225
470	U	0.032888	0.017041
471	G	0.755212	0.062589
472	U	0.241714	0.030579
473	U	0.015929	0.066715
474	C	nan	nan
475	U	0.22495	0.042289
476	A	1.121855	0.042959
477	U	0.133298	0.05111
478	C	0.583562	0.064216
479	U	0.4502	0.046308
480	C	0.156554	0.067888
481	A	1.046276	0.044011
482	U	0.486152	0.083319
483	U	0.123843	0.026518
484	G	0.090037	0.062038
485	A	1.338951	0.05302
486	A	0.163268	0.040359
487	U	0.21862	0.031371
488	U	0.110546	0.027909
489	C	0.145502	0.072505
490	A	0.536873	0.042007
491	U	0.211597	0.031551
492	U	0.116682	0.02586
493	G	0.681153	0.051672
494	U	0.106149	0.076029
495	C	0.144039	0.052239
496	U	0.320306	0.0544
497	A	0.66359	0.034379
498	U	0.114093	0.026833
499	C	0.001791	0.047468
500	A	0.062158	0.018672
501	G	0.259052	0.07103
502	C	0.256594	0.056284
503	U	0.369163	0.042769
504	C	nan	nan
505	A	0.278516	0.029279
506	A	0.655697	0.035517
507	A	0.451257	0.041887
508	C	0.174086	0.03382
509	U	0.513312	0.034878
510	G	0.189613	0.065312
511	C	0.184826	0.057512
512	U	0.113913	0.03089
513	G	0.020323	0.050746
514	A	0.857924	0.163779
515	U	0.738716	0.047459
516	U	0.187243	0.03119
517	U	0.308385	0.032739
518	G	0.783845	0.078742
519	U	0.529195	0.053785
520	U	0.947338	0.043172
521	U	0.136058	0.022718
522	U	0.379404	0.029841
523	G	0.76366	0.042513
524	U	0.337668	0.033045
525	C	nan	nan
526	A	0.87106	0.039285
527	A	0.721738	0.035315
528	U	0.136913	0.032355
529	C	nan	nan
530	A	0.200197	0.021127
531	G	0.531078	0.054755
532	A	0.222382	0.030249
533	C	0.275327	0.029971
534	G	0.147061	0.062514
535	A	0.196719	0.046919
536	U	0.336853	0.036746
537	U	0.217339	0.026343
538	C	nan	nan
539	A	0.911409	0.032301
540	A	1.197835	0.047414
541	U	0.543233	0.035916
542	U	0.219757	0.026626
543	U	0.400334	0.028534
544	G	0.558589	0.044381
545	C	0.363262	0.058987
546	C	nan	nan
547	A	0.255304	0.024842
548	G	0.849379	0.041197
549	U	0.487386	0.032893
550	G	0.28064	0.041664
551	A	0.58131	0.034664
552	U	0.335488	0.054856
553	C	0.380401	0.044403
554	U	0.254197	0.033844
555	G	nan	nan
556	A	0.389245	0.029094
557	U	0.027717	0.222509
558	C	0.129434	0.03832
559	U	0.450951	0.033811
560	A	0.98563	0.04662
561	U	0.235073	0.023928
562	U	0.376132	0.033409
563	G	0.540813	0.053755
564	C	0.143781	0.04424
565	A	0.193169	0.024087
566	G	0.512188	0.053592
567	A	0.536631	0.05207
568	U	0.223055	0.024395
569	U	0.391791	0.026707
570	G	0.654201	0.056614
571	G	0.360789	0.057425
572	G	0.271446	0.029926
573	U	0.243246	0.029959
574	G	0.820509	0.071228
575	C	0.54967	0.164501
576	U	0.970122	0.121815
577	U	1.578539	0.075867
578	U	0.729419	0.034918
579	U	0.603339	0.027079
580	G	0.959555	0.031992
581	U	0.010119	0.014315
582	A	1.18852	0.032195
583	G	0.982675	0.042395
584	U	0.235375	0.026658
585	C	0.260763	0.037804
586	A	0.237909	0.018207
587	G	0.792344	0.048055
588	C	0.098803	0.039571
589	U	0.787082	0.047091
590	G	0.48002	0.05416
591	C	0.1514	0.050876
592	A	0.34228	0.021286
593	G	1.015311	0.060986
594	U	0.193323	0.021789
595	U	0.790268	0.049011
596	C	nan	nan
597	C	0.49883	0.109491
598	U	1.461736	0.039472
599	U	0.841417	0.038668
600	C	0.49058	0.033757
601	U	0.518128	0.047328
602	C	0.22695	0.048543
603	C	0.036953	0.068762
604	U	0.483267	0.026514
605	U	0.637509	0.02584
606	G	1.933997	0.039822
607	U	0.079828	0.021391
608	G	0.19094	0.029652
609	C	0.115516	0.043749
610	A	0.794099	0.054131
611	U	1.899774	0.048271
612	U	2.259649	0.040173
613	U	0.203374	0.020152
614	U	0.388087	0.021719
615	G	1.205332	0.047834
616	A	0.282777	0.026554
617	U	0.227435	0.019748
618	G	0.424364	0.041909
619	C	0.124364	0.053334
620	C	0.058685	0.032492
621	U	0.147926	0.0275
622	G	0.279223	0.084082
623	A	0.088465	0.019054
624	A	0.148863	0.021609
625	A	0.179977	0.020509
626	C	0.26495	0.051368
627	C	0.018433	0.05825
628	A	0.177777	0.022191
629	U	0.691937	0.041634
630	A	0.416906	0.036547
631	C	0.051122	0.043749
632	C	0.27781	0.046376
633	A	0.708591	0.042687
634	C	0.198197	0.033548
635	C	nan	nan
636	C	nan	nan
637	A	0.459765	0.033463
638	U	0.380669	0.031353
639	C	0.216286	0.05997
640	G	0.621946	0.056369
641	A	0.753715	0.034276
642	U	0.745525	0.041625
643	G	0.263794	0.04298
644	A	0.759356	0.054449
645	G	0.09315	0.0757
646	A	0.617903	0.056741
647	C	0.387594	0.074225
648	C	nan	nan
649	C	0.16713	0.08037
650	U	0.671126	0.064388
651	C	0.093626	0.050855
652	C	nan	nan
653	C	0.035467	0.060365
654	A	0.176319	0.023638
655	U	0.07224	0.11943
656	C	0.194339	0.034601
657	C	nan	nan
658	A	0.715997	0.050892
659	U	1.100958	0.037023
660	U	0.127933	0.026423
661	C	1.062032	0.054105
662	U	nan	nan
663	C	nan	nan
664	U	0.357503	0.032953
665	A	1.012592	0.031605
666	U	0.187331	0.027172
667	G	0.457411	0.047018
668	A	0.341706	0.0345
669	A	0.403891	0.027776
670	U	0.089755	0.042488
671	C	0.090019	0.037677
672	C	nan	nan
673	A	0.073286	0.022712
674	G	0.608781	0.054819
675	C	0.063569	0.048334
676	A	1.17562	0.034731
677	A	0.519877	0.035629
678	U	0.272787	0.031314
679	U	0.524988	0.029366
680	G	0.177844	0.037425
681	C	0.158774	0.053334
682	U	1.004947	0.058389
683	C	0.011285	0.079889
684	C	0.114998	0.058036
685	C	0.221355	0.37534
686	A	0.328847	0.045747
687	A	0.585452	0.040471
688	A	0.107617	0.028397
689	A	0.220635	0.042622
690	G	0.270585	0.086588
691	C	0.120434	0.072161
692	C	nan	nan
693	C	0.043169	0.073083
694	C	0.07559	0.069142
695	C	0.168914	0.070217
696	U	0.719655	0.069241
697	C	0.116531	0.046065
698	C	0.144057	0.043322
699	G	1.143302	0.052753
700	U	0.237787	0.041523
701	C	0.238886	0.064414
702	U	1.341702	0.046299
703	U	0.120941	0.049099
704	C	0.440642	0.043273
705	U	0.803924	0.03681
706	G	0.406304	0.072446
707	G	0.947203	0.062803
708	U	0.206908	0.081436
709	C	0.367387	0.087217
710	U	0.754491	0.065089
711	U	0.411467	0.032399
712	U	0.521224	0.033447
713	G	0.356432	0.061581
714	G	0.057857	0.059469
715	A	0.667729	0.054345
716	U	1.355728	0.050487
717	U	0.124107	0.035415
718	C	0.93414	0.064406
719	U	0.133268	0.081322
720	C	0.630525	0.051149
721	U	1.198144	0.04837
722	G	1.445439	0.084886
723	G	0.157261	0.055304
724	G	0.158064	0.053763
725	A	0.317966	0.034739
726	C	0.346213	0.043295
727	A	0.929801	0.056348
728	U	0.104564	0.038797
729	U	1.164378	0.041796
730	U	0.088146	0.043732
731	C	0.668226	0.055747
732	U	0.437334	0.036894
733	C	nan	nan
734	A	1.192322	0.049334
735	U	0.954716	0.039723
736	U	0.731584	0.044051
737	C	0.139871	0.048544
738	C	0.152924	0.040916
739	U	0.876633	0.037557
740	G	1.187013	0.052693
741	U	0.19935	0.034377
742	A	0.427902	0.058496
743	G	0.188971	0.039878
744	C	0.079633	0.040799
745	C	nan	nan
746	A	0.194104	0.030478
747	A	1.019337	0.039658
748	A	0.210664	0.031823
749	A	0.867395	0.043719
750	G	1.765865	0.064742
751	G	1.640989	0.059559
752	A	0.367584	0.042004
753	G	0.278678	0.052985
754	G	0.217551	0.068456
755	C	0.435021	0.106027
756	U	0.365589	0.025614
757	U	0.62936	0.043298
758	G	0.254366	0.04476
759	G	0.329429	0.071278
760	C	0.476414	0.039195
761	U	0.449802	0.03242
762	G	1.503675	0.098575
763	U	0.789504	0.058625
764	U	0.352573	0.026204
765	U	0.373219	0.029662
766	G	0.419963	0.056184
767	A	0.07928	0.026019
768	C	0.309372	0.032211
769	A	0.294869	0.035744
770	U	1.558474	0.053858
771	A	1.031004	0.039609
772	U	1.025875	0.039298
773	C	0.585851	0.078168
774	G	0.414834	0.060099
775	G	0.058394	0.06753
776	G	nan	nan
777	G	0.139358	0.084367
778	G	0.106668	0.092167
779	C	0.01438	0.066989
780	A	0.699316	0.08179
781	U	0.504625	0.039837
782	U	0.523345	0.034024
783	U	1.131954	0.064006
784	C	nan	nan
785	C	nan	nan
786	C	0.067171	0.076307
787	C	0.082934	0.063947
788	A	0.930478	0.052099
789	C	0.181475	0.027617
790	C	0.197395	0.062514
791	G	0.904185	0.058965
792	U	0.624583	0.039895
793	U	0.347579	0.047805
794	C	0.267238	0.051399
795	U	0.784954	0.031582
796	A	0.493305	0.026248
797	G	1.27299	0.065441
798	A	1.27775	0.049175
799	A	1.039191	0.039122
800	U	0.080666	0.02474
801	U	0.829195	0.034913
802	G	0.951137	0.044905
803	A	1.512085	0.041007
804	U	0.492264	0.029045
805	G	2.486041	0.088197
806	U	0.952029	0.059232
807	U	0.741025	0.030527
808	U	0.417808	0.025407
809	U	0.407149	0.026053
810	G	0.501831	0.057294
811	G	0.882232	0.065409
812	A	1.67721	0.043212
813	A	0.68723	0.027355
814	U	0.508732	0.034182
815	G	0.377992	0.055512
816	G	0.505666	0.067395
817	C	0.281977	0.034612
818	A	0.176985	0.026603
819	G	2.091433	0.060799
820	A	0.071623	0.022361
821	G	0.383985	0.057936
822	A	1.432894	0.040613
823	A	0.67566	0.033976
824	C	0.147528	0.035781
825	U	0.41088	0.028673
826	G	0.542555	0.057028
827	A	0.142215	0.024971
828	C	0.180225	0.03083
829	U	0.348649	0.029039
830	A	1.038263	0.032438
831	U	0.724865	0.030792
832	C	0.290403	0.038868
833	G	0.870144	0.040258
834	U	0.357412	0.0273
835	G	1.045836	0.079443
836	C	0.255968	0.057645
837	C	0.111357	0.046766
838	C	0.131038	0.095003
839	C	0.066992	0.099056
840	C	0.055528	0.078635
841	A	0.158037	0.030513
842	C	0.045429	0.025769
843	U	0.429197	0.02849
844	A	0.607954	0.027032
845	U	0.240878	0.023538
846	G	1.085276	0.065513
847	A	0.470564	0.033932
848	A	0.915336	0.032329
849	A	0.241469	0.024757
850	G	0.396705	0.054991
851	C	0.154934	0.040612
852	A	1.010107	0.037516
853	A	0.680854	0.033744
854	U	0.814136	0.065843
855	C	0.255107	0.050434
856	C	0.228688	0.04527
857	C	0.052662	0.064664
858	C	0.252923	0.060544
859	U	0.840369	0.062934
860	C	0.010927	0.056424
861	C	0.154763	0.051767
862	A	0.832045	0.033464
863	C	0.09807	0.072476
864	A	0.802011	0.029229
865	A	0.281412	0.040894
866	U	0.376091	0.023873
867	U	0.583691	0.025867
868	A	0.543623	0.029649
869	G	1.507846	0.055171
870	A	0.126044	0.023114
871	G	0.648903	0.045218
872	U	0.008808	0.074961
873	C	0.119476	0.041043
874	U	0.727633	0.038762
875	A	0.617726	0.029473
876	A	0.77271	0.040308
877	A	0.749462	0.037311
878	G	0.294202	0.051394
879	G	0.210224	0.081985
880	C	0.332925	0.032464
881	A	1.146203	0.033337
882	C	0.154393	0.036003
883	A	0.773322	0.03165
884	U	0.768888	0.03818
885	C	nan	nan
886	A	0.809459	0.031168
887	C	0.401177	0.026758
888	U	0.92126	0.049747
889	C	0.292689	0.04288
890	U	0.376967	0.031988
891	G	0.561655	0.05096
892	G	1.096197	0.060086
893	A	0.612861	0.031041
894	C	0.164835	0.034971
895	U	0.259885	0.066303
896	C	nan	nan
897	C	0.212799	0.059648
898	U	0.892389	0.050697
899	A	0.455284	0.024868
900	G	0.734585	0.036811
901	U	0.352353	0.029302
902	G	0.171831	0.042787
903	A	0.77105	0.053994
904	U	0.911998	0.035463
905	U	0.148753	0.057731
906	C	0.529721	0.046916
907	U	0.163215	0.064584
908	C	0.64198	0.073978
909	C	0.075769	0.053021
910	U	0.969142	0.080656
911	C	0.083714	0.037424
912	U	0.639295	0.034393
913	A	0.163877	0.030461
914	A	0.804864	0.042505
915	A	0.33851	0.02876
916	G	0.981985	0.068667
917	A	0.171429	0.030106
918	A	0.691014	0.030935
919	A	0.395642	0.026467
920	C	0.299	0.040393
921	U	1.001447	0.044628
922	U	1.460141	0.042804
923	G	0.142437	0.145902
924	C	nan	nan
925	C	nan	nan
926	C	nan	nan
927	U	0.025725	0.025875
928	A	2.483126	0.056371
929	U	1.020322	0.055809
930	U	0.502045	0.027125
931	A	0.769818	0.037312
932	G	nan	nan
933	G	nan	nan
934	G	nan	nan
935	G	nan	nan
936	C	nan	nan
937	U	0.064155	0.026582
938	A	0.423611	0.02797
939	U	0.263326	0.034047
940	G	0.060723	0.058394
941	A	0.496776	0.030872
942	A	0.265288	0.026547
943	U	0.460096	0.027994
944	G	0.151419	0.041772
945	C	0.171233	0.042393
946	U	0.667135	0.072915
947	C	0.184938	0.049027
948	C	0.27304	0.046204
949	A	1.040964	0.040932
950	U	0.161846	0.029865
951	U	0.296499	0.033423
952	G	0.798921	0.053432
953	A	0.753707	0.03821
954	A	0.975934	0.038784
955	G	1.044254	0.089447
956	G	1.258977	0.052682
957	U	0.485802	0.043258
958	G	1.148351	0.083251
959	A	1.360163	0.046171
960	A	0.604997	0.029245
961	A	0.577735	0.033806
962	G	1.115489	0.047326
963	U	0.182164	0.040637
964	C	0.144374	0.06144
965	A	0.979183	0.041201
966	C	0.442655	0.037551
967	U	0.553981	0.033333
968	G	1.744264	0.051724
969	U	0.047918	0.03094
970	G	0.945078	0.043666
971	U	0.148077	0.04567
972	C	0.247168	0.052841
973	A	1.093927	0.047025
974	U	0.336795	0.035506
975	U	1.018833	0.04094
976	G	0.74212	0.07448
977	G	0.282631	0.055348
978	G	0.566811	0.055317
979	A	0.700273	0.032597
980	U	0.295486	0.03106
981	C	0.159296	0.035499
982	A	1.170627	0.037883
983	A	1.439355	0.046856
984	G	0.944941	0.055345
985	G	1.732242	0.062841
986	A	1.588201	0.04058
987	G	1.363398	0.049569
988	U	0.78956	0.041634
989	A	0.65605	0.029956
990	G	0.729828	0.055467
991	C	0.083782	0.034428
992	C	0.196685	0.110526
993	A	0.973904	0.032345
994	A	0.387941	0.032678
995	U	0.318041	0.025631
996	G	0.867091	0.062607
997	G	1.108084	0.07755
998	A	0.366199	0.028741
999	A	0.962403	0.033009
1000	A	0.990709	0.040368
1001	U	0.089546	0.025286
1002	U	0.6134	0.029662
1003	G	0.584877	0.053429
1004	A	0.770014	0.039247
1005	U	1.579824	0.042014
1006	U	0.094214	0.055718
1007	C	0.487161	0.04966
1008	U	0.70185	0.052958
1009	C	0.152848	0.05897
1010	C	0.371503	0.082397
1011	C	nan	nan
1012	U	0.676758	0.033176
1013	G	0.852315	0.053759
1014	A	1.454146	0.049364
1015	U	0.57743	0.031439
1016	U	0.365804	0.029973
1017	G	1.392915	0.043895
1018	U	nan	nan
1019	C	0.3169	0.048441
1020	C	0.360065	0.045888
1021	A	1.268488	0.141543
1022	U	0.614481	0.040632
1023	U	0.729763	0.04044
1024	C	0.005848	0.036422
1025	A	0.903013	0.033566
1026	C	0.410863	0.068866
1027	U	0.860179	0.036947
1028	U	0.902826	0.044545
1029	G	1.406319	0.04464
1030	U	1.047254	0.037136
1031	G	1.393218	0.049812
1032	G	0.950972	0.06917
1033	C	0.17647	0.052105
1034	C	0.266965	0.040569
1035	G	0.405	0.036583
1036	U	0.384191	0.034193
1037	G	0.376845	0.045441
1038	C	0.072259	0.040554
1039	U	0.699098	0.048425
1040	C	0.052024	0.056785
1041	C	0.070785	0.058496
1042	C	0.070754	0.07971
1043	G	0.179419	0.046653
1044	G	0.315109	0.043978
1045	A	0.895602	0.040902
1046	C	5.972724	0.428465
1047	U	0.568897	0.030555
1048	U	0.998378	0.046942
1049	G	0.322065	0.090458
1050	G	0.332812	0.086696
1051	G	nan	nan
1052	G	0.549475	0.045267
1053	U	0.340212	0.0362
1054	G	0.314362	0.073262
1055	A	0.484186	0.073488
1056	A	0.123189	0.023492
1057	C	0.155681	0.030604
1058	G	0.372932	0.054985
1059	A	0.687455	0.03763
1060	U	0.242762	0.024971
1061	U	0.514065	0.030179
1062	G	1.681267	0.045087
1063	U	0.093811	0.02078
1064	U	0.429663	0.026134
1065	G	0.837594	0.049332
1066	A	0.53883	0.027044
1067	U	1.325217	0.038822
1068	A	1.340069	0.052551
1069	U	0.358544	0.034333
1070	U	0.218333	0.023813
1071	U	0.542244	0.028567
1072	C	0.288919	0.044807
1073	G	0.502205	0.049147
1074	A	0.361304	0.024036
1075	G	0.600451	0.042906
1076	C	0.303352	0.171694
1077	U	0.780844	0.035922
1078	U	0.690063	0.050685
1079	C	0.102817	0.048363
1080	C	nan	nan
1081	U	0.364135	0.028612
1082	A	1.047688	0.038383
1083	C	0.126734	0.028418
1084	U	0.744843	0.033871
1085	G	1.165912	0.044618
1086	U	0.768074	0.036587
1087	U	0.133893	0.020095
1088	A	1.095243	0.032741
1089	U	0.318856	0.028239
1090	C	0.032284	0.032311
1091	A	0.772846	0.029216
1092	A	1.00852	0.033378
1093	C	0.396128	0.32876
1094	U	0.613164	0.03345
1095	U	0.630034	0.039163
1096	G	1.396919	0.118482
1097	U	0.228371	0.03563
1098	U	0.385193	0.029534
1099	U	0.263943	0.042941
1100	C	0.151892	0.05997
1101	C	0.162741	0.04053
1102	A	0.90887	0.040804
1103	C	0.094393	0.081289
1104	U	1.148069	0.040016
1105	U	nan	nan
1106	C	0.190825	0.035691
1107	C	0.021853	0.054275
1108	A	0.597399	0.029159
1109	U	0.713266	0.033499
1110	A	0.480316	0.034759
1111	G	1.318526	0.050774
1112	A	0.123722	0.026429
1113	G	0.884481	0.045833
1114	U	0.197875	0.11825
1115	C	0.303636	0.046152
1116	U	1.374254	0.041055
1117	G	0.511931	0.069421
1118	G	1.066984	0.048983
1119	U	nan	nan
1120	C	0.283024	0.049811
1121	U	0.87339	0.033554
1122	G	1.103798	0.066009
1123	U	0.915387	0.036042
1124	U	0.656036	0.030592
1125	C	0.12682	0.06144
1126	G	0.352748	0.059721
1127	G	0.087124	0.033717
1128	U	0.135323	0.032945
1129	A	1.11696	0.034942
1130	G	1.185291	0.042065
1131	U	0.34018	0.041404
1132	C	0.173571	0.068963
1133	G	0.283365	0.042072
1134	A	0.501213	0.02647
1135	U	0.101848	0.08282
1136	C	0.073285	0.039984
1137	C	0.009135	0.052304
1138	A	0.446071	0.02742
1139	G	0.906217	0.072161
1140	A	1.311741	0.038777
1141	A	0.802408	0.039754
1142	U	0.454183	0.02736
1143	G	0.645542	0.082802
1144	G	0.792699	0.048854
1145	U	0.346277	0.042512
1146	G	0.762146	0.05727
1147	A	0.200108	0.02395
1148	A	1.000116	0.039031
1149	U	0.237778	0.033036
1150	U	0.960898	0.063158
1151	C	0.204489	0.081107
1152	C	0.376035	0.049374
1153	C	nan	nan
1154	C	0.257812	0.127837
1155	A	0.153976	0.02502
1156	A	0.736158	0.031673
1157	A	0.510725	0.027129
1158	C	0.141961	0.024029
1159	U	0.373013	0.027714
1160	A	0.781012	0.028708
1161	U	0.537371	0.039019
1162	C	0.26001	0.041242
1163	A	0.177535	0.026337
1164	G	1.852029	0.068651
1165	A	0.180287	0.026231
1166	G	0.733273	0.060845
1167	C	0.261477	0.02883
1168	U	0.710384	0.030087
1169	G	0.429131	0.087989
1170	G	nan	nan
1171	U	0.829846	0.057194
1172	U	0.570081	0.033108
1173	U	0.730842	0.03327
1174	G	1.246377	0.063318
1175	U	0.581079	0.044021
1176	U	0.295549	0.02548
1177	U	0.206878	0.04808
1178	C	0.412879	0.044441
1179	U	0.992464	0.043594
1180	G	0.855796	0.058326
1181	G	0.226621	0.060118
1182	G	0.199902	0.083472
1183	A	1.139495	0.331454
1184	U	0.167602	0.031735
1185	U	0.552153	0.034578
1186	U	0.113304	0.096591
1187	C	0.58657	0.051601
1188	U	0.262404	0.026957
1189	A	2.170091	0.04475
1190	U	nan	nan
1191	A	1.205259	0.032083
1192	U	0.33899	0.023893
1193	G	1.095884	0.063088
1194	A	1.218346	0.0495
1195	U	1.06887	0.041867
1196	U	0.623266	0.026843
1197	U	0.723994	0.028278
1198	G	0.307714	0.056748
1199	G	0.921168	0.045601
1200	U	0.331154	0.035539
1201	C	0.273164	0.065201
1202	A	1.407291	0.044924
1203	U	0.963646	0.045662
1204	U	0.268303	0.034462
1205	U	0.602551	0.029656
1206	G	1.159895	0.051151
1207	A	1.278871	0.046648
1208	G	1.170672	0.096423
1209	G	0.344955	0.058371
1210	G	0.73047	0.084659
1211	A	1.73368	0.042136
1212	A	0.681886	0.028352
1213	U	0.525284	0.02818
1214	G	0.833981	0.046287
1215	C	0.152383	0.045223
1216	C	0.196057	0.046075
1217	G	0.77412	0.069403
1218	C	0.141583	0.025288
1219	A	1.435794	0.041059
1220	U	0.332877	0.033156
1221	U	0.261132	0.022082
1222	G	0.993783	0.03673
1223	U	0.096932	0.109397
1224	C	0.239928	0.038356
1225	U	1.119035	0.074717
1226	G	0.567153	0.052459
1227	A	0.856356	0.031058
1228	A	1.097119	0.041787
1229	U	0.357386	0.030486
1230	U	0.59771	0.033001
1231	C	0.197759	0.045647
1232	G	0.941063	0.061428
1233	A	0.300507	0.031359
1234	C	0.286426	0.028445
1235	A	0.643072	0.029695
1236	G	0.942581	0.055144
1237	C	0.103719	0.033918
1238	A	0.687119	0.033763
1239	A	0.656903	0.035594
1240	C	0.050842	0.020736
1241	C	0.288821	0.04357
1242	A	0.930879	0.032926
1243	C	0.249601	0.081568
1244	U	0.573623	0.037091
1245	U	0.743609	0.041192
1246	C	0.214938	0.033263
1247	A	1.488248	0.067289
1248	U	0.388866	0.036454
1249	U	0.513964	0.027148
1250	U	0.307631	0.04228
1251	C	0.106579	0.040303
1252	C	0.033294	0.035736
1253	G	1.039263	0.064342
1254	C	0.01745	0.037113
1255	A	0.350859	0.021574
1256	U	0.807721	0.028118
1257	A	0.413177	0.023263
1258	G	0.935402	0.0387
1259	A	1.662329	0.041062
1260	A	0.837808	0.031335
1261	G	0.922953	0.051612
1262	G	0.364593	0.043913
1263	A	0.324981	0.021213
1264	A	1.261293	0.031922
1265	G	0.355619	0.042732
1266	A	0.139572	0.020067
1267	A	0.476665	0.04989
1268	C	0.035074	0.027614
1269	C	0.200827	0.041469
1270	U	0.822128	0.03285
1271	G	0.242179	0.038718
1272	A	1.093161	0.050482
1273	U	0.554179	0.054088
1274	C	0.287923	0.095458
1275	U	1.959018	0.042388
1276	U	0.241847	0.057512
1277	C	0.146749	0.03599
1278	U	0.770426	0.032153
1279	G	0.659442	0.053267
1280	C	0.150978	0.026115
1281	A	0.943902	0.037375
1282	G	0.973442	0.043473
1283	G	0.038552	0.058779
1284	C	0.258706	0.0394
1285	A	0.547411	0.040046
1286	C	0.218664	0.042158
1287	U	0.414771	0.029075
1288	U	0.5005	0.027631
1289	G	1.81613	0.056225
1290	U	0.143631	0.025756
1291	U	0.03063	0.027943
1292	G	1.090488	0.055208
1293	U	0.509502	0.031433
1294	U	0.30783	0.031333
1295	C	0.242534	0.053916
1296	C	0.16372	0.042621
1297	A	1.535677	0.042075
1298	U	0.132571	0.02423
1299	U	0.633568	0.028969
1300	G	0.580556	0.067325
1301	G	0.851614	0.086183
1302	U	0.516865	0.03543
1303	U	0.161495	0.043624
1304	C	0.255231	0.209036
1305	U	0.556754	0.03188
1306	U	0.487982	0.025134
1307	A	1.346962	0.04096
1308	U	0.895395	0.030936
1309	U	0.261538	0.03718
1310	C	0.013972	0.04693
1311	C	0.048363	0.048901
1312	A	1.691575	0.072396
1313	C	0.114284	0.024078
1314	U	0.702825	0.027106
1315	A	1.483059	0.033847
1316	U	0.164448	0.019749
1317	A	0.43451	0.023544
1318	G	0.210829	0.100309
1319	G	0.433088	0.039812
1320	U	0.698941	0.055292
1321	G	0.724218	0.103231
1322	A	0.3399	0.03134
1323	A	0.292754	0.022802
1324	A	0.643014	0.035335
1325	C	0.284792	0.035582
1326	C	0.056284	0.053334
1327	C	0.179124	0.056961
1328	A	0.926913	0.060581
1329	U	0.035376	0.023763
1330	U	0.159945	0.024723
1331	G	0.226771	0.048543
1332	A	0.310731	0.034148
1333	C	0.075848	0.036933
1334	U	0.745224	0.052134
1335	C	3.151979	0.192655
1336	U	0.692498	0.043379
1337	U	0.652838	0.026383
1338	U	0.11632	0.018396
1339	A	1.025616	0.029658
1340	U	0.224172	0.022113
1341	C	0.01402	0.031374
1342	G	0.113744	0.052304
1343	A	0.255366	0.026476
1344	C	0.217864	0.026827
1345	U	0.918471	0.049474
1346	C	0.185393	0.053558
1347	C	nan	nan
1348	U	0.5299	0.056072
1349	C	0.02454	0.050334
1350	C	0.116893	0.049163
1351	U	0.161769	0.032816
1352	G	0.102638	0.057857
1353	A	0.229292	0.056753
1354	C	0.320497	0.06931
1355	C	nan	nan
1356	C	nan	nan
1357	C	0.062156	0.063052
1358	C	0.164257	0.059111
1359	G	0.216781	0.037954
1360	A	0.283438	0.029609
1361	A	0.559951	0.03188
1362	G	0.254356	0.077561
1363	G	0.05732	0.05105
1364	A	0.70551	0.033025
1365	U	0.554897	0.049702
1366	C	0.266251	0.034947
1367	U	0.677156	0.036034
1368	G	0.934021	0.04987
1369	C	0.131492	0.043749
1370	C	0.125247	0.05669
1371	U	0.857619	0.0382
1372	C	0.647707	0.043007
1373	A	0.375703	0.02546
1374	G	1.29433	0.038708
1375	U	0.434497	0.03144
1376	G	0.416758	0.044348
1377	A	0.971701	0.045602
1378	U	0.374248	0.027161
1379	U	0.16856	0.037253
1380	C	3.069707	0.305277
1381	U	0.327209	0.036526
1382	U	0.163814	0.025955
1383	C	0.128887	0.032039
1384	A	1.509234	0.045441
1385	U	0.353527	0.034068
1386	U	0.929013	0.031087
1387	U	0.422073	0.024212
1388	A	0.874607	0.026878
1389	U	0.200333	0.022448
1390	G	0.175004	0.049617
1391	A	0.274732	0.026245
1392	A	0.235213	0.024299
1393	C	0.074699	0.061755
1394	U	0.81286	0.031673
1395	U	0.39254	0.047316
1396	C	0.034655	0.054809
1397	C	0.382726	0.042103
1398	C	nan	nan
1399	A	0.125678	0.030746
1400	G	0.445865	0.055055
1401	G	0.701703	0.048575
1402	A	0.52833	0.030402
1403	U	0.597799	0.031397
1404	A	0.305609	0.021514
1405	G	0.418056	0.057369
1406	C	0.210633	0.040799
1407	A	1.202234	0.034844
1408	C	0.075946	0.03146
1409	A	0.187991	0.020333
1410	C	0.10077	0.03613
1411	A	0.811813	0.028381
1412	U	0.696141	0.031361
1413	C	0.150467	0.039854
1414	G	0.965141	0.077127
1415	U	0.375727	0.031081
1416	U	0.916083	0.054276
1417	C	0.346247	0.062693
1418	C	0.199558	0.040532
1419	C	2.803696	0.394974
1420	U	0.419366	0.033198
1421	U	0.817628	0.06116
1422	C	0.324575	0.044474
1423	C	0.182886	0.058394
1424	C	nan	nan
1425	U	0.524687	0.040475
1426	U	0.610472	0.032099
1427	C	0.11844	0.035303
1428	G	1.386504	0.059539
1429	U	0.831689	0.041207
1430	U	0.242333	0.026566
1431	C	0.113206	0.057678
1432	G	0.413772	0.050975
1433	A	0.92898	0.034128
1434	U	0.402256	0.030965
1435	U	0.796309	0.046335
1436	A	0.903992	0.035778
1437	U	0.257246	0.041747
1438	C	0.213361	0.052713
1439	A	0.055527	0.022946
1440	A	0.902274	0.03128
1441	A	0.947866	0.060306
1442	U	0.837419	0.046641
1443	U	0.151976	0.027238
1444	U	0.431182	0.027849
1445	G	0.588216	0.052071
1446	A	0.545572	0.037219
1447	U	0.668364	0.047223
1448	U	0.194812	0.029558
1449	C	0.126767	0.067252
1450	A	0.648102	0.055564
1451	A	1.245065	0.040967
1452	A	0.409935	0.032153
1453	C	0.366213	0.078787
1454	U	0.38797	0.068917
1455	C	0.102312	0.041757
1456	C	0.019781	0.042506
1457	A	0.252328	0.038909
1458	G	0.628786	0.068591
1459	G	0.418588	0.075293
1460	A	1.238282	0.045587
1461	A	0.50139	0.044878
1462	U	0.17489	0.032068
1463	U	0.432069	0.034934
1464	G	0.28899	0.063193
1465	A	0.468146	0.054963
1466	U	0.286599	0.038067
1467	C	0.119834	0.060186
1468	A	1.081188	0.037583
1469	C	0.150663	0.051614
1470	A	0.788655	0.038936
1471	U	0.197646	0.027717
1472	U	0.700171	0.046439
1473	G	0.431673	0.093413
1474	G	0.309347	0.098697
1475	G	0.083293	0.066455
1476	G	0.079283	0.048234
1477	A	1.122233	0.058893
1478	G	0.359071	0.057723
1479	G	0.265539	0.058488
1480	U	0.336599	0.100882
1481	C	0.073083	0.088666
1482	C	0.14421	0.049361
1483	U	0.48972	0.03547
1484	A	1.877254	0.049682
1485	U	0.683493	0.040151
1486	U	0.810785	0.032494
1487	A	1.819501	0.050978
1488	G	0.091891	0.076128
1489	G	nan	nan
1490	G	nan	nan
1491	U	0.605601	0.105931
1492	U	0.207709	0.054958
1493	C	nan	nan
1494	C	0.151473	0.042409
1495	U	0.24239	0.026843
1496	A	0.605239	0.03846
1497	G	0.418977	0.056006
1498	G	0.159159	0.043519
1499	A	0.093137	0.020766
1500	G	0.280926	0.126331
1501	C	nan	nan
1502	C	nan	nan
1503	C	nan	nan
1504	A	0.872714	0.035567
1505	C	0.134698	0.021198
1506	A	1.587035	0.040046
1507	U	0.342972	0.030286
1508	U	0.378146	0.023962
1509	G	0.671648	0.038682
1510	U	0.24051	0.053579
1511	C	0.021137	0.074225
1512	C	0.330634	0.048753
1513	C	nan	nan
1514	A	0.179348	0.051656
1515	G	0.197574	0.061977
1516	G	0.210082	0.032249
1517	U	0.066275	0.054682
1518	C	0.22892	0.048722
1519	U	0.785252	0.030513
1520	G	1.405573	0.062334
1521	U	0.54914	0.029103
1522	U	0.685759	0.048987
1523	G	0.206793	0.039005
1524	G	nan	nan
1525	C	0.024332	0.058496
1526	C	nan	nan
1527	U	0.765526	0.051855
1528	U	0.122437	0.027323
1529	U	0.144056	0.021961
1530	U	0.507646	0.043517
1531	C	nan	nan
1532	C	0.235906	0.060902
1533	C	6.726869	0.466962
1534	U	0.542328	0.031921
1535	U	0.600397	0.039038
1536	G	0.500203	0.057336
1537	G	0.457105	0.057689
1538	G	0.344767	0.043745
1539	U	0.685234	0.048928
1540	G	0.814399	0.05828
1541	C	0.394476	0.062674
1542	A	0.407513	0.027222
1543	G	0.752849	0.055943
1544	A	0.604473	0.090862
1545	U	0.847697	0.041305
1546	U	0.445213	0.024785
1547	U	0.249562	0.029519
1548	U	0.429141	0.039899
1549	C	0.276932	0.054929
1550	C	0.113565	0.047647
1551	C	0.272806	0.056245
1552	G	0.439762	0.049339
1553	A	0.300896	0.021725
1554	U	0.948314	0.033644
1555	A	1.251241	0.038573
1556	U	0.365753	0.030388
1557	U	0.525695	0.025682
1558	C	0.087947	0.034062
1559	G	1.853448	0.049368
1560	C	0.158509	0.039946
1561	G	0.665329	0.05564
1562	G	nan	nan
1563	U	0.321955	0.033598
1564	U	0.470678	0.025005
1565	U	0.086214	0.050169
1566	C	0.009852	0.036004
1567	C	0.094936	0.043169
1568	A	1.002767	0.031514
1569	C	0.28428	0.0269
1570	U	0.773215	0.03314
1571	G	2.11886	0.121455
1572	U	0.515689	0.04671
1573	U	0.254509	0.019596
1574	U	0.149564	0.057728
1575	C	0.11034	0.03672
1576	C	0.242314	0.036941
1577	G	1.946486	0.043236
1578	U	0.524468	0.028427
1579	G	0.443059	0.037937
1580	G	0.234699	0.038464
1581	C	0.313123	0.047435
1582	A	0.697456	0.042472
1583	U	0.435455	0.028555
1584	U	0.289015	0.028215
1585	C	0.029197	0.036183
1586	A	0.749826	0.026365
1587	C	0.113677	0.01593
1588	U	1.606786	0.03327
1589	A	0.126525	0.016289
1590	C	0.140647	0.046458
1591	U	0.897191	0.03502
1592	U	0.650096	0.038503
1593	C	0.060465	0.033701
1594	A	1.04736	0.038612
1595	A	1.025989	0.038447
1596	U	0.897464	0.092133
1597	C	0.236945	0.048816
1598	C	0.134724	0.04688
1599	C	0.130223	0.064843
1600	C	0.00197	0.102638
1601	C	nan	nan
1602	U	0.344782	0.059538
1603	C	0.015584	0.043706
1604	U	0.059479	0.079141
1605	C	0.155121	0.050334
1606	U	0.426299	0.032403
1607	G	1.792199	0.056456
1608	U	0.303377	0.028502
1609	U	0.193374	0.022674
1610	A	0.187421	0.024092
1611	G	0.677912	0.039443
1612	C	0.359516	0.045976
1613	G	0.931959	0.047373
1614	U	0.680253	0.037627
1615	G	0.981317	0.09681
1616	U	0.129049	0.041793
1617	U	0.299054	0.034478
1618	C	nan	nan
1619	A	0.867425	0.049065
1620	C	0.078195	0.040238
1621	C	nan	nan
1622	U	1.277812	0.076019
1623	U	0.248152	0.029412
1624	U	0.322244	0.023631
1625	G	1.211098	0.062765
1626	U	0.707198	0.042105
1627	U	0.128428	0.052219
1628	C	0.197041	0.049057
1629	C	0.019525	0.053916
1630	A	1.803905	0.074541
1631	U	0.520871	0.038761
1632	U	0.344781	0.033197
1633	U	0.768144	0.039563
1634	G	0.400463	0.055048
1635	C	0.001966	0.048664
1636	C	0.104948	0.070047
1637	A	0.969136	0.037436
1638	C	0.010525	0.024729
1639	A	0.116459	0.0201
1640	G	1.018569	0.053018
1641	C	0.093888	0.044978
1642	A	0.717105	0.031754
1643	U	0.624391	0.035442
1644	G	0.704905	0.087001
1645	G	0.513394	0.050284
1646	U	0.678207	0.036391
1647	G	0.907912	0.043247
1648	U	0.220779	0.085105
1649	C	0.003687	0.06464
1650	C	0.082875	0.045445
1651	A	0.324283	0.029359
1652	A	0.140841	0.024303
1653	G	0.280048	0.043562
1654	A	0.311286	0.035549
1655	C	0.493345	0.03435
1656	A	0.332421	0.024246
1657	U	1.206382	0.061787
1658	A	2.21897	0.092612
1659	U	0.666472	0.048894
1660	U	0.712066	0.034027
1661	U	0.128507	0.02617
1662	U	0.252258	0.022037
1663	G	0.965636	0.039775
1664	U	0.086013	0.104735
1665	C	0.361501	0.055535
1666	U	0.7255	0.088224
1667	C	0.21118	0.058456
1668	C	nan	nan
1669	U	0.740125	0.065026
1670	U	0.269436	0.036365
1671	U	0.227804	0.036321
1672	A	0.114627	0.047316
1673	G	0.526465	0.066463
1674	C	0.483515	0.493909
1675	U	1.114941	0.064816
1676	U	0.778747	0.072426
1677	C	0.138061	0.094583
1678	A	1.109412	0.057198
1679	A	1.83221	0.074138
1680	U	0.201614	0.051432
1681	C	0.125508	0.08896
1682	A	0.796705	0.064152
1683	G	0.592215	0.111587
1684	C	nan	nan
1685	A	1.448486	0.077975
1686	C	0.023349	0.065377
1687	A	0.055188	0.160822
1688	C	0.024317	0.072912
1689	A	0.545518	0.056201
1690	G	0.850867	0.115378
1691	G	0.154008	0.137257
1692	C	nan	nan
1693	A	1.137232	0.059835
1694	A	0.556409	0.056296
1695	U	0.149784	0.047382
1696	G	1.101062	0.131324
1697	A	0.460508	0.06089
1698	A	0.142819	0.035891
1699	U	0.726503	0.063573
1700	A	0.531171	0.058977
1701	C	0.203869	0.065946
1702	C	0.156913	0.111236
1703	A	0.584483	0.055885
1704	G	1.548454	0.158554
1705	A	0.618292	0.065216
1706	A	0.982494	0.130503
1707	U	0.595593	0.079706
1708	U	0.579057	0.204243
1709	U	0.481043	0.078403
1710	G	1.502697	0.39079
1711	A	0.417373	0.063668
1712	G	1.405051	0.083894
1713	U	1.149875	0.082596
1714	G	1.848329	0.192341
1715	U	0.265643	0.084728
1716	U	0.605883	0.070824
1717	C	0.078027	0.092556
1718	A	1.450353	0.138392
1719	U	0.247874	0.078304
1720	U	0.740863	0.071502
1721	U	0.069914	0.065041
1722	U	0.121941	0.074206
1723	G	1.267274	0.146842
1724	U	0.184108	0.125753
1725	A	0.646018	0.162923
1726	U	1.190887	0.305779
1727	C	0.814022	0.333031
1728	C	nan	nan
1729	C	0.311996	0.258307
1730	C	0.249128	0.327241
1731	U	nan	nan
1732	G	nan	nan
1733	C	nan	nan
1734	U	nan	nan
1735	U	nan	nan
1736	U	nan	nan
1737	U	nan	nan
1738	G	nan	nan
1739	C	nan	nan
1740	U	nan	nan
