Nucleotide	Sequence	Norm_profile	Norm_stderr
1	A	nan	nan
2	G	nan	nan
3	U	0.692823	0.853238
4	A	0.225069	0.683078
5	G	nan	nan
6	A	nan	nan
7	A	nan	nan
8	A	0.191524	0.356062
9	C	1.379352	0.401338
10	A	5.241496	1.162292
11	A	2.047344	0.68425
12	G	nan	nan
13	G	0.09876	0.118625
14	U	0.186486	0.067269
15	A	0.132175	0.060335
16	G	3.549303	0.255857
17	U	0.22306	0.058447
18	U	0.151334	0.032265
19	U	0.045755	0.028074
20	U	0.082767	0.084692
21	U	0.946251	0.125348
22	U	0.121278	0.024027
23	A	0.335456	0.030222
24	C	0.14818	0.026876
25	U	0.141758	0.059119
26	C	0.67319	0.09143
27	C	0.213337	0.065132
28	A	0.14041	0.029142
29	G	0.190203	0.030741
30	C	0.116254	0.029248
31	U	0.26445	0.056317
32	C	0.005015	0.04711
33	U	0.370981	0.027931
34	A	0.577489	0.030071
35	U	0.560913	0.025603
36	G	0.667678	0.038886
37	U	0.093736	0.018125
38	U	0.167547	0.024737
39	G	0.126404	0.03845
40	A	0.055549	0.016638
41	C	0.348155	0.039417
42	A	0.260611	0.024236
43	A	1.447367	0.034234
44	A	0.232834	0.015632
45	A	0.482788	0.021245
46	U	0.143572	0.020883
47	G	nan	nan
48	A	0.098516	0.018209
49	C	0.072118	0.018248
50	U	0.167798	0.015925
51	A	0.684297	0.0216
52	U	0.597702	0.025098
53	C	0.3266	0.054608
54	G	0.839624	0.036186
55	U	0.204095	0.028807
56	C	0.017196	0.032421
57	A	0.488389	0.022246
58	A	0.615165	0.02464
59	C	0.09771	0.018972
60	A	0.602869	0.020903
61	U	0.015405	0.080427
62	C	0.179946	0.024365
63	C	0.60358	0.041559
64	A	0.427235	0.022007
65	C	0.061184	0.016694
66	A	0.05374	0.011246
67	G	0.126758	0.036689
68	C	0.053826	0.026053
69	A	0.501367	0.019673
70	C	0.32551	0.019348
71	U	0.51291	0.036101
72	C	0.974762	0.068818
73	U	0.237353	0.020364
74	G	0.285827	0.037444
75	C	0.064627	0.02144
76	U	0.227527	0.017903
77	G	1.863767	0.057661
78	U	0.334033	0.024434
79	U	0.281521	0.039355
80	C	nan	nan
81	C	0.023465	0.039228
82	U	0.117068	0.017874
83	G	0.204248	0.038653
84	C	0.150663	0.040308
85	C	0.276994	0.072505
86	G	0.103853	0.029053
87	A	0.085497	0.018727
88	U	1.109071	0.034081
89	A	1.663493	0.049523
90	U	0.35548	0.027011
91	U	0.180633	0.032983
92	C	0.15888	0.0608
93	U	0.374362	0.024232
94	U	0.603549	0.041078
95	C	0.079965	0.029058
96	C	nan	nan
97	C	0.027585	0.049438
98	U	0.142257	0.029674
99	C	nan	nan
100	A	0.571756	0.024112
101	U	1.0368	0.03166
102	A	0.778164	0.02492
103	G	0.102547	0.030906
104	A	0.270465	0.023791
105	C	0.17087	0.018426
106	U	1.096456	0.031212
107	C	0.943118	0.044264
108	A	0.720333	0.02791
109	G	0.666912	0.046026
110	G	0.181934	0.045166
111	C	0.177098	0.019601
112	A	0.658497	0.022232
113	C	0.177793	0.021781
114	U	0.854713	0.047116
115	C	0.105862	0.042094
116	C	0.290718	0.066634
117	U	0.92269	0.040344
118	U	0.326593	0.052093
119	C	0.144489	0.029983
120	C	0.155347	0.03754
121	G	0.867275	0.039628
122	U	0.473419	0.027463
123	A	0.76641	0.042357
124	G	0.920834	0.043637
125	A	0.837882	0.03748
126	A	0.649373	0.032871
127	G	0.189979	0.04201
128	G	0.012704	0.450793
129	C	0.236758	0.042554
130	C	0.392238	0.092755
131	C	0.117864	0.058574
132	U	0.993693	0.066339
133	C	0.365048	0.165156
134	U	0.446954	0.067759
135	U	0.568289	0.040659
136	U	0.249296	0.024824
137	U	0.35536	0.029755
138	C	nan	nan
139	A	1.156678	0.036268
140	A	0.771652	0.031749
141	U	0.196489	0.062553
142	C	0.247576	0.035847
143	C	0.101205	0.060723
144	G	0.564914	0.050462
145	U	0.529864	0.033204
146	A	1.416816	0.052298
147	U	0.395128	0.037142
148	U	0.25567	0.022597
149	U	0.160048	0.030034
150	A	0.366386	0.034896
151	A	0.575296	0.056688
152	G	0.461537	0.061184
153	G	0.736328	0.071939
154	C	0.320171	0.039632
155	G	0.122644	0.06464
156	A	0.85836	0.051229
157	C	nan	nan
158	G	0.180129	0.04154
159	A	0.200784	0.027108
160	U	0.715322	0.040849
161	A	0.549183	0.03284
162	A	1.128041	0.0375
163	A	0.353546	0.024771
164	U	0.361356	0.028686
165	G	0.167157	0.051528
166	C	0.130681	0.033172
167	A	0.716859	0.051966
168	U	0.637394	0.043842
169	U	0.225847	0.024302
170	U	0.283193	0.03093
171	G	1.014959	0.05517
172	A	0.450402	0.028028
173	A	1.735058	0.046342
174	G	1.159892	0.084626
175	A	0.100728	0.039279
176	A	0.83253	0.030921
177	A	0.041421	0.015559
178	A	0.227758	0.030378
179	G	0.73289	0.040783
180	A	0.549591	0.028464
181	U	1.02683	0.041914
182	G	nan	nan
183	A	0.332123	0.034077
184	U	0.383254	0.029229
185	C	0.155044	0.040268
186	A	0.310246	0.023354
187	A	0.464291	0.025286
188	G	0.808112	0.054809
189	A	0.266954	0.02523
190	A	0.296096	0.019679
191	U	0.046021	0.134899
192	C	0.052125	0.043169
193	C	0.218889	0.046214
194	A	0.841858	0.030808
195	C	0.258375	0.023007
196	A	0.379927	0.020498
197	A	0.022632	0.010096
198	U	1.445163	0.039895
199	A	0.424438	0.022668
200	U	0.439973	0.025862
201	C	0.145807	0.040303
202	A	0.613762	0.025738
203	A	0.142058	0.015321
204	G	0.205253	0.030961
205	U	0.374429	0.027727
206	G	0.215858	0.053011
207	C	nan	nan
208	A	0.17628	0.018933
209	A	0.307915	0.028671
210	G	0.247742	0.039987
211	A	0.404514	0.027031
212	U	0.598168	0.046133
213	C	0.264716	0.068833
214	C	0.279254	0.051588
215	C	0.041198	0.05517
216	A	0.84059	0.0266
217	A	0.743435	0.026987
218	U	0.592975	0.02491
219	G	1.072524	0.039968
220	A	0.163076	0.020794
221	U	0.554408	0.024942
222	G	0.404689	0.033738
223	C	0.111045	0.035377
224	U	1.06905	0.031695
225	U	0.308499	0.02253
226	G	1.340655	0.038209
227	C	0.313033	0.091827
228	G	0.971674	0.059758
229	G	0.193534	0.05105
230	C	0.168795	0.049245
231	A	1.7699	0.038549
232	A	0.463894	0.021671
233	U	0.855294	0.029068
234	A	1.003326	0.027027
235	A	0.249038	0.015553
236	C	0.239481	0.021238
237	G	0.474386	0.0403
238	A	1.910622	0.036637
239	G	nan	nan
240	A	0.737705	0.032073
241	G	1.100804	0.055842
242	G	0.112669	0.045497
243	A	0.509279	0.022825
244	U	0.342342	0.026758
245	C	0.148137	0.032288
246	A	0.555265	0.029254
247	C	0.433528	0.028166
248	U	0.852846	0.029676
249	U	0.723304	0.025929
250	G	0.693654	0.052234
251	A	0.49043	0.029922
252	A	0.572875	0.020869
253	U	0.464551	0.027989
254	C	0.159441	0.03298
255	G	1.174759	0.051273
256	C	0.185263	0.03061
257	U	1.10689	0.033033
258	G	0.139903	0.050922
259	C	0.28363	0.058496
260	A	1.91174	0.044736
261	U	0.290277	0.030625
262	U	0.169757	0.021136
263	U	0.24413	0.01962
264	G	0.162251	0.03883
265	C	0.145747	0.039079
266	A	0.603035	0.024631
267	C	0.145207	0.019707
268	U	0.783118	0.051976
269	C	0.065063	0.056475
270	C	0.272627	0.052304
271	C	0.012718	0.057678
272	A	0.618252	0.026023
273	U	0.823763	0.054744
274	C	0.129124	0.056858
275	C	0.304152	0.053021
276	G	1.309879	0.061179
277	U	0.281828	0.046387
278	U	0.880497	0.030822
279	U	0.408403	0.041072
280	C	0.073083	0.036183
281	U	0.143535	0.041045
282	G	0.194348	0.032348
283	A	0.584755	0.027089
284	U	0.329061	0.023102
285	A	0.94023	0.05884
286	G	0.571369	0.049965
287	G	0.553352	0.048859
288	C	0.129772	0.058496
289	C	0.346303	0.071768
290	U	0.160911	0.027442
291	G	0.346286	0.043034
292	C	1.222016	0.146485
293	A	0.112777	0.022672
294	A	0.447255	0.022341
295	A	0.48803	0.039053
296	U	0.481399	0.032161
297	U	0.479623	0.046421
298	U	0.081414	0.020098
299	U	0.396709	0.030012
300	C	0.054665	0.031546
301	A	1.620179	0.084057
302	A	0.88112	0.061199
303	G	2.179794	0.051286
304	A	0.591346	0.054317
305	A	0.374814	0.054317
306	G	0.810414	0.050915
307	A	0.589008	0.033632
308	U	0.577016	0.028315
309	C	0.694437	0.056697
310	A	0.118298	0.022493
311	U	0.596627	0.043714
312	C	nan	nan
313	U	0.684036	0.045918
314	U	0.788413	0.028544
315	U	0.127069	0.019588
316	U	0.196746	0.022839
317	A	0.239389	0.057021
318	G	0.331867	0.04153
319	A	0.489529	0.03433
320	C	0.18015	0.020395
321	C	0.083651	0.044602
322	A	0.2134	0.020551
323	G	0.67057	0.042171
324	C	0.178147	0.022743
325	A	0.740456	0.030957
326	C	0.153842	0.020618
327	U	0.637037	0.022637
328	G	0.539125	0.040679
329	G	0.320266	0.034043
330	A	0.491611	0.04277
331	G	0.423881	0.040599
332	C	0.137538	0.032137
333	U	0.563874	0.021407
334	A	0.61466	0.025284
335	G	0.19881	0.038115
336	G	1.208551	0.048468
337	A	0.566651	0.02287
338	U	0.589058	0.025642
339	G	0.277495	0.032918
340	A	0.336712	0.02169
341	G	0.85409	0.02743
342	U	0.277589	0.04293
343	C	0.207283	0.044148
344	C	0.043169	0.041198
345	C	0.548836	0.071829
346	A	1.366029	0.026936
347	A	0.804592	0.040768
348	U	0.6388	0.021465
349	G	0.481708	0.039416
350	G	0.684711	0.02866
351	U	0.560712	0.039634
352	C	0.336472	0.070293
353	C	0.160511	0.03485
354	U	0.448856	0.029132
355	C	0.046572	0.031526
356	A	0.875362	0.027586
357	U	0.126239	0.021132
358	U	0.245428	0.022446
359	G	0.551012	0.031552
360	C	nan	nan
361	C	0.133904	0.056312
362	U	0.230851	0.027489
363	G	0.184125	0.028401
364	C	0.216532	0.037359
365	A	0.470639	0.028699
366	C	0.26143	0.023413
367	C	nan	nan
368	A	0.863191	0.023447
369	U	1.006169	0.039076
370	C	0.178478	0.027741
371	U	0.340168	0.026183
372	G	0.452337	0.039525
373	C	0.147714	0.037604
374	C	0.247825	0.056664
375	U	0.091564	0.019515
376	A	0.19355	0.018726
377	G	0.269622	0.034987
378	C	0.464032	0.0553
379	C	nan	nan
380	U	0.405339	0.023524
381	G	0.28022	0.033734
382	A	0.650089	0.026446
383	C	0.125839	0.028756
384	U	0.065396	0.016606
385	G	0.009912	0.034035
386	G	0.143535	0.05997
387	C	0.058741	0.035392
388	A	0.131198	0.020222
389	A	0.373203	0.027189
390	C	0.041783	0.029985
391	C	0.095927	0.029739
392	U	0.571814	0.070739
393	C	0.287002	0.030574
394	C	0.091148	0.029728
395	A	0.792819	0.026968
396	U	0.274873	0.023937
397	A	0.213387	0.017304
398	G	0.468	0.035341
399	C	0.084548	0.044732
400	C	0.090711	0.05342
401	U	0.814878	0.050422
402	C	0.157027	0.027513
403	U	0.784575	0.027253
404	G	2.248369	0.046017
405	C	0.105194	0.043011
406	U	0.154336	0.019311
407	G	0.147762	0.025602
408	C	0.11183	0.064394
409	U	0.801284	0.028928
410	U	0.497478	0.044731
411	G	1.11825	0.054567
412	U	0.531017	0.036742
413	U	0.3541	0.028714
414	C	0.12055	0.046393
415	A	0.494338	0.028835
416	C	0.357848	0.028797
417	U	0.809383	0.039886
418	C	0.037258	0.04908
419	G	0.19319	0.045344
420	A	0.830168	0.039117
421	C	0.176186	0.030595
422	C	0.068963	0.044009
423	C	0.076844	0.058394
424	U	0.158169	0.025777
425	G	0.450608	0.054101
426	C	0.179665	0.054072
427	C	nan	nan
428	A	0.578446	0.029396
429	U	0.179931	0.032389
430	C	0.130742	0.027751
431	U	1.11051	0.036479
432	G	0.181961	0.039254
433	C	0.131492	0.049647
434	U	0.393473	0.070724
435	C	0.998547	0.060743
436	C	nan	nan
437	A	0.567255	0.03261
438	U	0.725411	0.035637
439	G	0.465033	0.043165
440	G	0.186547	0.097575
441	C	0.137637	0.058987
442	C	0.550326	0.070628
443	U	0.24107	0.03077
444	U	0.147376	0.021257
445	A	0.187179	0.026007
446	G	0.589732	0.046297
447	C	0.173766	0.046207
448	C	0.066975	0.042429
449	G	0.937171	0.046363
450	U	0.226832	0.026133
451	A	1.244115	0.046138
452	G	0.269307	0.031611
453	U	0.028539	0.033443
454	A	0.331767	0.024017
455	C	0.554516	0.032563
456	U	0.359765	0.03707
457	A	0.401443	0.0483
458	G	1.124281	0.04851
459	C	0.362279	0.055055
460	C	0.60067	0.053746
461	A	0.268286	0.023646
462	G	0.366677	0.03005
463	U	0.148304	0.024355
464	A	0.733053	0.035342
465	C	0.188513	0.042028
466	C	nan	nan
467	A	0.783026	0.027794
468	U	0.624579	0.041636
469	C	0.141678	0.034003
470	C	0.216156	0.038103
471	U	0.796834	0.031663
472	G	0.955522	0.045456
473	U	1.385307	0.03773
474	U	0.178147	0.030027
475	C	0.529865	0.040748
476	U	0.286405	0.031493
477	C	0.213157	0.044781
478	A	0.95158	0.027225
479	U	0.251966	0.022192
480	G	1.597501	0.035914
481	U	0.200093	0.050172
482	C	0.346866	0.037526
483	U	0.437307	0.025787
484	G	0.476668	0.040139
485	A	1.010015	0.030409
486	U	0.393678	0.030292
487	C	0.362631	0.039626
488	A	1.505012	0.033989
489	A	0.807087	0.026708
490	U	0.584591	0.029518
491	G	0.751836	0.061113
492	G	0.629861	0.056463
493	G	nan	nan
494	U	0.300494	0.026368
495	U	1.044193	0.031012
496	G	0.562612	0.057786
497	G	0.717864	0.055569
498	U	0.107959	0.031746
499	U	1.048334	0.028331
500	G	0.903277	0.038385
501	U	0.117182	0.02305
502	U	0.150964	0.017402
503	G	1.517567	0.035614
504	U	0.525474	0.037515
505	C	0.031347	0.043527
506	A	0.867955	0.026986
507	C	0.273523	0.02383
508	C	nan	nan
509	A	0.604268	0.021895
510	U	0.460711	0.036693
511	C	0.270367	0.026209
512	U	0.376155	0.028037
513	G	0.980558	0.03115
514	U	0.114655	0.048911
515	C	0.250204	0.072259
516	U	0.265852	0.024839
517	G	0.985881	0.033209
518	U	0.186022	0.020986
519	G	0.442895	0.065623
520	A	0.874762	0.029999
521	G	nan	nan
522	A	0.53374	0.029522
523	C	0.296582	0.02667
524	C	0.2271	0.042407
525	G	0.806327	0.041794
526	A	0.966574	0.032012
527	U	0.748826	0.024484
528	G	0.341858	0.038573
529	C	0.284121	0.043011
530	U	0.471791	0.027915
531	G	0.27856	0.045762
532	G	0.503478	0.044068
533	G	nan	nan
534	A	0.895354	0.030838
535	G	0.970184	0.031757
536	U	1.21546	0.039057
537	C	0.082934	0.042631
538	A	0.090268	0.017535
539	G	0.34752	0.035145
540	C	0.044271	0.114719
541	A	0.774825	0.031776
542	A	0.521936	0.021563
543	U	0.818588	0.043397
544	C	0.268466	0.032901
545	C	0.19097	0.042185
546	G	0.392825	0.043397
547	C	0.171491	0.019449
548	U	0.550279	0.040182
549	C	nan	nan
550	A	1.173355	0.031099
551	C	0.020154	0.02507
552	A	1.027374	0.027807
553	U	0.536627	0.024421
554	G	1.541625	0.035485
555	U	1.24816	0.031984
556	G	0.132193	0.05517
557	G	nan	nan
558	C	0.097285	0.03988
559	G	0.574437	0.053899
560	C	0.032689	0.032689
561	A	1.079739	0.031521
562	C	nan	nan
563	A	0.220099	0.024022
564	C	0.132484	0.021902
565	C	0.043706	0.049259
566	A	0.299408	0.032579
567	G	0.269034	0.038938
568	G	0.346058	0.08971
569	C	0.192691	0.047435
570	C	0.566283	0.367641
571	A	0.225471	0.024378
572	A	0.450568	0.024373
573	A	0.169508	0.021526
574	C	0.194119	0.025935
575	G	0.357978	0.044474
576	C	0.016713	0.039079
577	C	0.020062	0.042452
578	A	0.361616	0.02604
579	C	0.195999	0.178908
580	U	0.638745	0.029977
581	U	0.484181	0.026829
582	C	0.168359	0.058987
583	G	0.259124	0.07446
584	G	0.356049	0.037261
585	U	0.460385	0.03226
586	G	0.070866	0.043987
587	G	0.126706	0.040402
588	U	0.102355	0.028601
589	C	0.225554	0.04499
590	A	1.109241	0.036346
591	C	0.030477	0.028019
592	A	0.273304	0.021888
593	G	0.93427	0.058316
594	U	0.338492	0.024242
595	U	0.813191	0.041327
596	C	0.139111	0.081107
597	C	0.225517	0.051409
598	C	0.018271	0.051229
599	A	0.435924	0.086017
600	U	0.601752	0.0328
601	U	0.36504	0.04388
602	C	0.152616	0.033223
603	U	0.412727	0.02325
604	G	0.805828	0.048655
605	U	1.308809	0.04041
606	U	0.077836	0.01914
607	G	1.32283	0.037931
608	U	0.066437	0.016413
609	A	2.093219	0.038474
610	U	0.027317	0.020664
611	A	0.733593	0.0269
612	U	0.50756	0.025148
613	G	0.880324	0.039103
614	A	0.81443	0.034951
615	G	0.887448	0.038649
616	G	0.403953	0.052089
617	C	0.095854	0.056529
618	C	0.089252	0.031198
619	C	0.036541	0.044244
620	A	0.306061	0.021568
621	U	0.612775	0.027244
622	G	0.52793	0.043568
623	C	0.048419	0.032197
624	A	1.027632	0.038652
625	A	0.607926	0.022674
626	C	0.331802	0.041783
627	U	0.031702	0.026982
628	G	0.141513	0.043342
629	G	nan	nan
630	C	0.12289	0.051368
631	A	1.130285	0.028928
632	A	0.377472	0.026542
633	G	0.839878	0.032814
634	U	0.478168	0.038262
635	G	0.260479	0.052466
636	C	0.245267	0.030439
637	A	0.754638	0.032477
638	C	0.112233	0.024223
639	C	nan	nan
640	A	0.144511	0.020089
641	G	0.831237	0.036848
642	U	0.585367	0.029839
643	G	0.46563	0.053078
644	G	0.635284	0.05023
645	A	1.280047	0.037105
646	A	0.63834	0.02276
647	U	1.09084	0.027653
648	A	0.27972	0.017185
649	A	0.245352	0.016958
650	C	0.300295	0.019258
651	U	0.91322	0.026269
652	G	0.680458	0.041853
653	A	0.776959	0.036255
654	G	0.793603	0.030946
655	U	0.72056	0.026921
656	G	0.711057	0.045761
657	C	0.160986	0.038342
658	U	0.246249	0.025717
659	A	0.771737	0.028494
660	C	0.038833	0.034163
661	C	0.17787	0.050513
662	U	1.474318	0.058092
663	C	0.025794	0.041378
664	C	0.332828	0.058675
665	U	0.66999	0.040784
666	U	0.539328	0.028481
667	G	0.390739	0.043071
668	G	0.39729	0.07068
669	C	0.118259	0.056104
670	C	0.019662	0.065869
671	C	nan	nan
672	C	0.053916	0.050334
673	A	0.487702	0.027187
674	U	0.55497	0.065377
675	G	0.874429	0.04997
676	G	0.95371	0.083195
677	A	1.250063	0.046353
678	A	0.6625	0.025409
679	U	0.4632	0.031733
680	G	1.023505	0.048549
681	U	1.028299	0.032299
682	A	0.377084	0.02239
683	A	1.251077	0.044743
684	U	0.317599	0.030463
685	U	0.205466	0.018834
686	U	0.655972	0.052706
687	C	0.099119	0.037952
688	C	0.213135	0.059643
689	C	nan	nan
690	U	0.746744	0.089894
691	U	0.650341	0.033635
692	U	0.037374	0.014838
693	U	0.2154	0.022102
694	G	0.029914	0.042811
695	A	0.321061	0.029085
696	G	0.70851	0.034458
697	C	0.792642	0.2125
698	U	0.429278	0.024677
699	U	0.378763	0.04008
700	C	0.311675	0.037997
701	C	0.104826	0.033339
702	U	0.530725	0.02688
703	G	0.934902	0.033749
704	U	0.170098	0.024324
705	A	0.672728	0.027043
706	C	0.212284	0.021911
707	A	0.568858	0.024703
708	G	1.210564	0.063416
709	U	0.404243	0.028963
710	U	0.113239	0.02012
711	U	0.227606	0.033056
712	G	0.207425	0.056782
713	A	0.172378	0.025544
714	C	0.046391	0.022163
715	U	0.225106	0.024523
716	G	0.534425	0.04594
717	C	0.376534	0.059479
718	C	0.350725	0.065559
719	C	0.173571	0.055708
720	U	0.243966	0.025498
721	G	0.453763	0.032614
722	U	0.013434	0.108728
723	C	0.117237	0.057758
724	C	nan	nan
725	A	0.683768	0.027373
726	U	0.392792	0.024148
727	G	1.028712	0.044468
728	U	1.436223	0.035321
729	U	0.05358	0.024824
730	G	1.464209	0.072194
731	U	1.250364	0.040802
732	U	0.179462	0.020082
733	U	0.498225	0.025965
734	G	0.290489	0.039052
735	G	0.039426	0.030471
736	A	0.612055	0.027654
737	U	0.126855	0.030748
738	C	0.718401	0.042364
739	U	0.143823	0.052399
740	C	0.17746	0.036172
741	C	0.120909	0.042273
742	A	0.884266	0.030897
743	U	0.49142	0.024821
744	U	0.633387	0.043294
745	C	0.417677	0.058276
746	C	0.09619	0.043348
747	C	nan	nan
748	A	0.812477	0.029352
749	U	0.326701	0.023889
750	U	0.812358	0.026984
751	A	0.763603	0.02597
752	A	0.229192	0.022692
753	G	1.739269	0.057661
754	A	0.081313	0.025458
755	G	0.623161	0.043506
756	C	0.198344	0.028075
757	A	1.404603	0.061397
758	U	1.298875	0.055773
759	U	0.603244	0.023777
760	U	0.576587	0.025329
761	U	1.082618	0.028634
762	G	0.312431	0.045169
763	G	0.233852	0.041546
764	A	0.435028	0.033583
765	C	0.736769	0.110943
766	A	0.303045	0.063141
767	A	0.950095	0.036065
768	A	0.195848	0.021324
769	G	0.457924	0.029346
770	C	0.063733	0.0273
771	G	0.202728	0.025852
772	U	0.095949	0.074024
773	C	0.006448	0.036362
774	U	0.014013	0.017041
775	A	0.089017	0.012814
776	C	0.471951	0.026967
777	G	0.136439	0.036061
778	C	0.065869	0.030477
779	U	0.121335	0.020083
780	G	0.157966	0.055986
781	C	0.127068	0.03318
782	A	0.255916	0.021764
783	G	0.557654	0.026549
784	U	0.52594	0.052819
785	C	0.119476	0.054812
786	C	0.694588	0.057512
787	U	0.797278	0.050388
788	C	0.160461	0.030617
789	G	nan	nan
790	C	nan	nan
791	U	0.048543	0.036541
792	C	nan	nan
793	A	0.016474	0.012973
794	C	nan	nan
795	U	0.202237	0.031551
796	G	0.098518	0.049976
797	G	1.348101	0.103227
798	G	0.274509	0.040157
799	C	0.173049	0.020935
800	A	0.600831	0.03581
801	C	0.066798	0.030253
802	G	0.16246	0.106668
803	G	nan	nan
804	U	0.056775	0.029985
805	G	nan	nan
806	A	0.101015	0.027527
807	G	0.075454	0.064394
808	C	nan	nan
809	G	0.957613	0.032857
810	U	0.349656	0.026182
811	G	0.687096	0.045042
812	A	1.939092	0.043773
813	A	0.029201	0.02009
814	C	1.974512	0.058488
815	A	0.047681	0.029002
816	C	0.622967	0.05511
817	A	0.664903	0.035769
818	A	1.356527	0.044185
819	A	1.373384	0.046758
820	C	0.178894	0.05237
821	C	0.12055	0.073978
822	C	0.345888	0.068425
823	U	0.953413	0.067389
824	A	0.468788	0.035346
825	A	1.390778	0.041271
826	A	0.156266	0.020511
827	A	0.927046	0.040315
828	U	0.352208	0.027296
829	U	1.121419	0.054267
830	C	0.15006	0.077185
831	C	0.291835	0.056476
832	C	0.201527	0.121461
833	U	1.754336	0.048749
834	U	0.226068	0.028505
835	A	0.176972	0.032914
836	G	0.441311	0.035641
837	U	0.243176	0.036749
838	C	0.26851	0.048047
839	A	0.177838	0.028972
840	G	1.673878	0.059153
841	A	0.32531	0.035418
842	G	0.890089	0.089856
843	G	0.540177	0.041367
844	U	0.240352	0.02568
845	G	0.022032	0.059111
846	A	0.069607	0.020446
847	C	0.128669	0.027292
848	A	0.348054	0.027817
849	G	0.266896	0.051832
850	G	0.609966	0.059336
851	A	0.646235	0.042449
852	U	0.121571	0.032558
853	U	0.516607	0.027618
854	G	0.278421	0.063619
855	G	1.198336	0.045379
856	U	0.392307	0.043821
857	C	0.123775	0.103354
858	U	0.369658	0.030337
859	U	0.37567	0.02554
860	G	0.280706	0.030533
861	U	0.157918	0.058093
862	C	3.892761	0.48775
863	U	0.634655	0.043831
864	U	0.200208	0.023126
865	U	0.05853	0.02081
866	A	0.103359	0.018829
867	G	0.417841	0.045062
868	C	0.107836	0.026313
869	C	0.064605	0.037367
870	A	3.040667	0.05942
871	U	0.686287	0.043701
872	U	0.297837	0.078246
873	C	0.135916	0.054563
874	C	nan	nan
875	A	0.842085	0.03412
876	U	0.629972	0.037164
877	G	0.719535	0.056073
878	A	0.982372	0.037005
879	G	0.835221	0.047125
880	U	0.568154	0.034231
881	G	0.954115	0.049016
882	C	0.147468	0.062182
883	C	0.251208	0.059071
884	U	0.666114	0.042318
885	C	0.141132	0.046649
886	A	0.091896	0.021225
887	A	0.218007	0.050631
888	G	0.605079	0.048631
889	A	0.602781	0.033488
890	U	0.66805	0.035971
891	C	0.243373	0.046048
892	G	0.645372	0.107711
893	G	1.41513	0.046233
894	U	1.056364	0.041454
895	G	1.750321	0.086585
896	U	0.386126	0.043985
897	U	0.336384	0.046828
898	C	0.247887	0.108933
899	U	0.264469	0.031723
900	U	0.895255	0.058365
901	C	0.174131	0.054684
902	C	0.325483	0.051474
903	C	0.2617	0.069858
904	U	0.203892	0.0371
905	G	0.498383	0.059894
906	C	0.034163	0.061936
907	A	0.45306	0.046926
908	A	0.98078	0.039367
909	A	0.210115	0.025579
910	G	0.443864	0.063564
911	A	0.331584	0.028222
912	C	0.173879	0.027094
913	A	0.872134	0.035848
914	U	0.429706	0.046251
915	C	0.414988	0.131626
916	U	1.242641	0.046823
917	U	0.533112	0.034342
918	C	0.336964	0.072013
919	A	0.652702	0.027475
920	A	0.309976	0.021991
921	G	1.44358	0.047034
922	U	0.037795	0.063052
923	C	1.391968	0.056038
924	U	0.015046	0.075232
925	C	0.038416	0.038357
926	U	0.86422	0.02982
927	G	1.570947	0.045102
928	C	2.43823	0.050197
929	G	0.194805	0.041313
930	C	0.126558	0.037576
931	G	0.071829	0.045856
932	A	1.57387	0.036415
933	U	0.145379	0.040873
934	C	1.026582	0.052565
935	U	0.839802	0.030615
936	C	0.451821	0.040789
937	G	0.173295	0.031987
938	G	0.131164	0.044341
939	C	0.345427	0.189777
940	U	0.518268	0.059313
941	U	0.143517	0.035843
942	U	0.289996	0.024794
943	G	0.137882	0.051859
944	A	0.236727	0.030041
945	G	0.315975	0.09404
946	G	0.085442	0.054275
947	G	0.122163	0.053558
948	G	nan	nan
949	G	0.634265	0.073445
950	C	0.076128	0.066813
951	C	0.045581	0.038868
952	U	0.569	0.035987
953	G	0.400834	0.038936
954	A	0.227947	0.026142
955	C	0.467769	0.042919
956	G	1.050565	0.073782
957	G	0.507613	0.056096
958	G	0.377717	0.041772
959	A	0.57535	0.027966
960	C	0.773159	0.052456
961	G	0.585866	0.047338
962	A	0.210259	0.023164
963	U	1.595117	0.037469
964	A	0.399771	0.028104
965	G	3.635006	0.066775
966	A	0.045539	0.020224
967	G	0.44645	0.040411
968	A	0.064638	0.020401
969	G	0.339755	0.049138
970	A	1.46213	0.03563
971	A	0.25063	0.019688
972	C	0.457924	0.028716
973	G	1.035516	0.034304
974	U	2.331768	0.042824
975	A	0.149839	0.015367
976	C	0.073329	0.023017
977	G	1.85077	0.0749
978	U	0.63112	0.039433
979	U	0.43015	0.027192
980	U	0.953003	0.034737
981	C	0.133069	0.036925
982	G	0.122879	0.068963
983	A	1.135263	0.040703
984	C	0.024578	0.034901
985	C	0.28223	0.050445
986	U	1.153005	0.038388
987	C	0.130513	0.04805
988	G	0.403371	0.070425
989	G	1.355859	0.060797
990	U	0.505896	0.031366
991	U	0.436692	0.049414
992	A	0.489693	0.025605
993	G	1.220797	0.045621
994	A	2.146078	0.047327
995	A	0.214825	0.021765
996	G	0.182014	0.038628
997	A	0.297798	0.027739
998	C	0.756553	0.049583
999	U	1.342661	0.047157
1000	C	0.202768	0.05732
1001	A	2.286192	0.055903
1002	U	0.420478	0.057775
1003	C	1.114142	0.095871
1004	U	0.322155	0.056041
1005	U	1.263499	0.043712
1006	U	0.38347	0.034269
1007	C	0.444549	0.054571
1008	A	1.362551	0.047826
1009	A	0.262869	0.03712
1010	U	1.132352	0.061994
1011	A	1.823988	0.071299
1012	U	0.26328	0.120469
1013	C	0.001433	0.073262
1014	U	0.365126	0.117522
1015	A	0.31451	0.107254
1016	C	0.652427	0.157905
1017	C	nan	nan
1018	U	nan	nan
1019	G	0.760723	0.812191
1020	C	1.930608	1.05938
1021	U	2.402987	1.372679
1022	U	nan	nan
1023	U	0.787835	0.972425
1024	U	0.946251	0.578319
1025	G	nan	nan
1026	C	nan	nan
1027	U	nan	nan
