Nucleotide	Sequence	Norm_profile	Norm_stderr
1	A	nan	nan
2	G	nan	nan
3	U	nan	nan
4	A	nan	nan
5	G	nan	nan
6	A	nan	nan
7	A	nan	nan
8	A	nan	nan
9	C	0.559018	0.663963
10	A	0.432522	0.544963
11	A	0.809574	0.467191
12	G	0.134092	0.091877
13	G	0.175103	0.093399
14	G	0.075188	0.048266
15	U	0.155731	0.043635
16	G	1.50207	0.184223
17	U	0.213656	0.06247
18	U	0.254524	0.033218
19	U	0.084725	0.021037
20	U	0.305824	0.045323
21	U	0.348289	0.030075
22	G	0.334703	0.055646
23	C	0.102892	0.036248
24	A	0.571187	0.029193
25	A	0.53919	0.047036
26	U	0.404545	0.034111
27	U	0.293534	0.022397
28	U	0.214062	0.023553
29	A	0.242854	0.018915
30	C	0.155213	0.026335
31	G	1.146077	0.071218
32	A	0.191392	0.023527
33	A	1.046608	0.034214
34	A	0.26084	0.020161
35	A	0.208035	0.025528
36	G	0.333735	0.027668
37	U	0.546655	0.038009
38	A	2.319844	0.047689
39	U	0.172505	0.022011
40	U	0.678001	0.027692
41	G	0.229816	0.056782
42	G	0.407059	0.044505
43	A	0.851936	0.039874
44	U	1.026364	0.046309
45	U	0.243619	0.021044
46	U	0.712771	0.02787
47	G	1.641848	0.042719
48	U	0.499575	0.026741
49	G	1.247876	0.065231
50	C	0.144518	0.059233
51	C	nan	nan
52	C	nan	nan
53	C	0.012718	0.048184
54	A	0.669719	0.02653
55	U	0.785984	0.033123
56	C	0.456981	0.053692
57	G	0.151897	0.074516
58	G	0.215897	0.051444
59	G	nan	nan
60	G	0.203268	0.03058
61	A	0.489143	0.031894
62	A	0.945576	0.032906
63	G	0.773947	0.053618
64	G	0.320632	0.053379
65	A	0.422803	0.02224
66	A	0.203451	0.025975
67	C	0.14706	0.017003
68	C	0.100847	0.060902
69	G	0.361702	0.045775
70	G	0.262756	0.038884
71	A	0.633351	0.038633
72	C	0.048624	0.058211
73	C	0.070933	0.045677
74	C	0.085442	0.051946
75	A	0.34151	0.01816
76	A	0.60125	0.022867
77	C	0.310097	0.026396
78	U	0.518237	0.030354
79	G	0.439148	0.054864
80	G	0.194708	0.058215
81	G	1.355294	0.059932
82	A	0.486297	0.031179
83	C	0.455157	0.028054
84	U	0.392931	0.037212
85	G	0.146928	0.049121
86	G	0.184983	0.035028
87	G	0.243193	0.035487
88	C	nan	nan
89	U	2.052171	0.040859
90	U	0.179009	0.053675
91	C	0.113751	0.037533
92	C	nan	nan
93	A	1.074864	0.037218
94	C	0.045415	0.01812
95	A	0.604816	0.023493
96	U	0.630365	0.032182
97	A	0.383192	0.018208
98	G	0.887139	0.032123
99	U	0.877062	0.037433
100	G	0.281873	0.040834
101	C	0.190479	0.044978
102	A	0.482822	0.020962
103	A	0.293346	0.021173
104	C	0.107249	0.014658
105	U	1.066543	0.028366
106	A	0.980866	0.029218
107	A	0.808665	0.024759
108	G	0.80711	0.041238
109	C	0.45339	0.026076
110	U	0.998088	0.035611
111	G	0.558123	0.037228
112	U	0.272588	0.028673
113	U	0.234052	0.017568
114	G	0.116951	0.025044
115	C	0.129937	0.046625
116	U	1.299367	0.043943
117	C	0.091829	0.050247
118	G	1.013687	0.040789
119	U	nan	nan
120	C	0.181875	0.038971
121	C	nan	nan
122	A	1.012038	0.045103
123	C	0.046698	0.039816
124	C	0.454925	0.080796
125	A	0.247683	0.037848
126	A	0.73841	0.034566
127	A	0.708431	0.031525
128	C	0.445684	0.029201
129	A	0.257738	0.021518
130	U	0.871504	0.052256
131	A	1.041432	0.074537
132	U	0.456818	0.042312
133	U	0.079749	0.015738
134	U	0.168879	0.024128
135	G	0.173444	0.045932
136	G	0.394005	0.040889
137	C	nan	nan
138	U	0.699882	0.038159
139	U	0.780451	0.047549
140	C	0.063855	0.071797
141	U	0.378045	0.031028
142	U	0.093368	0.048428
143	C	0.272475	0.03687
144	U	0.611111	0.030815
145	G	0.147319	0.062392
146	G	0.819053	0.057576
147	U	0.134335	0.040579
148	C	2.053785	0.513158
149	U	0.8774	0.04139
150	U	0.248942	0.044655
151	C	nan	nan
152	C	0.319299	0.059436
153	U	1.422572	0.077964
154	C	0.088157	0.220585
155	U	0.385308	0.036074
156	U	0.391088	0.029029
157	A	1.874302	0.051777
158	U	0.071988	0.023044
159	U	0.442574	0.027606
160	A	0.95186	0.036367
161	A	0.858136	0.038044
162	U	0.425722	0.031088
163	U	0.467052	0.035256
164	C	nan	nan
165	A	0.14063	0.021131
166	A	0.860506	0.03401
167	C	0.351147	0.033209
168	A	0.701319	0.033756
169	U	1.031508	0.036977
170	A	0.407607	0.030047
171	G	1.046512	0.077192
172	A	0.388464	0.04068
173	A	0.494412	0.026669
174	A	0.079141	0.035392
175	C	0.260481	0.043145
176	A	0.889513	0.051675
177	G	0.875641	0.102655
178	G	3.666165	0.085662
179	G	0.140832	0.090693
180	G	nan	nan
181	U	0.098741	0.031295
182	U	0.538614	0.027898
183	A	1.259189	0.038202
184	U	0.216866	0.027565
185	A	0.116391	0.01959
186	G	nan	nan
187	C	0.125593	0.045469
188	A	0.597096	0.028485
189	C	0.048389	0.028223
190	U	0.887481	0.038708
191	C	nan	nan
192	A	1.362909	0.037548
193	C	0.205657	0.031994
194	U	0.590623	0.029101
195	G	0.593855	0.042803
196	C	0.217601	0.082878
197	U	0.600147	0.04615
198	U	1.037549	0.045325
199	U	0.874116	0.039609
200	C	nan	nan
201	A	0.708666	0.028984
202	U	0.772485	0.09782
203	C	0.172046	0.060462
204	C	0.161126	0.04914
205	C	0.213157	0.065022
206	A	0.113495	0.024581
207	G	0.646741	0.034762
208	U	1.16115	0.040967
209	A	0.081909	0.014745
210	G	0.705854	0.0399
211	U	0.180725	0.036162
212	C	0.188733	0.047949
213	A	1.10813	0.036561
214	A	0.728021	0.034423
215	U	0.408118	0.028973
216	G	0.749728	0.093415
217	A	0.305386	0.028519
218	A	0.386402	0.035754
219	A	0.250563	0.025672
220	C	0.151512	0.028317
221	U	0.778964	0.051983
222	C	0.106777	0.060465
223	C	0.210201	0.051908
224	C	0.308381	0.064516
225	U	0.187556	0.03655
226	G	0.116361	0.041792
227	A	0.378393	0.031932
228	G	0.665895	0.037564
229	U	0.131402	0.026289
230	A	0.768164	0.049328
231	U	0.426712	0.052376
232	C	0.195032	0.040145
233	C	0.141281	0.06248
234	U	0.361665	0.029333
235	G	0.100489	0.056782
236	A	0.500924	0.029402
237	C	0.301326	0.080124
238	C	0.121169	0.068081
239	A	0.212111	0.022008
240	G	0.802192	0.063375
241	U	0.399574	0.032761
242	U	0.249209	0.034869
243	A	1.128589	0.03501
244	U	0.099178	0.025419
245	U	0.087743	0.043749
246	A	0.430642	0.023642
247	C	0.12662	0.025593
248	U	0.36147	0.031256
249	G	0.799463	0.037081
250	U	0.216968	0.032761
251	C	nan	nan
252	A	0.647769	0.029096
253	A	0.526748	0.031365
254	C	0.483658	0.030866
255	U	1.082472	0.035519
256	A	2.024208	0.061146
257	U	0.234061	0.038664
258	U	0.664169	0.031027
259	U	0.23244	0.044536
260	C	0.21268	0.04465
261	U	0.637845	0.031573
262	U	0.444807	0.026981
263	G	0.888044	0.048309
264	C	0.10397	0.032887
265	C	0.579529	0.112101
266	U	0.21685	0.046138
267	U	0.788587	0.033601
268	U	0.2465	0.030804
269	C	nan	nan
270	A	0.292469	0.027552
271	G	0.999034	0.038241
272	U	0.299534	0.032974
273	G	0.557674	0.095362
274	A	0.611789	0.035975
275	U	0.324842	0.031005
276	U	0.085483	0.034692
277	C	0.050871	0.045497
278	U	0.261364	0.028755
279	A	0.479053	0.027612
280	G	0.557824	0.055556
281	A	0.714625	0.036076
282	A	1.565529	0.070198
283	U	1.056707	0.041648
284	U	0.199719	0.021629
285	U	0.337271	0.033646
286	G	0.304627	0.050797
287	G	0.335489	0.06464
288	A	0.320603	0.031328
289	U	0.133911	0.053538
290	C	0.098107	0.043929
291	U	2.501948	0.055628
292	G	0.152018	0.02856
293	U	0.056363	0.074171
294	C	nan	nan
295	C	0.184366	0.050399
296	C	0.303794	0.066992
297	A	0.598326	0.028997
298	G	0.539758	0.055981
299	C	0.08971	0.04424
300	A	0.585118	0.033665
301	U	0.07363	0.021623
302	U	0.004967	0.018714
303	A	0.041416	0.027361
304	G	0.186994	0.057942
305	G	0.183072	0.042488
306	U	0.183638	0.027962
307	A	1.438332	0.040736
308	U	0.009745	0.08077
309	C	0.255873	0.137404
310	U	0.685848	0.038522
311	U	0.169687	0.026699
312	C	0.013026	0.04891
313	A	0.254209	0.019897
314	A	0.539965	0.026906
315	C	0.059185	0.023985
316	A	1.344548	0.038315
317	U	0.222019	0.043388
318	C	0.633077	0.043003
319	U	0.094172	0.02391
320	C	nan	nan
321	A	0.071277	0.026352
322	A	1.085722	0.034528
323	A	0.115345	0.018351
324	A	0.409796	0.032953
325	C	0.111429	0.033447
326	C	0.1302	0.042579
327	A	1.174542	0.038135
328	C	0.39102	0.044081
329	U	0.542898	0.043667
330	U	0.599097	0.047288
331	C	0.30574	0.034858
332	U	0.386971	0.026679
333	G	0.209144	0.057993
334	G	0.074516	0.059111
335	A	0.74976	0.036486
336	A	0.183369	0.021246
337	C	0.217596	0.036396
338	G	0.671759	0.051191
339	A	0.740322	0.032346
340	G	0.357143	0.049449
341	G	0.101521	0.047683
342	A	0.171518	0.028652
343	C	0.254361	0.08757
344	U	0.584276	0.031295
345	U	0.464221	0.026358
346	A	1.499445	0.042908
347	U	0.579245	0.028493
348	U	0.761368	0.031569
349	G	2.142657	0.048013
350	U	0.32504	0.028269
351	G	1.659246	0.047556
352	C	0.322306	0.053533
353	G	0.457147	0.053949
354	G	0.24952	0.095115
355	C	0.019171	0.04252
356	C	0.188259	0.050692
357	U	0.07784	0.02486
358	A	0.109453	0.022132
359	A	0.273093	0.028201
360	C	0.082017	0.026684
361	C	0.060544	0.060723
362	A	0.395982	0.023744
363	U	0.485449	0.031206
364	G	1.089465	0.039901
365	U	0.67223	0.033886
366	A	1.111101	0.034662
367	U	0.176365	0.029963
368	U	0.339825	0.020609
369	G	0.263205	0.038358
370	C	0.374594	0.03239
371	U	0.061517	0.025158
372	G	0.213549	0.069263
373	C	0.123079	0.034153
374	U	0.16106	0.021769
375	A	1.691479	0.040602
376	U	0.274604	0.058652
377	C	0.208371	0.03531
378	U	0.98871	0.03355
379	A	0.827365	0.030839
380	G	0.814659	0.064214
381	G	1.485731	0.09448
382	A	0.452235	0.029767
383	A	0.620093	0.029095
384	A	0.289273	0.02844
385	C	0.150563	0.02597
386	C	0.337111	0.058753
387	G	0.380252	0.055417
388	A	0.729982	0.027605
389	A	0.819341	0.030048
390	U	0.752365	0.053641
391	C	0.026708	0.039718
392	C	0.464014	0.2115
393	U	1.38975	0.062215
394	U	0.146915	0.025428
395	U	0.48912	0.035894
396	G	0.315248	0.045942
397	A	0.974077	0.047725
398	C	0.099049	0.091184
399	C	0.20428	0.049475
400	C	nan	nan
401	C	0.094936	0.058215
402	A	2.166547	0.118466
403	G	0.753731	0.056088
404	G	0.455492	0.060046
405	A	0.309895	0.037364
406	G	0.145709	0.045874
407	C	0.134947	0.029837
408	U	1.236408	0.059156
409	C	0.074222	0.058242
410	C	0.056005	0.035805
411	C	0.143535	0.11355
412	G	0.385112	0.079418
413	G	0.329531	0.044316
414	G	0.104054	0.050529
415	C	nan	nan
416	U	0.945592	0.049269
417	U	0.248577	0.061292
418	C	0.193638	0.034862
419	C	0.035638	0.062428
420	A	0.319061	0.030806
421	G	1.331749	0.043634
422	U	0.906158	0.040505
423	A	0.897909	0.030883
424	A	0.482377	0.044714
425	U	0.609372	0.032085
426	C	0.146708	0.04552
427	G	0.730173	0.089112
428	G	0.560151	0.063073
429	G	0.10379	0.090245
430	U	0.222472	0.035085
431	U	2.715983	0.050927
432	G	1.359267	0.049012
433	U	0.088794	0.030284
434	U	0.620851	0.029709
435	A	0.671269	0.028729
436	C	0.440495	0.032019
437	A	0.426178	0.025888
438	G	1.779219	0.044608
439	U	0.036924	0.054131
440	C	0.720963	0.058865
441	U	0.165199	0.042729
442	C	0.222114	0.060365
443	C	0.073799	0.052125
444	U	0.32082	0.028175
445	A	1.102849	0.045768
446	U	0.098872	0.02749
447	U	0.198369	0.021314
448	G	0.390392	0.044794
449	A	1.17189	0.053419
450	U	1.105216	0.055527
451	U	0.28961	0.025618
452	U	0.243521	0.028747
453	G	0.643402	0.033223
454	U	0.103392	0.042513
455	C	0.178406	0.046014
456	U	0.299716	0.02808
457	G	0.676956	0.049963
458	A	1.044789	0.03821
459	U	0.920397	0.031139
460	G	0.599899	0.070489
461	G	1.266526	0.044931
462	U	0.131025	0.035982
463	C	0.020778	0.054633
464	U	0.325182	0.028477
465	G	0.569552	0.05678
466	C	nan	nan
467	U	0.459961	0.031669
468	U	0.172677	0.02374
469	G	1.031887	0.039704
470	U	0.030058	0.024371
471	G	0.75104	0.031709
472	U	0.075521	0.101718
473	C	0.306675	0.045337
474	U	0.196532	0.029389
475	G	1.718044	0.046755
476	U	0.773664	0.034461
477	G	0.890888	0.050971
478	A	1.033464	0.04157
479	G	0.358253	0.055625
480	G	0.039407	0.054095
481	A	0.145422	0.030572
482	C	0.122484	0.032753
483	U	0.262876	0.048325
484	C	0.22233	0.062703
485	C	0.690408	0.053336
486	C	0.692314	0.07971
487	G	1.332944	0.045165
488	U	0.633192	0.032364
489	G	0.527806	0.052016
490	C	0.179665	0.052351
491	A	0.349346	0.021721
492	U	0.390838	0.02973
493	A	0.406876	0.024993
494	G	1.160968	0.047016
495	A	0.108779	0.039878
496	U	1.195742	0.040869
497	A	0.597647	0.031344
498	U	0.074934	0.029646
499	U	0.235913	0.02319
500	G	0.495426	0.050663
501	A	0.650285	0.029906
502	C	0.354223	0.04514
503	U	0.321301	0.041089
504	U	0.429644	0.027757
505	G	0.956593	0.035554
506	U	0.198066	0.026125
507	A	0.593867	0.026017
508	U	0.27022	0.02076
509	G	0.223168	0.046944
510	C	0.097575	0.040062
511	U	0.150971	0.072435
512	C	1.000386	0.059606
513	C	0.343063	0.050898
514	A	1.52044	0.038402
515	U	0.487351	0.031718
516	G	0.577761	0.057759
517	G	0.525535	0.064522
518	C	0.108143	0.052105
519	A	1.146014	0.039922
520	U	0.246953	0.029139
521	U	0.575237	0.040739
522	C	0.169645	0.040958
523	A	0.411457	0.020877
524	U	0.719008	0.033431
525	A	0.850954	0.030087
526	U	nan	nan
527	C	0.717001	0.045191
528	U	0.283955	0.026112
529	A	1.532868	0.048668
530	U	0.598477	0.032421
531	U	0.575527	0.030911
532	U	0.728523	0.033929
533	C	0.189082	0.036846
534	G	0.356314	0.045529
535	A	0.925622	0.029231
536	U	0.189302	0.030981
537	C	0.287349	0.039207
538	A	1.163002	0.032095
539	C	0.560343	0.028294
540	U	0.621441	0.026521
541	G	0.222242	0.048999
542	G	0.764292	0.038002
543	U	0.18043	0.054527
544	C	0.112351	0.040931
545	U	0.860476	0.031607
546	G	0.9837	0.05289
547	U	0.388277	0.026406
548	U	0.502256	0.02639
549	G	0.074603	0.031953
550	G	0.441477	0.059234
551	C	0.284073	0.054326
552	C	0.298958	0.061619
553	C	0.074695	0.057141
554	C	0.494919	0.076307
555	U	0.386193	0.033381
556	U	0.635525	0.030981
557	G	0.412317	0.046719
558	C	0.079141	0.037604
559	C	0.169451	0.060007
560	A	0.653965	0.025537
561	A	0.97007	0.037869
562	U	0.560058	0.029114
563	U	0.778315	0.030992
564	G	0.813794	0.031576
565	U	0.326563	0.054459
566	C	0.081501	0.060544
567	C	0.031347	0.084726
568	C	0.475216	0.060186
569	U	0.823971	0.034775
570	G	0.889993	0.051975
571	C	0.140586	0.038833
572	A	0.775577	0.025076
573	U	1.040129	0.037595
574	A	0.60875	0.029934
575	C	1.51133	0.041849
576	A	0.033228	0.015005
577	C	0.219235	0.043257
578	A	0.3767	0.019975
579	A	0.326484	0.024304
580	G	0.45778	0.117386
581	U	0.120537	0.028972
582	U	0.425928	0.033405
583	A	0.895599	0.032026
584	C	0.180503	0.067802
585	U	0.914914	0.091049
586	U	1.570879	0.047039
587	U	0.144321	0.019687
588	U	0.456483	0.024822
589	G	0.707927	0.058154
590	A	0.933759	0.030779
591	A	0.71327	0.028176
592	U	0.449115	0.023472
593	C	0.104468	0.033301
594	G	1.026266	0.038308
595	U	0.210782	0.01918
596	G	0.138736	0.045151
597	C	0.27681	0.055372
598	C	0.410537	0.038313
599	C	0.095294	0.049438
600	A	0.307229	0.020395
601	U	0.46029	0.024308
602	A	0.200371	0.021195
603	G	nan	nan
604	C	0.06464	0.033918
605	A	0.095616	0.012915
606	C	0.004472	0.024758
607	G	nan	nan
608	A	0.079925	0.017059
609	G	0.120924	0.060953
610	C	0.017017	0.033138
611	A	0.541886	0.033607
612	U	0.223791	0.023133
613	U	0.203747	0.030752
614	C	nan	nan
615	C	0.14724	0.04693
616	U	0.441262	0.066054
617	C	0.049617	0.04084
618	U	0.334437	0.025664
619	A	0.425479	0.026274
620	U	0.223062	0.02528
621	G	0.488093	0.030136
622	U	0.120505	0.027895
623	G	0.380984	0.040921
624	C	0.063411	0.049402
625	C	0.126653	0.038841
626	U	0.135479	0.029442
627	G	0.223404	0.044917
628	G	0.278364	0.053569
629	C	0.219408	0.078714
630	U	0.17581	0.029052
631	G	0.095115	0.052662
632	A	0.407967	0.061542
633	C	0.109445	0.049796
634	C	0.008419	0.063768
635	C	nan	nan
636	U	1.048269	0.072035
637	U	1.342359	0.04286
638	U	0.363969	0.024005
639	U	1.116512	0.037236
640	A	0.660581	0.032151
641	G	0.168406	0.052427
642	G	nan	nan
643	G	0.133509	0.071618
644	C	nan	nan
645	U	0.627531	0.03479
646	U	0.312157	0.044816
647	C	0.060242	0.064718
648	C	0.137039	0.038754
649	U	0.486307	0.074877
650	C	nan	nan
651	U	0.49967	0.067838
652	U	1.223606	0.052858
653	U	0.317392	0.02633
654	U	0.075586	0.019077
655	A	2.170698	0.048739
656	U	0.096346	0.036375
657	U	0.039924	0.026922
658	A	0.590565	0.031398
659	U	0.037757	0.016499
660	U	0.230525	0.022375
661	A	0.351465	0.029489
662	G	1.340854	0.045943
663	U	0.276315	0.079843
664	C	0.158631	0.055478
665	C	0.172773	0.053161
666	C	0.009852	0.101026
667	U	0.227477	0.032474
668	U	0.130876	0.029586
669	G	1.242463	0.045235
670	U	0.071893	0.025828
671	G	0.839297	0.105426
672	A	0.317308	0.03107
673	A	1.352889	0.040055
674	A	0.077531	0.025527
675	A	0.195287	0.019736
676	U	0.959223	0.035365
677	A	0.138325	0.019595
678	C	0.32656	0.058935
679	A	0.079446	0.024044
680	A	1.013099	0.035986
681	A	0.517694	0.049258
682	A	0.752206	0.038927
683	C	0.137391	0.050385
684	C	0.257043	0.130581
685	U	1.529292	0.08663
686	U	0.467823	0.032415
687	U	0.461015	0.029796
688	G	1.310469	0.043479
689	U	0.185646	0.023605
690	A	2.249249	0.048834
691	U	0.173112	0.023468
692	G	1.575294	0.060398
693	U	0.237396	0.02971
694	G	1.148687	0.048945
695	C	0.124058	0.035461
696	C	0.408795	0.039334
697	U	0.471129	0.032736
698	G	0.546642	0.05519
699	G	0.702139	0.063211
700	C	0.084009	0.053379
701	U	0.321008	0.025897
702	A	0.814223	0.031742
703	C	1.065051	0.099588
704	U	0.461797	0.030824
705	U	0.481957	0.025767
706	G	0.464456	0.052044
707	C	0.253043	0.032366
708	U	0.631958	0.030571
709	G	0.016121	0.051946
710	A	0.599087	0.027854
711	U	0.361021	0.047668
712	C	0.132552	0.056424
713	C	0.277602	0.053364
714	A	0.706918	0.035315
715	U	0.809154	0.03613
716	C	0.186909	0.043446
717	G	0.374695	0.074939
718	G	1.393448	0.052641
719	U	0.46013	0.038939
720	C	0.060365	0.060544
721	A	0.999259	0.032955
722	U	0.22816	0.035213
723	C	0.087432	0.032886
724	A	1.306473	0.03695
725	C	0.123208	0.024085
726	U	1.971951	0.049918
727	A	0.212128	0.02055
728	C	0.049826	0.026176
729	U	0.218863	0.025026
730	A	0.192191	0.019497
731	C	1.094968	0.040534
732	A	0.051174	0.017404
733	C	0.065616	0.030365
734	A	0.51781	0.03056
735	G	0.436863	0.057942
736	G	0.329051	0.157808
737	U	0.434622	0.03838
738	U	nan	nan
739	C	0.056782	0.055528
740	C	0.111236	0.051588
741	A	0.746243	0.042475
742	U	0.257293	0.026068
743	U	0.461934	0.029307
744	G	1.051854	0.040931
745	U	0.052629	0.022828
746	G	0.135597	0.057499
747	A	0.122847	0.026207
748	C	0.169458	0.028097
749	A	0.14145	0.019068
750	U	1.039092	0.036508
751	A	0.115031	0.020622
752	C	1.212661	0.044551
753	A	0.076435	0.015825
754	C	0.036621	0.022858
755	A	0.51546	0.038228
756	U	0.290079	0.030983
757	U	0.859103	0.036708
758	C	0.112132	0.046393
759	A	0.229267	0.026013
760	G	0.58627	0.052062
761	A	0.903424	0.039587
762	C	0.247413	0.026956
763	U	0.276289	0.045538
764	C	0.151001	0.057141
765	U	0.253603	0.025346
766	U	0.254887	0.022962
767	G	0.418837	0.039977
768	C	0.294173	0.036716
769	G	0.546779	0.044226
770	U	0.429516	0.036723
771	U	0.102401	0.153986
772	C	0.087592	0.045139
773	U	0.047196	0.018626
774	A	0.411035	0.058741
775	A	0.164044	0.017965
776	G	0.612168	0.050706
777	A	0.175194	0.025281
778	A	0.237712	0.027917
779	U	0.313084	0.024561
780	G	1.57104	0.32183
781	U	0.233586	0.037659
782	U	0.156036	0.03147
783	U	0.142895	0.038381
784	C	0.21262	0.064126
785	U	0.568966	0.036668
786	U	2.587395	0.05062
787	G	0.648786	0.049688
788	C	0.164918	0.063165
789	C	0.126069	0.042956
790	C	0.084311	0.049449
791	A	1.248897	0.03751
792	U	0.458809	0.029203
793	G	1.975737	0.246116
794	U	0.650293	0.061448
795	U	1.045375	0.042226
796	U	0.154138	0.023302
797	U	0.210947	0.025657
798	U	0.219121	0.020914
799	A	1.879027	0.04801
800	U	0.229937	0.024687
801	U	0.454485	0.025612
802	G	1.832396	0.049698
803	U	0.493919	0.029856
804	G	0.965718	0.092453
805	G	0.575087	0.042371
806	U	0.025315	0.030231
807	A	1.691941	0.044657
808	G	1.49332	0.049082
809	U	0.586272	0.03817
810	G	0.624158	0.051618
811	A	0.460566	0.031338
812	G	0.318665	0.051464
813	C	0.03785	0.039325
814	C	nan	nan
815	U	0.602131	0.0415
816	U	0.764891	0.034232
817	C	0.217937	0.042516
818	G	0.424345	0.078456
819	G	0.616908	0.041313
820	U	0.121316	0.033945
821	C	nan	nan
822	A	0.445285	0.024589
823	U	0.31699	0.03637
824	A	0.317828	0.024292
825	G	0.872237	0.040205
826	U	0.455202	0.028261
827	A	1.48859	0.036669
828	U	0.047199	0.020609
829	A	0.336539	0.021382
830	C	0.266519	0.028505
831	U	0.883129	0.030983
832	G	1.610904	0.044614
833	U	0.230295	0.050631
834	A	0.68192	0.031334
835	G	0.539299	0.054749
836	C	0.16872	0.050154
837	U	0.473028	0.032113
838	G	0.988057	0.055026
839	U	0.311696	0.032237
840	U	0.424739	0.025771
841	G	0.084627	0.061195
842	C	0.103719	0.040308
843	A	0.511096	0.028903
844	U	0.199735	0.035147
845	U	0.588707	0.029253
846	A	0.863498	0.02887
847	U	0.498816	0.033405
848	C	0.366221	0.043439
849	A	0.687872	0.030727
850	U	0.170952	0.028481
851	U	1.336407	0.040618
852	A	1.23199	0.060588
853	U	0.210824	0.030225
854	U	0.201237	0.02375
855	U	0.654045	0.047924
856	C	0.005461	0.043185
857	C	0.309884	0.063052
858	C	0.221577	0.055166
859	U	0.681363	0.035904
860	G	0.877872	0.063331
861	C	0.058564	0.035825
862	A	1.352872	0.042927
863	C	0.038342	0.034655
864	A	0.10701	0.018334
865	C	0.195832	0.032658
866	A	0.591346	0.073734
867	A	1.436074	0.037963
868	A	0.851245	0.030771
869	U	0.444867	0.0276
870	G	0.4702	0.075949
871	G	0.583401	0.045704
872	U	0.331454	0.039683
873	C	0.174646	0.060365
874	A	0.902993	0.042552
875	U	1.024405	0.038428
876	U	0.867966	0.033306
877	C	0.107208	0.047914
878	G	1.86934	0.046738
879	U	nan	nan
880	C	0.343494	0.043919
881	C	0.193454	0.057678
882	G	0.592173	0.049491
883	A	0.749076	0.031387
884	U	0.720703	0.028616
885	G	0.30004	0.047252
886	C	0.111092	0.043011
887	C	nan	nan
888	G	0.62565	0.054456
889	U	0.966441	0.039141
890	C	0.232373	0.043546
891	A	0.647782	0.025607
892	U	0.603288	0.033766
893	G	0.102583	0.043987
894	G	nan	nan
895	C	0.123381	0.046207
896	A	0.873782	0.029756
897	A	0.405163	0.027315
898	C	0.637487	0.03005
899	U	1.239944	0.03487
900	A	0.621199	0.026914
901	G	0.830033	0.038396
902	U	0.790403	0.035062
903	G	1.417004	0.056147
904	C	0.493683	0.043436
905	U	1.142183	0.03796
906	G	0.5883	0.057423
907	G	0.156733	0.059111
908	A	0.874452	0.037363
909	C	0.169632	0.034986
910	C	0.024182	0.055887
911	A	0.685401	0.029549
912	U	0.913606	0.064171
913	C	0.262876	0.046911
914	C	0.107833	0.054633
915	C	0.061798	0.06126
916	A	0.958945	0.033275
917	C	0.11947	0.026762
918	G	0.807039	0.057666
919	C	0.102459	0.074695
920	A	0.34358	0.029972
921	A	0.964833	0.033426
922	A	0.409234	0.035978
923	G	0.408946	0.058337
924	G	0.925285	0.045859
925	A	0.466573	0.028202
926	A	0.396022	0.027347
927	G	0.693512	0.039346
928	U	0.111081	0.054807
929	C	nan	nan
930	A	1.095363	0.035601
931	C	0.234729	0.025327
932	U	0.966056	0.032346
933	A	2.974272	0.054947
934	U	1.427245	0.045173
935	U	0.78597	0.030886
936	G	0.835161	0.053158
937	C	0.118683	0.028371
938	U	0.386728	0.029145
939	A	1.013608	0.032631
940	A	0.903701	0.033211
941	C	0.069005	0.022428
942	U	0.652598	0.030474
943	A	0.819346	0.029989
944	C	0.252873	0.035982
945	A	0.344447	0.025817
946	G	0.567129	0.058721
947	G	1.110923	0.057582
948	A	0.977105	0.047982
949	G	0.392121	0.074606
950	G	0.291052	0.050055
951	G	0.453979	0.059048
952	C	nan	nan
953	U	0.537851	0.041361
954	U	0.214088	0.084531
955	C	0.043527	0.066097
956	C	nan	nan
957	U	0.725381	0.057863
958	A	0.795085	0.037723
959	A	0.475368	0.034975
960	A	1.237011	0.039193
961	G	0.651112	0.059106
962	G	0.728563	0.062366
963	A	0.519787	0.034892
964	G	2.05693	0.200802
965	U	0.169138	0.036419
966	U	0.612581	0.033284
967	G	0.710357	0.053451
968	A	0.419561	0.027293
969	U	0.961187	0.034772
970	A	0.441478	0.023468
971	U	0.377728	0.036475
972	C	0.270169	0.044631
973	A	1.469117	0.038673
974	A	0.726111	0.040885
975	U	0.362724	0.066273
976	C	0.105931	0.07103
977	C	0.262697	0.046924
978	U	1.141842	0.107926
979	C	nan	nan
980	U	0.349181	0.036256
981	C	0.045856	0.053916
982	A	0.174907	0.027611
983	A	0.748204	0.038984
984	G	0.799734	0.05078
985	G	0.562565	0.083215
986	C	0.301021	0.043106
987	A	1.16051	0.03758
988	G	0.670406	0.110795
989	U	0.605977	0.040044
990	U	0.604423	0.061893
991	C	0.256132	0.043389
992	U	0.501464	0.029714
993	G	0.919213	0.039373
994	U	0.355927	0.031494
995	C	0.261489	0.053015
996	G	0.991845	0.051082
997	U	0.776412	0.040754
998	G	0.86208	0.039816
999	U	0.189269	0.032113
1000	A	1.890622	0.052478
1001	U	0.608472	0.03612
1002	U	0.420502	0.025288
1003	G	1.414849	0.06356
1004	U	0.90206	0.043823
1005	U	0.217098	0.097085
1006	C	0.110161	0.058215
1007	C	0.255831	0.05202
1008	A	1.245235	0.049648
1009	U	0.462281	0.032739
1010	U	1.200589	0.038918
1011	C	0.254622	0.056201
1012	G	1.80821	0.071884
1013	A	1.481915	0.045541
1014	G	1.312702	0.055734
1015	U	0.688524	0.037125
1016	G	0.852415	0.048376
1017	C	0.233814	0.05912
1018	U	0.412989	0.033774
1019	U	0.292065	0.028294
1020	G	1.338467	0.07054
1021	U	0.280854	0.037363
1022	U	0.497816	0.027798
1023	U	0.265342	0.074616
1024	C	0.148031	0.041753
1025	U	0.547894	0.046905
1026	A	1.221149	0.035172
1027	A	0.738993	0.034472
1028	U	0.566829	0.029864
1029	G	0.347553	0.055138
1030	G	0.742521	0.050643
1031	U	0.415721	0.038272
1032	C	0.274681	0.05252
1033	G	1.141907	0.070653
1034	U	0.643544	0.03829
1035	U	0.81465	0.056107
1036	C	0.244862	0.056603
1037	C	0.422617	0.078165
1038	U	0.796212	0.035881
1039	U	0.678573	0.030753
1040	G	0.894531	0.085615
1041	G	0.837724	0.046463
1042	U	1.020701	0.039742
1043	G	0.513013	0.054143
1044	C	0.199817	0.045965
1045	A	1.177916	0.038162
1046	A	0.211002	0.055218
1047	U	0.141269	0.034517
1048	G	0.145064	0.052615
1049	C	0.178928	0.051122
1050	A	0.179366	0.021925
1051	U	0.665653	0.039593
1052	A	0.618522	0.044085
1053	C	0.008111	0.030722
1054	A	0.560842	0.025608
1055	U	0.81664	0.058377
1056	C	nan	nan
1057	C	0.04908	0.053737
1058	U	0.479763	0.03065
1059	A	0.329212	0.031975
1060	C	1.281413	0.037696
1061	A	0.469522	0.033778
1062	C	0.056585	0.028887
1063	C	nan	nan
1064	C	nan	nan
1065	U	0.348687	0.035928
1066	A	1.28494	0.035953
1067	A	0.872874	0.027728
1068	U	0.538813	0.029756
1069	G	0.169906	0.053289
1070	G	nan	nan
1071	G	0.22538	0.093642
1072	U	0.139977	0.030218
1073	C	nan	nan
1074	A	0.67769	0.026836
1075	C	nan	nan
1076	A	0.115162	0.046814
1077	U	0.212439	0.021472
1078	G	0.84105	0.044586
1079	A	0.138473	0.017843
1080	U	1.017929	0.039368
1081	A	0.136235	0.030871
1082	C	0.371222	0.029302
1083	A	0.060337	0.014452
1084	U	0.826577	0.025395
1085	A	0.279864	0.020174
1086	C	0.120449	0.036965
1087	G	0.520063	0.046855
1088	G	7.650784	0.43578
1089	U	0.19685	0.022483
1090	U	0.867918	0.060969
1091	C	0.01433	0.047289
1092	C	0.247549	0.050513
1093	C	0.524622	0.129069
1094	U	0.300122	0.030531
1095	U	0.440364	0.024792
1096	G	1.595511	0.04097
1097	U	0.158112	0.02599
1098	U	0.034901	0.051859
1099	A	0.415662	0.024793
1100	C	0.46662	0.02849
1101	U	0.163824	0.019448
1102	A	1.190035	0.031591
1103	U	0.536227	0.029478
1104	U	0.043734	0.012989
1105	A	0.283697	0.019877
1106	C	0.393478	0.038328
1107	U	0.661078	0.02842
1108	U	0.330904	0.021083
1109	G	0.629285	0.071925
1110	U	0.232959	0.032838
1111	U	0.301518	0.02419
1112	C	0.119297	0.050155
1113	A	0.870032	0.03132
1114	C	0.28427	0.150464
1115	U	0.37596	0.039757
1116	U	0.589569	0.038837
1117	U	0.28286	0.027664
1118	C	nan	nan
1119	A	0.663245	0.029398
1120	C	0.259423	0.022087
1121	C	0.116745	0.095362
1122	A	0.180148	0.028063
1123	A	0.881462	0.029513
1124	A	0.699171	0.029409
1125	U	0.557674	0.10077
1126	C	0.191577	0.053223
1127	U	0.862092	0.035383
1128	U	0.362224	0.022183
1129	A	1.283421	0.03269
1130	U	0.058247	0.015047
1131	A	0.17753	0.021536
1132	G	0.221006	0.044105
1133	C	0.279965	0.033374
1134	A	1.391087	0.045242
1135	U	0.144357	0.025846
1136	U	0.39579	0.024403
1137	G	0.58579	0.031236
1138	U	0.24797	0.05405
1139	C	nan	nan
1140	C	1.223332	0.115555
1141	U	0.578379	0.031096
1142	U	0.090892	0.040211
1143	A	0.119397	0.020869
1144	G	0.38193	0.040989
1145	C	0.059724	0.049647
1146	U	0.243199	0.032483
1147	A	0.916476	0.038289
1148	C	0.137145	0.054809
1149	C	0.26385	0.075769
1150	A	0.808475	0.047965
1151	C	0.052105	0.04891
1152	U	0.403872	0.049418
1153	A	0.579543	0.051451
1154	C	0.259911	0.05377
1155	C	nan	nan
1156	C	nan	nan
1157	A	0.378023	0.046121
1158	U	0.580504	0.079084
1159	C	nan	nan
1160	C	nan	nan
1161	U	0.32598	0.049448
1162	U	0.421912	0.049363
1163	C	0.015226	0.055528
1164	A	0.394415	0.035877
1165	A	0.606759	0.048346
1166	C	0.5545	0.068753
1167	U	0.620978	0.08246
1168	U	0.371266	0.050664
1169	U	0.363806	0.037201
1170	G	0.821887	0.128051
1171	C	0.069801	0.065623
1172	A	0.583497	0.036183
1173	U	0.697939	0.064379
1174	A	0.722658	0.041942
1175	A	0.518177	0.044349
1176	G	0.389763	0.089152
1177	C	0.548826	0.197361
1178	U	0.713735	0.106493
1179	U	1.226501	0.064408
1180	U	0.112934	0.045095
1181	U	0.344722	0.048141
1182	G	1.203923	0.071969
1183	U	0.311447	0.03822
1184	U	0.545498	0.040488
1185	C	0.077895	0.069588
1186	A	0.297036	0.030186
1187	G	1.046577	0.084203
1188	C	0.494263	0.102982
1189	A	0.974395	0.045181
1190	U	0.69996	0.046149
1191	U	0.398196	0.05097
1192	A	0.149454	0.038328
1193	G	0.576009	0.071768
1194	A	0.381097	0.059824
1195	U	0.735513	0.049006
1196	A	0.956799	0.048338
1197	A	0.70902	0.071928
1198	U	0.480462	0.057459
1199	U	0.886276	0.04651
1200	U	0.165326	0.037697
1201	U	0.373594	0.033037
1202	G	0.31324	0.052826
1203	C	nan	nan
1204	U	1.090346	0.056438
1205	U	0.603304	0.053925
1206	C	0.438774	0.056695
1207	G	1.121977	0.078294
1208	C	0.167467	0.044941
1209	U	0.677511	0.045839
1210	G	0.573797	0.065634
1211	C	0.18458	0.075209
1212	C	0.051409	0.063052
1213	U	1.313494	0.102812
1214	C	0.152442	0.054317
1215	U	0.399075	0.041073
1216	G	1.333942	0.102738
1217	U	0.23721	0.045881
1218	U	0.512436	0.042334
1219	U	0.098969	0.059224
1220	C	0.813664	0.106307
1221	U	0.490322	0.089162
1222	U	1.148861	0.055541
1223	U	0.149735	0.035107
1224	A	1.825305	0.068716
1225	U	0.275554	0.038327
1226	U	0.459091	0.032211
1227	G	0.718027	0.071183
1228	A	0.942821	0.057858
1229	U	0.074824	0.030654
1230	G	0.393485	0.068088
1231	A	0.032433	0.024403
1232	C	0.231435	0.044186
1233	A	0.258358	0.032362
1234	G	1.883634	0.066229
1235	U	0.74282	0.093239
1236	G	1.332981	0.120512
1237	G	0.388936	0.065651
1238	U	0.267425	0.051303
1239	A	1.508399	0.061855
1240	U	0.196144	0.032982
1241	U	0.493889	0.039386
1242	G	0.985902	0.079957
1243	U	0.071547	0.038912
1244	U	0.243099	0.048551
1245	G	0.192198	0.065288
1246	A	0.073216	0.029671
1247	C	0.387407	0.042863
1248	A	0.091522	0.025378
1249	U	1.085764	0.072743
1250	A	0.830451	0.044059
1251	U	0.069668	0.033658
1252	G	1.458872	0.074488
1253	U	0.159116	0.058179
1254	G	0.734692	0.104796
1255	U	0.850684	0.068398
1256	U	0.366636	0.042867
1257	U	0.089565	0.059923
1258	U	0.389647	0.04842
1259	C	0.14656	0.051748
1260	A	0.929614	0.044248
1261	A	0.923569	0.047251
1262	U	0.237094	0.036599
1263	U	0.751415	0.052198
1264	A	1.122132	0.048223
1265	A	0.299401	0.03087
1266	C	0.181563	0.091222
1267	G	0.933388	0.052964
1268	U	1.192586	0.052863
1269	C	0.115535	0.073799
1270	G	1.108846	0.058325
1271	U	0.795777	0.054622
1272	G	0.450766	0.086691
1273	U	0.739091	0.054827
1274	U	0.056324	0.027249
1275	G	0.67138	0.083482
1276	U	0.43643	0.043821
1277	U	0.163931	0.054263
1278	C	0.442661	0.071813
1279	U	0.313041	0.042553
1280	G	1.773996	0.079339
1281	U	0.045386	0.029998
1282	G	0.686306	0.05043
1283	U	0.860782	0.048936
1284	U	0.248699	0.043026
1285	A	1.001046	0.068722
1286	U	0.284394	0.033868
1287	G	0.231055	0.078356
1288	C	0.173619	0.300657
1289	U	0.775676	0.047438
1290	U	0.257528	0.034854
1291	G	1.402093	0.069903
1292	U	0.164553	0.029562
1293	G	0.193306	0.071539
1294	C	0.355784	0.06344
1295	A	0.519488	0.040692
1296	C	0.090623	0.041962
1297	G	0.533061	0.050852
1298	U	0.091132	0.110352
1299	C	0.267107	0.051552
1300	C	0.066634	0.090637
1301	A	0.525647	0.035733
1302	A	1.477062	0.139077
1303	U	1.027502	0.067872
1304	U	0.490285	0.04454
1305	U	0.120777	0.031082
1306	U	0.188344	0.030256
1307	U	0.2168	0.031316
1308	A	1.179562	0.053054
1309	U	0.280154	0.052635
1310	C	0.593774	0.070447
1311	U	0.553015	0.042094
1312	U	0.71536	0.038461
1313	G	0.166486	0.070547
1314	G	0.592193	0.060716
1315	U	0.132761	0.042331
1316	C	0.032601	0.08186
1317	A	0.920498	0.058864
1318	U	0.174654	0.03053
1319	U	0.623016	0.038395
1320	G	2.062673	0.074834
1321	U	0.166456	0.036474
1322	U	0.057042	0.019341
1323	G	1.111723	0.069277
1324	U	0.716228	0.047266
1325	U	0.295432	0.059317
1326	C	0.283867	0.116839
1327	U	0.623363	0.072591
1328	U	0.595549	0.035978
1329	U	0.507323	0.036906
1330	A	0.671257	0.037618
1331	A	0.610267	0.03913
1332	G	0.669326	0.047495
1333	U	1.014838	0.06101
1334	G	0.42709	0.046054
1335	U	0.227918	0.052411
1336	A	1.244942	0.049716
1337	A	0.644776	0.041537
1338	U	0.443787	0.044473
1339	G	0.569019	0.07416
1340	A	0.710387	0.047797
1341	G	0.011285	0.074516
1342	A	0.114328	0.042726
1343	C	0.220815	0.041668
1344	A	0.947238	0.083856
1345	U	0.290002	0.042739
1346	U	0.379981	0.050698
1347	C	0.02257	0.064126
1348	A	0.20968	0.030642
1349	G	0.350809	0.065188
1350	C	0.061199	0.061199
1351	A	0.298313	0.034958
1352	C	0.160992	0.03216
1353	C	nan	nan
1354	A	0.808137	0.038661
1355	C	0.078404	0.03613
1356	A	0.521534	0.045725
1357	U	0.117992	0.026007
1358	U	0.144817	0.03226
1359	G	0.026542	0.043562
1360	G	0.047864	0.03734
1361	A	0.063486	0.018507
1362	U	0.592392	0.03474
1363	A	0.960546	0.039419
1364	U	0.581493	0.03405
1365	U	0.804813	0.050418
1366	C	0.112132	0.049617
1367	C	0.171529	0.043253
1368	U	0.332209	0.028197
1369	A	1.024766	0.039231
1370	U	0.465168	0.036751
1371	C	0.046214	0.04693
1372	A	0.249661	0.023391
1373	G	1.468944	0.057228
1374	U	1.600716	0.04179
1375	A	1.023152	0.037832
1376	G	0.936918	0.064481
1377	G	0.917194	0.096831
1378	U	0.191109	0.034854
1379	U	0.806106	0.035292
1380	G	0.801719	0.051018
1381	A	0.593074	0.035077
1382	A	1.012195	0.037488
1383	G	0.976001	0.060793
1384	A	0.308117	0.028777
1385	U	0.742471	0.034606
1386	A	0.356784	0.029176
1387	C	0.197081	0.029172
1388	U	0.995369	0.042183
1389	C	0.16354	0.063231
1390	A	0.303138	0.025414
1391	G	0.877123	0.041223
1392	U	0.839704	0.03695
1393	G	0.664789	0.070537
1394	C	0.210975	0.04286
1395	U	0.751958	0.037571
1396	A	0.970077	0.036962
1397	U	0.131851	0.03079
1398	G	0.224385	0.048324
1399	G	0.631836	0.079629
1400	C	0.204518	0.041616
1401	C	0.232503	0.057857
1402	A	0.588024	0.031073
1403	C	0.062821	0.03279
1404	U	0.290892	0.065454
1405	C	nan	nan
1406	C	0.429024	0.054706
1407	A	0.061585	0.024689
1408	G	1.852437	0.063897
1409	A	0.084479	0.048743
1410	G	0.064424	0.039082
1411	A	0.108059	0.022957
1412	G	0.219263	0.038518
1413	U	0.499412	0.033057
1414	G	0.997886	0.056607
1415	C	0.20687	0.041929
1416	G	0.417976	0.058764
1417	A	0.686227	0.032388
1418	A	0.54269	0.02772
1419	U	1.849972	0.049094
1420	A	0.039277	0.01529
1421	A	2.180665	0.101444
1422	U	1.274356	0.066255
1423	U	0.938426	0.042752
1424	U	0.11488	0.024579
1425	U	0.270076	0.024955
1426	U	0.433176	0.028017
1427	G	0.843742	0.064593
1428	A	1.232112	0.043607
1429	U	0.435716	0.029215
1430	U	0.596013	0.034349
1431	A	0.440804	0.041593
1432	G	0.778635	0.06447
1433	G	0.291277	0.067394
1434	A	0.846309	0.062851
1435	U	0.52794	0.063526
1436	U	0.43964	0.040453
1437	C	0.705675	0.06819
1438	A	1.166111	0.065848
1439	U	0.901689	0.044269
1440	U	0.173207	0.061182
1441	C	1.142381	0.07463
1442	U	0.215799	0.047258
1443	C	0.297704	0.123595
1444	A	0.38519	0.052176
1445	A	1.400781	0.099333
1446	U	0.649478	0.124965
1447	C	0.05929	0.122879
1448	A	0.08469	0.168783
1449	C	0.13499	0.08661
1450	C	nan	nan
1451	C	0.155659	0.183602
1452	U	1.079464	0.584464
1453	G	2.12329	1.240941
1454	C	0.412435	0.583612
1455	U	0.809554	0.632395
1456	U	0.795519	0.599497
1457	U	nan	nan
1458	U	nan	nan
1459	G	nan	nan
1460	C	nan	nan
1461	U	nan	nan
