Nucleotide	Sequence	Norm_profile	Norm_stderr
1	A	nan	nan
2	G	nan	nan
3	U	nan	nan
4	A	nan	nan
5	G	nan	nan
6	A	nan	nan
7	A	nan	nan
8	A	nan	nan
9	C	0.402913	0.730116
10	A	nan	nan
11	A	1.264022	0.856049
12	G	0.380425	0.307151
13	G	nan	nan
14	G	0.943673	0.436785
15	U	0.663939	0.19641
16	A	0.677352	0.161858
17	U	0.530415	0.075985
18	U	0.198205	0.058221
19	U	0.178239	0.043264
20	U	0.260769	0.038068
21	U	0.20776	0.077287
22	C	0.628647	0.114182
23	U	0.822887	0.072101
24	U	0.205446	0.040966
25	U	0.666778	0.050363
26	A	1.214399	0.063653
27	A	1.485628	0.062855
28	U	0.668253	0.048276
29	U	0.369404	0.038187
30	G	0.627524	0.058817
31	U	0.399259	0.044702
32	U	0.142026	0.031181
33	A	0.787603	0.056955
34	U	0.038757	0.037632
35	A	0.368213	0.036946
36	C	0.253639	0.046531
37	U	0.277212	0.062372
38	C	nan	nan
39	C	0.080964	0.062872
40	U	0.551258	0.07912
41	C	0.138692	0.041671
42	U	0.303682	0.039579
43	G	0.16547	0.046992
44	C	0.098047	0.038271
45	A	1.062859	0.060102
46	U	0.163853	0.033383
47	U	0.345723	0.028649
48	G	0.640882	0.06418
49	U	nan	nan
50	C	0.241032	0.05127
51	U	0.302706	0.134473
52	C	0.167302	0.060007
53	C	0.06144	0.05105
54	G	0.628037	0.049313
55	A	0.655499	0.030812
56	A	0.52431	0.042226
57	G	0.390347	0.080339
58	A	0.514544	0.036026
59	A	1.021961	0.036499
60	A	0.340523	0.025242
61	U	0.514338	0.039947
62	A	0.138648	0.01889
63	A	0.231738	0.021114
64	G	0.206349	0.053774
65	A	0.310089	0.049124
66	C	0.198145	0.042903
67	C	0.098697	0.059648
68	C	0.046751	0.068067
69	C	0.138642	0.061081
70	U	0.272717	0.032572
71	C	0.147061	0.0532
72	G	0.307268	0.039652
73	U	0.115656	0.028239
74	U	0.361836	0.027396
75	A	1.015031	0.038417
76	U	0.316605	0.030918
77	U	0.48457	0.029197
78	C	0.234989	0.040743
79	A	0.459414	0.030294
80	U	0.396764	0.028326
81	G	1.323881	0.043167
82	U	0.084326	0.036681
83	C	0.322423	0.066097
84	A	0.628433	0.036036
85	A	0.937867	0.040963
86	A	0.221587	0.03368
87	G	0.399536	0.060255
88	G	0.414483	0.036564
89	A	0.157997	0.020141
90	A	0.415615	0.033793
91	G	0.099541	0.057758
92	G	nan	nan
93	C	0.121774	0.027095
94	A	0.311418	0.020304
95	C	0.073846	0.027069
96	G	0.182127	0.037825
97	A	1.393858	0.034587
98	U	0.767404	0.028611
99	C	0.576879	0.050899
100	G	0.261116	0.051121
101	G	0.149489	0.045333
102	G	1.156048	0.326835
103	U	0.372515	0.034089
104	U	0.438697	0.027557
105	C	0.005195	0.040303
106	G	0.394214	0.030052
107	U	0.073304	0.020291
108	C	0.140435	0.039131
109	G	0.30781	0.090623
110	C	nan	nan
111	C	nan	nan
112	U	0.269473	0.043859
113	U	0.202529	0.022319
114	U	0.153609	0.023308
115	U	0.317839	0.021761
116	C	0.062335	0.04084
117	G	0.43325	0.035274
118	U	0.156293	0.08077
119	C	0.071676	0.039936
120	C	0.276029	0.049572
121	G	0.413559	0.04213
122	A	1.214303	0.035381
123	G	nan	nan
124	A	0.317051	0.032778
125	G	0.181213	0.052676
126	C	0.110125	0.023487
127	U	0.524397	0.031247
128	C	0.072903	0.043527
129	G	0.327347	0.043137
130	A	0.609922	0.0306
131	A	0.611125	0.029631
132	G	0.378931	0.044307
133	A	0.283199	0.026409
134	C	0.158703	0.027257
135	U	0.407654	0.048443
136	C	0.111338	0.076929
137	C	0.092993	0.046271
138	C	0.031347	0.06144
139	C	0.211832	0.083937
140	G	0.392908	0.089333
141	C	0.124119	0.066606
142	C	0.036621	0.056038
143	C	0.003224	0.064305
144	C	nan	nan
145	U	0.162951	0.02819
146	G	0.079967	0.049904
147	G	0.385811	0.074316
148	A	0.324927	0.039944
149	A	0.80518	0.036205
150	A	0.283741	0.041079
151	G	0.611068	0.054622
152	A	0.06636	0.053826
153	C	0.94067	0.036975
154	A	0.082812	0.025187
155	C	0.082432	0.028293
156	A	0.719764	0.029622
157	U	0.195208	0.032588
158	C	0.104194	0.045772
159	U	0.930554	0.038462
160	U	0.524345	0.041193
161	C	0.331802	0.070293
162	A	0.513877	0.034558
163	G	0.217222	0.052834
164	G	0.998763	0.054192
165	U	0.282858	0.035259
166	C	0.100139	0.049453
167	U	0.384175	0.035405
168	G	0.114639	0.053737
169	G	0.085783	0.085333
170	C	0.058004	0.059724
171	A	0.636974	0.061666
172	U	0.584732	0.045648
173	U	0.343742	0.02868
174	U	0.312584	0.025663
175	U	0.155913	0.052314
176	C	0.477879	0.055645
177	C	nan	nan
178	A	0.777352	0.031428
179	U	1.367895	0.045173
180	C	nan	nan
181	A	0.242337	0.025968
182	U	0.413116	0.050104
183	C	0.17943	0.034461
184	C	0.080427	0.064126
185	U	0.923148	0.038118
186	U	0.404103	0.028036
187	A	1.50579	0.038831
188	U	0.628822	0.03056
189	A	1.068855	0.034735
190	A	1.419205	0.040325
191	U	0.160423	0.042779
192	C	0.957198	0.061585
193	U	0.170321	0.031426
194	C	0.094936	0.045856
195	A	0.133052	0.024626
196	G	0.639413	0.060505
197	U	1.455361	0.047343
198	U	0.063903	0.075946
199	C	0.472401	0.054753
200	U	0.413211	0.034305
201	C	0.151889	0.038425
202	A	0.720604	0.031529
203	U	0.246874	0.027173
204	G	1.368777	0.045948
205	U	0.108635	0.090938
206	C	0.179691	0.038443
207	U	0.42616	0.029929
208	G	0.514259	0.046446
209	A	0.655914	0.035265
210	A	0.324622	0.02965
211	G	0.867913	0.152047
212	U	0.37317	0.033755
213	U	0.245304	0.038232
214	C	0.092958	0.040136
215	U	0.535668	0.029165
216	G	0.669619	0.051204
217	C	0.039325	0.076437
218	C	2.620453	0.398438
219	U	0.56274	0.038904
220	U	0.688898	0.050824
221	C	0.165056	0.0352
222	U	0.050884	0.022019
223	G	1.403612	0.070603
224	U	nan	nan
225	G	0.767852	0.155005
226	U	0.202136	0.027484
227	U	0.312103	0.024532
228	U	0.288114	0.042581
229	C	0.19416	0.040283
230	C	0.12055	0.049438
231	U	0.346967	0.033807
232	G	0.771805	0.042705
233	U	0.210479	0.031476
234	A	0.056026	0.017762
235	A	1.101287	0.041964
236	A	0.393507	0.030436
237	U	0.480575	0.034912
238	G	0.49429	0.056339
239	C	0.068327	0.049156
240	C	0.282215	0.050596
241	G	0.414876	0.109618
242	C	0.005899	0.046207
243	C	nan	nan
244	A	0.197134	0.027207
245	U	0.844483	0.039419
246	A	1.152886	0.043055
247	A	0.667388	0.029827
248	U	0.237238	0.022922
249	G	0.194867	0.044383
250	G	0.246547	0.078505
251	U	0.086495	0.028381
252	U	0.639876	0.02855
253	G	0.228555	0.032462
254	C	0.155824	0.054563
255	U	0.704101	0.049302
256	C	nan	nan
257	U	0.089464	0.076192
258	C	nan	nan
259	U	0.12756	0.046698
260	C	0.281288	0.044945
261	A	0.244793	0.027027
262	A	1.623425	0.039041
263	A	0.563759	0.028997
264	U	0.630319	0.041157
265	G	0.364396	0.049782
266	G	0.441983	0.05913
267	G	nan	nan
268	A	0.86276	0.045158
269	G	0.240563	0.062514
270	G	nan	nan
271	U	0.069064	0.038342
272	U	1.32333	0.036805
273	U	0.086505	0.031381
274	C	0.682026	0.039027
275	U	0.085077	0.143592
276	C	0.019166	0.048005
277	U	0.563733	0.027612
278	G	0.342039	0.045339
279	C	0.133881	0.026418
280	A	1.059222	0.030719
281	C	0.044499	0.036383
282	U	0.346762	0.03127
283	G	0.306134	0.035762
284	A	1.322056	0.035039
285	G	1.450931	0.250612
286	A	1.040485	0.034069
287	A	0.758501	0.027164
288	U	0.646172	0.029742
289	G	1.709029	0.038209
290	U	0.894452	0.036755
291	G	1.845384	0.051594
292	G	0.625965	0.052983
293	G	0.312399	0.060437
294	C	0.123777	0.029668
295	U	0.474396	0.026514
296	G	0.851125	0.029061
297	U	0.136265	0.019668
298	A	0.517652	0.022345
299	C	0.222343	0.034489
300	G	0.872337	0.046398
301	C	0.217616	0.028802
302	U	0.424634	0.024572
303	G	0.464284	0.042021
304	A	1.532741	0.060234
305	U	0.78398	0.039598
306	U	0.482956	0.023621
307	U	0.370026	0.01986
308	G	0.781759	0.027959
309	U	0.266931	0.030246
310	C	0.179952	0.039033
311	C	0.170884	0.049617
312	U	0.552403	0.036637
313	G	0.088256	0.0463
314	C	0.05358	0.035884
315	A	0.095978	0.016027
316	G	0.253235	0.036121
317	A	0.274618	0.02629
318	U	0.730265	0.022795
319	G	0.620035	0.050458
320	C	0.035146	0.050876
321	U	0.774121	0.04206
322	C	nan	nan
323	U	nan	nan
324	C	0.051229	0.042631
325	U	0.214099	0.023278
326	G	0.591919	0.045804
327	C	0.124856	0.047681
328	U	0.344583	0.052105
329	G	0.211321	0.040194
330	A	0.942967	0.051933
331	U	0.292599	0.036752
332	U	0.417784	0.024069
333	U	0.230569	0.021781
334	G	1.32759	0.039627
335	U	0.008924	0.030168
336	G	0.865232	0.06945
337	U	0.175896	0.034811
338	U	0.817277	0.049813
339	C	0.255242	0.046879
340	C	nan	nan
341	C	0.197965	0.049025
342	U	1.324796	0.05816
343	C	0.029735	0.051409
344	C	0.026544	0.052105
345	G	0.468475	0.056987
346	C	0.212247	0.093428
347	U	0.368049	0.036402
348	U	0.478606	0.049954
349	C	0.285661	0.041759
350	U	0.825672	0.03366
351	G	0.350205	0.054436
352	G	0.634673	0.13578
353	U	0.449078	0.039705
354	U	0.295274	0.090134
355	C	0.217198	0.05986
356	U	0.804167	0.040427
357	U	0.506421	0.055589
358	A	0.887482	0.036096
359	U	0.696554	0.036154
360	G	0.423287	0.052103
361	G	0.513503	0.06041
362	C	0.33893	0.084794
363	C	0.141624	0.042972
364	C	nan	nan
365	A	0.543235	0.032124
366	A	0.098259	0.019484
367	U	0.771552	0.040777
368	A	0.806059	0.037788
369	U	0.290389	0.046393
370	C	0.268967	0.040601
371	U	0.79374	0.042058
372	G	0.619338	0.053052
373	C	0.129204	0.036358
374	U	1.027024	0.050229
375	C	0.060544	0.081681
376	C	nan	nan
377	U	1.089949	0.049598
378	C	0.407748	0.081599
379	A	0.672573	0.031021
380	A	0.653574	0.034412
381	U	0.70777	0.051863
382	U	0.225732	0.037044
383	C	0.017375	0.051946
384	A	1.15245	0.039957
385	A	0.374383	0.033804
386	G	1.919451	0.075143
387	A	0.082772	0.039283
388	G	0.211066	0.0375
389	U	0.334732	0.044208
390	A	0.60859	0.034016
391	C	0.268595	0.0457
392	U	0.520712	0.03728
393	G	0.532196	0.061368
394	G	0.200293	0.043489
395	A	0.874617	0.049282
396	U	0.897616	0.041898
397	U	0.23913	0.097623
398	C	0.119146	0.037474
399	C	0.441277	0.046676
400	A	1.221678	0.045299
401	U	0.355827	0.03033
402	U	0.338721	0.02459
403	G	0.947598	0.038488
404	U	0.086996	0.037966
405	C	0.484595	0.052249
406	U	0.111584	0.098558
407	C	0.261612	0.042456
408	C	0.040124	0.052304
409	A	1.116586	0.035028
410	U	0.38028	0.029491
411	G	0.666587	0.064604
412	U	0.959474	0.048141
413	U	0.322463	0.072505
414	C	0.933808	0.062884
415	U	0.534655	0.042746
416	C	0.205992	0.054095
417	A	1.806739	0.054495
418	U	0.528516	0.049917
419	U	0.156505	0.021021
420	U	0.338731	0.027049
421	G	0.607041	0.046625
422	A	0.252265	0.029757
423	A	0.394147	0.025653
424	G	0.344344	0.054811
425	C	0.121341	0.026131
426	A	1.088694	0.037115
427	A	0.857905	0.032309
428	U	0.501209	0.054462
429	C	0.232734	0.039906
430	U	0.341423	0.02892
431	G	0.137692	0.042909
432	A	0.62968	0.031422
433	A	0.38834	0.024234
434	C	0.11836	0.02286
435	U	0.735374	0.037337
436	C	0.03063	0.057678
437	C	0.003224	0.045856
438	U	1.412654	0.0669
439	C	0.377971	0.042853
440	U	0.851324	0.031947
441	G	0.877927	0.087327
442	G	1.445992	0.051128
443	U	0.544103	0.041823
444	G	0.406434	0.04569
445	G	0.376892	0.041902
446	A	0.120879	0.022255
447	C	0.126462	0.024789
448	A	0.687371	0.027816
449	G	0.893377	0.059648
450	U	0.359093	0.034124
451	U	0.806437	0.031116
452	G	0.385228	0.032545
453	U	0.092951	0.033713
454	C	nan	nan
455	C	0.035108	0.063231
456	U	1.031362	0.066734
457	C	0.190776	0.068816
458	U	0.387393	0.026948
459	U	0.66065	0.033268
460	G	0.355203	0.076844
461	G	0.174467	0.062335
462	G	0.008956	0.058394
463	A	0.529473	0.029395
464	C	0.107111	0.028337
465	C	0.198834	0.04599
466	A	1.95408	0.043369
467	C	0.270308	0.045369
468	U	1.16281	0.044234
469	C	nan	nan
470	U	0.984561	0.039318
471	U	0.843187	0.030832
472	G	0.33465	0.037455
473	C	0.522282	0.062674
474	U	0.751796	0.04259
475	C	0.139179	0.062693
476	C	nan	nan
477	U	1.081538	0.078442
478	C	0.280601	0.036812
479	U	0.045413	0.016741
480	G	0.048005	0.046214
481	A	0.937204	0.036889
482	U	0.07596	0.01977
483	G	0.740013	0.054571
484	A	0.604731	0.029201
485	A	0.237482	0.033341
486	G	0.416386	0.040814
487	C	0.270325	0.069471
488	U	0.229936	0.030815
489	U	0.320722	0.027441
490	G	0.363096	0.056604
491	A	0.276645	0.034764
492	C	0.702389	0.032535
493	A	0.391456	0.026353
494	C	0.032197	0.034163
495	U	1.055339	0.053479
496	C	nan	nan
497	U	0.588376	0.03604
498	C	nan	nan
499	A	0.357687	0.025138
500	G	0.669099	0.049767
501	A	1.275422	0.039901
502	U	0.240901	0.042243
503	C	0.285297	0.049272
504	U	1.342984	0.052531
505	U	0.114796	0.023246
506	C	0.064447	0.070984
507	A	0.376944	0.028311
508	A	1.760598	0.043735
509	A	0.990848	0.033426
510	U	0.876868	0.034854
511	G	1.271701	0.047379
512	C	0.454334	0.043399
513	G	0.151756	0.050999
514	G	nan	nan
515	C	0.172537	0.053088
516	A	0.253567	0.026721
517	G	1.312785	0.053046
518	A	0.213497	0.028935
519	G	1.274067	0.053522
520	U	0.413667	0.03425
521	G	0.276513	0.050117
522	A	0.294073	0.036372
523	C	0.665063	0.037965
524	A	0.788241	0.030949
525	U	0.230833	0.027661
526	G	0.108586	0.044059
527	C	0.173275	0.044978
528	C	nan	nan
529	A	0.423039	0.028137
530	U	0.237333	0.085598
531	C	0.295376	0.040033
532	C	0.163719	0.054991
533	A	0.631027	0.028047
534	U	0.752765	0.033199
535	A	1.260234	0.039842
536	C	0.256576	0.056705
537	C	0.274508	0.051842
538	A	0.348555	0.024187
539	G	0.541256	0.117505
540	U	0.107196	0.028212
541	U	0.367885	0.050931
542	G	0.510235	0.05131
543	A	0.47604	0.034409
544	C	0.144273	0.096837
545	U	0.706952	0.088245
546	U	0.822506	0.047696
547	U	0.562797	0.036762
548	U	0.389828	0.024383
549	A	0.794526	0.045237
550	U	0.710794	0.030053
551	G	1.500746	0.044948
552	U	0.133068	0.020558
553	G	0.692183	0.05263
554	C	0.253434	0.045792
555	U	0.724484	0.037974
556	G	0.329656	0.05829
557	G	0.591433	0.059078
558	A	3.220228	0.351473
559	U	0.50387	0.050104
560	U	0.693934	0.034477
561	U	0.255225	0.026152
562	U	0.214538	0.043847
563	C	1.166229	0.068602
564	U	1.113182	0.058821
565	U	0.402533	0.036434
566	U	1.102607	0.046422
567	G	2.022004	0.065603
568	G	0.206888	0.091353
569	G	0.796385	0.162645
570	U	0.122282	0.06296
571	C	0.141866	0.072008
572	U	0.228289	0.034407
573	G	0.575633	0.049783
574	A	0.558059	0.028035
575	U	1.338141	0.034894
576	A	0.25909	0.030237
577	A	0.351312	0.023744
578	G	0.412223	0.048759
579	A	0.459089	0.030124
580	C	0.157484	0.02744
581	U	0.487592	0.029233
582	G	0.912524	0.043475
583	A	0.532339	0.024501
584	A	0.840873	0.031951
585	G	0.237018	0.041716
586	A	0.179267	0.028973
587	C	0.194887	0.076307
588	U	0.260837	0.025854
589	U	0.382825	0.027224
590	G	nan	nan
591	A	0.134444	0.024564
592	C	0.163063	0.023119
593	U	0.299534	0.022295
594	G	0.915925	0.06596
595	U	0.88463	0.05118
596	U	1.243998	0.035171
597	U	0.490197	0.024911
598	U	0.971679	0.02979
599	G	0.383902	0.041194
600	G	0.133985	0.056961
601	A	1.145412	0.036787
602	G	0.525384	0.053559
603	C	0.254509	0.028678
604	A	0.251719	0.026006
605	G	0.58927	0.044682
606	G	0.180879	0.048513
607	C	0.15899	0.038351
608	G	0.311323	0.048384
609	G	0.714494	0.288338
610	A	0.236492	0.031642
611	A	0.957956	0.027715
612	A	1.049997	0.033014
613	G	0.23427	0.047697
614	G	0.303943	0.049908
615	A	0.3822	0.025266
616	U	0.538717	0.032273
617	C	0.391402	0.087467
618	A	1.062677	0.028308
619	A	0.640111	0.0529
620	U	1.212962	0.033459
621	U	1.262353	0.04566
622	C	0.178049	0.042811
623	C	0.120371	0.046572
624	G	0.15942	0.053379
625	A	0.358213	0.023954
626	C	0.267593	0.022213
627	U	1.462964	0.03334
628	A	0.591587	0.028149
629	G	0.302182	0.066813
630	G	nan	nan
631	G	0.178407	0.050692
632	A	0.964361	0.030516
633	G	0.839322	0.032532
634	U	0.423189	0.028635
635	A	1.159273	0.031268
636	U	0.811726	0.043961
637	C	0.032421	0.051946
638	C	0.195066	0.084188
639	C	nan	nan
640	U	0.683056	0.058628
641	C	nan	nan
642	U	0.094657	0.052827
643	C	nan	nan
644	U	0.10113	0.066312
645	C	nan	nan
646	U	0.137168	0.038759
647	C	0.268128	0.11406
648	A	0.420967	0.033362
649	A	0.768131	0.024539
650	A	0.17157	0.024665
651	G	1.206656	0.037522
652	U	0.438167	0.031143
653	C	0.414938	0.041322
654	G	0.606133	0.032559
655	U	0.234911	0.022185
656	A	1.053985	0.027008
657	U	0.296529	0.042104
658	C	0.033854	0.038512
659	C	0.083472	0.046214
660	A	1.223791	0.035625
661	C	0.379099	0.027628
662	U	0.735646	0.028073
663	G	0.434385	0.045309
664	G	0.571705	0.052615
665	C	0.094625	0.040062
666	C	0.235631	0.030128
667	A	1.179438	0.034488
668	C	0.053826	0.030722
669	A	0.328779	0.025079
670	G	1.502057	0.058047
671	A	0.336868	0.031266
672	A	1.022459	0.030758
673	A	0.149858	0.022278
674	G	0.398722	0.035925
675	U	0.007871	0.099323
676	C	0.318303	0.049976
677	C	0.228741	0.052842
678	A	0.393766	0.033289
679	U	1.31708	0.034814
680	A	0.259554	0.020291
681	C	1.306529	0.037189
682	A	0.032233	0.017616
683	C	0.089375	0.043309
684	A	0.06688	0.016102
685	C	0.038096	0.026298
686	A	0.354552	0.024174
687	A	0.234655	0.024143
688	G	0.758911	0.047952
689	C	0.216652	0.036785
690	A	0.430372	0.036065
691	G	1.035062	0.067112
692	G	0.161065	0.048316
693	C	nan	nan
694	A	0.343474	0.035284
695	G	0.151001	0.054095
696	G	0.125482	0.059648
697	C	0.066852	0.035638
698	A	0.747491	0.035627
699	G	0.154289	0.039626
700	G	0.250545	0.055635
701	A	0.215631	0.038114
702	C	nan	nan
703	U	0.320938	0.02724
704	U	0.497284	0.036907
705	A	0.490208	0.029903
706	U	0.253578	0.022365
707	G	0.191071	0.041109
708	A	0.115206	0.022516
709	G	0.278042	0.047834
710	C	0.039079	0.053334
711	C	0.090458	0.041915
712	A	0.992352	0.041587
713	C	0.269578	0.025313
714	U	0.552128	0.031249
715	G	0.078404	0.038273
716	A	0.737185	0.038545
717	U	0.552515	0.072915
718	C	0.033918	0.071276
719	C	0.246833	0.066276
720	C	nan	nan
721	C	0.036541	0.05517
722	U	0.360515	0.037012
723	C	nan	nan
724	A	0.21784	0.022321
725	G	0.995927	0.062735
726	A	1.638419	0.041173
727	A	0.649477	0.04181
728	U	0.715947	0.04063
729	G	0.954521	0.053965
730	A	2.521841	0.048716
731	G	nan	nan
732	A	0.74078	0.079387
733	G	0.727991	0.065334
734	C	0.406666	0.031749
735	A	0.082055	0.018356
736	G	0.228982	0.041862
737	A	0.362702	0.039199
738	C	0.209448	0.023539
739	C	0.417424	0.053275
740	G	0.746985	0.038487
741	U	0.454862	0.034193
742	G	0.380673	0.04358
743	C	0.284367	0.06292
744	A	1.14565	0.033445
745	A	0.282863	0.026591
746	G	0.952679	0.069976
747	A	1.630764	0.051908
748	A	0.441803	0.028241
749	A	0.116254	0.043011
750	G	1.075981	0.044225
751	A	0.477668	0.026558
752	U	0.623976	0.037997
753	G	0.852953	0.04501
754	A	1.32709	0.034797
755	G	nan	nan
756	A	0.93822	0.032583
757	U	0.288089	0.033534
758	C	0.135065	0.113503
759	U	1.157566	0.038407
760	U	0.329285	0.027589
761	C	0.317896	0.078464
762	A	0.961044	0.028846
763	A	1.344729	0.053953
764	U	0.312879	0.029668
765	U	0.32734	0.024885
766	U	0.307882	0.026861
767	C	0.048005	0.037437
768	A	0.16649	0.018452
769	G	0.880577	0.04877
770	C	0.056038	0.036867
771	A	1.064107	0.039769
772	U	0.49217	0.026926
773	U	0.787284	0.044801
774	C	nan	nan
775	C	0.346102	0.044383
776	C	0.056782	0.049259
777	A	0.246664	0.026017
778	G	0.41941	0.046945
779	G	0.322476	0.044078
780	A	0.558233	0.072329
781	U	0.15954	0.020151
782	U	0.274021	0.038198
783	C	0.104702	0.043749
784	C	0.049097	0.041444
785	G	0.086445	0.037802
786	G	0.079969	0.045248
787	C	nan	nan
788	U	0.311866	0.032379
789	U	0.495605	0.026637
790	U	0.324188	0.039476
791	C	nan	nan
792	C	nan	nan
793	C	0.098876	0.056245
794	U	0.158842	0.035488
795	C	nan	nan
796	A	0.498928	0.036499
797	C	0.03515	0.031066
798	C	0.26879	0.035009
799	U	0.26938	0.03201
800	G	0.221368	0.043381
801	G	0.386321	0.04472
802	U	0.48852	0.227129
803	C	0.171242	0.052483
804	C	0.034901	0.047927
805	A	0.449633	0.024043
806	U	1.11035	0.039888
807	C	nan	nan
808	A	0.994565	0.031727
809	U	0.2026	0.024743
810	U	0.468979	0.022493
811	G	0.386116	0.036643
812	C	0.304521	0.049156
813	U	1.174011	0.034218
814	C	0.256505	0.045497
815	G	1.142422	0.04912
816	U	0.247141	0.024205
817	U	0.933109	0.028402
818	G	0.564482	0.03463
819	U	0.091975	0.016735
820	G	nan	nan
821	C	0.256102	0.05358
822	U	0.05375	0.022049
823	G	0.25857	0.079293
824	C	0.148451	0.048419
825	U	0.061195	0.017907
826	G	0.707318	0.136331
827	U	0.420009	0.042015
828	U	0.105992	0.01706
829	U	0.235457	0.051368
830	G	0.104587	0.040341
831	A	0.093396	0.038342
832	A	0.22908	0.014969
833	A	0.882339	0.21558
834	U	0.185308	0.021644
835	U	0.184288	0.02146
836	U	1.173618	0.0508
837	C	nan	nan
838	C	0.111745	0.073897
839	C	nan	nan
840	C	nan	nan
841	U	0.060082	0.025757
842	U	0.661639	0.055792
843	G	nan	nan
844	A	0.100315	0.016727
845	G	1.097919	0.170539
846	A	0.276137	0.027451
847	A	0.102914	0.017068
848	U	0.065865	0.021286
849	G	0.362607	0.0329
850	U	0.178682	0.039325
851	U	0.698061	0.040401
852	A	0.260171	0.024025
853	C	1.223401	0.051469
854	A	0.047397	0.01439
855	C	0.002212	0.029494
856	A	0.191477	0.030564
857	U	0.340805	0.033204
858	U	0.106819	0.046101
859	C	0.067892	0.037965
860	U	0.070284	0.054673
861	C	nan	nan
862	U	0.104111	0.028842
863	C	0.096837	0.056775
864	G	1.363072	0.034252
865	U	0.462502	0.025653
866	A	1.248732	0.028811
867	U	0.684837	0.026849
868	G	0.598733	0.043519
869	C	0.452234	0.05825
870	A	1.001578	0.024355
871	A	0.766489	0.030934
872	U	0.595925	0.026068
873	U	0.52073	0.029683
874	C	0.365334	0.060282
875	U	0.310285	0.019714
876	U	0.405895	0.021445
877	G	1.066971	0.052929
878	U	0.880649	0.032934
879	U	0.042008	0.043617
880	C	0.540587	0.052774
881	U	0.26547	0.043815
882	C	0.026152	0.040661
883	C	0.038187	0.031858
884	G	1.368331	0.055593
885	C	0.209062	0.04148
886	C	0.020606	0.035999
887	C	0.072903	0.04693
888	A	1.213903	0.066138
889	U	0.919689	0.037711
890	U	0.151647	0.021504
891	U	0.05336	0.018626
892	U	0.221112	0.026017
893	C	nan	nan
894	G	0.812185	0.051013
895	C	0.039228	0.039116
896	C	0.079168	0.033521
897	U	0.806302	0.050448
898	C	0.01021	0.0369
899	U	0.158463	0.058266
900	C	nan	nan
901	C	nan	nan
902	A	0.115025	0.041291
903	G	0.645294	0.059259
904	A	0.130196	0.020115
905	A	0.78002	0.026712
906	A	0.410306	0.038456
907	U	0.699239	0.027447
908	U	0.3377	0.04753
909	C	0.071536	0.040291
910	C	0.138626	0.036314
911	G	0.212794	0.03491
912	A	0.383366	0.025384
913	U	0.454438	0.030552
914	C	0.400471	0.035726
915	A	0.831873	0.02778
916	U	0.085039	0.030682
917	U	0.351857	0.022462
918	G	0.180607	0.030349
919	A	0.256795	0.020144
920	U	0.408498	0.04641
921	C	0.267661	0.03882
922	C	nan	nan
923	C	0.152793	0.059648
924	U	0.604876	0.032768
925	C	0.080123	0.026693
926	G	0.930779	0.039631
927	C	0.457849	0.033146
928	U	0.63534	0.069801
929	U	0.394029	0.02393
930	G	nan	nan
931	A	0.250227	0.021993
932	U	0.309968	0.031979
933	C	0.272683	0.036626
934	A	0.139188	0.019788
935	U	0.252686	0.060818
936	C	0.195754	0.029662
937	C	0.173766	0.059724
938	G	0.618406	0.042317
939	A	0.511984	0.033696
940	A	0.557202	0.024034
941	U	0.345436	0.027497
942	C	0.411643	0.041327
943	A	0.167656	0.017382
944	A	0.804491	0.034016
945	U	1.064736	0.030872
946	U	0.012942	0.046162
947	C	0.178839	0.032116
948	C	0.378819	0.035554
949	A	0.621566	0.026213
950	U	0.178338	0.023157
951	U	0.153925	0.020084
952	A	0.702371	0.028159
953	C	0.108126	0.027377
954	C	0.106483	0.03878
955	A	0.857881	0.033861
956	U	0.171927	0.0244
957	U	0.560925	0.024898
958	G	1.080703	0.050065
959	U	0.289899	0.035135
960	U	0.336625	0.06198
961	C	0.079088	0.044316
962	C	nan	nan
963	A	0.115486	0.021646
964	A	1.13295	0.060024
965	C	0.218277	0.040309
966	C	0.009673	0.05929
967	C	nan	nan
968	C	nan	nan
969	U	0.207173	0.03054
970	U	0.422021	0.035114
971	U	0.203179	0.032383
972	C	0.084478	0.036891
973	A	0.803871	0.039448
974	C	0.172908	0.026139
975	U	0.338039	0.02954
976	G	0.227881	0.034828
977	C	0.060953	0.048173
978	U	0.02212	0.028019
979	G	0.146239	0.057267
980	C	0.166884	0.053088
981	U	2.805758	0.062124
982	C	0.047927	0.08209
983	C	nan	nan
984	A	0.308703	0.025389
985	G	0.252495	0.051924
986	C	nan	nan
987	A	0.044696	0.015124
988	G	0.390761	0.096505
989	C	0.423478	0.071276
990	C	0.043527	0.058932
991	C	0.075232	0.062693
992	C	nan	nan
993	A	0.055055	0.034163
994	G	0.306494	0.054511
995	A	1.298872	0.05358
996	C	nan	nan
997	C	nan	nan
998	U	0.530099	0.068402
999	C	nan	nan
1000	C	nan	nan
1001	U	0.276279	0.03349
1002	U	0.164979	0.029533
1003	G	0.546469	0.058986
1004	G	0.648135	0.05179
1005	A	0.696223	0.041186
1006	A	0.746965	0.04769
1007	G	1.237979	0.065146
1008	A	0.323692	0.05825
1009	G	0.086171	0.106542
1010	U	0.092498	0.034905
1011	U	0.690998	0.034403
1012	G	nan	nan
1013	A	0.120924	0.031706
1014	A	0.372997	0.032226
1015	C	0.065377	0.043995
1016	C	nan	nan
1017	U	0.57874	0.040036
1018	U	0.551712	0.029981
1019	G	0.339105	0.047387
1020	C	nan	nan
1021	A	0.509863	0.02661
1022	U	0.713742	0.040864
1023	C	0.242532	0.041851
1024	A	0.065455	0.023981
1025	G	1.936032	0.05646
1026	A	0.001229	0.035146
1027	G	0.083854	0.042961
1028	A	0.218113	0.030205
1029	G	0.382571	0.058399
1030	C	0.28776	0.037424
1031	A	1.254009	0.036144
1032	C	0.031706	0.036867
1033	A	0.583223	0.027174
1034	U	0.619432	0.042564
1035	C	0.106825	0.043111
1036	C	0.093324	0.055708
1037	U	0.144943	0.028336
1038	G	nan	nan
1039	G	nan	nan
1040	G	nan	nan
1041	G	0.256791	0.044267
1042	U	0.09445	0.09014
1043	C	0.416026	0.046354
1044	C	0.141077	0.064886
1045	A	0.442447	0.027426
1046	U	0.689478	0.056794
1047	C	nan	nan
1048	C	nan	nan
1049	C	0.051946	0.055887
1050	A	0.02456	0.01882
1051	G	0.066128	0.028212
1052	U	0.605426	0.032888
1053	A	0.210172	0.025385
1054	C	0.215948	0.035662
1055	G	0.408632	0.059122
1056	C	0.032197	0.038587
1057	A	0.886685	0.035207
1058	C	0.225948	0.02934
1059	A	1.037062	0.035734
1060	A	0.249529	0.034809
1061	G	0.582971	0.03859
1062	U	0.671568	0.04055
1063	G	0.442308	0.067461
1064	C	0.21749	0.045682
1065	C	0.135916	0.08037
1066	C	0.120909	0.118043
1067	U	0.315614	0.059134
1068	U	0.519103	0.032083
1069	G	0.928148	0.065835
1070	U	1.274692	0.070439
1071	U	0.056262	0.036585
1072	C	1.208884	0.067725
1073	U	0.019417	0.073488
1074	C	0.258213	0.047883
1075	U	0.368554	0.038175
1076	G	0.524355	0.048183
1077	A	0.396309	0.03677
1078	U	1.021389	0.053428
1079	A	0.783557	0.041177
1080	U	0.459638	0.031765
1081	G	1.112978	0.044282
1082	U	0.138514	0.029806
1083	A	0.592871	0.050983
1084	G	0.365521	0.048541
1085	C	0.182942	0.031496
1086	A	0.964419	0.035086
1087	U	1.092428	0.046876
1088	C	nan	nan
1089	A	0.635251	0.039573
1090	U	1.061798	0.048365
1091	U	0.404596	0.038039
1092	C	0.082084	0.040959
1093	A	0.62018	0.035614
1094	G	1.192877	0.079249
1095	G	0.690813	0.207007
1096	U	0.508272	0.081353
1097	U	0.916136	0.040315
1098	G	0.375252	0.06267
1099	G	0.855191	0.081487
1100	A	1.039628	0.047877
1101	A	0.477813	0.035591
1102	U	0.510002	0.033091
1103	G	0.636396	0.056972
1104	C	nan	nan
1105	C	nan	nan
1106	A	0.461701	0.033198
1107	G	0.590602	0.073388
1108	A	0.69457	0.038925
1109	U	0.937798	0.055034
1110	C	0.632577	0.06373
1111	A	0.093888	0.03317
1112	U	0.080467	0.036219
1113	C	0.202287	0.047382
1114	A	0.217938	0.032582
1115	A	2.044901	0.050398
1116	A	0.638865	0.046715
1117	U	0.365148	0.037462
1118	G	0.208727	0.067617
1119	G	0.11027	0.088154
1120	G	0.19815	0.061466
1121	U	0.651636	0.045404
1122	G	0.158907	0.046763
1123	A	0.340945	0.04069
1124	G	0.192737	0.058932
1125	A	0.294915	0.035986
1126	C	0.073734	0.065623
1127	C	nan	nan
1128	A	0.221525	0.033227
1129	G	0.733781	0.061166
1130	C	0.0553	0.043995
1131	A	0.128061	0.023855
1132	G	0.466672	0.058027
1133	U	0.179301	0.032048
1134	U	0.784378	0.033408
1135	G	0.546814	0.039046
1136	C	0.477304	0.070785
1137	G	0.605131	0.042859
1138	U	0.165444	0.057925
1139	C	0.029197	0.090637
1140	U	2.215688	0.053336
1141	U	0.046944	0.062674
1142	C	0.483962	0.038808
1143	U	0.054563	0.110109
1144	C	0.117505	0.084905
1145	C	0.11143	0.041113
1146	A	0.573972	0.029771
1147	U	0.453386	0.029247
1148	U	0.998432	0.032041
1149	A	1.68514	0.048203
1150	U	1.005408	0.037726
1151	U	0.289168	0.030073
1152	U	0.530208	0.023138
1153	G	0.632699	0.038833
1154	C	0.274744	0.037802
1155	U	0.405671	0.045995
1156	U	0.352783	0.02789
1157	G	0.368045	0.041948
1158	A	0.29337	0.025137
1159	C	0.104258	0.029185
1160	G	0.560778	0.055705
1161	C	0.237669	0.050876
1162	C	0.03785	0.086514
1163	A	0.060638	0.02274
1164	A	1.196448	0.034263
1165	A	1.092435	0.037504
1166	U	0.756619	0.035159
1167	U	0.509233	0.043835
1168	C	0.578087	0.067889
1169	U	0.166209	0.030122
1170	U	0.00937	0.055846
1171	C	0.222668	0.031449
1172	U	0.442443	0.024743
1173	A	0.622015	0.026552
1174	A	0.996725	0.030937
1175	U	0.183241	0.037114
1176	C	0.860147	0.059333
1177	U	0.384089	0.040468
1178	C	nan	nan
1179	C	nan	nan
1180	U	0.523325	0.042924
1181	C	0.050045	0.236368
1182	U	0.933411	0.066825
1183	U	1.710626	0.103227
1184	U	0.318777	0.022731
1185	G	0.728129	0.032418
1186	U	0.075738	0.026754
1187	C	0.090995	0.046572
1188	A	0.302589	0.021384
1189	U	0.384146	0.0458
1190	A	0.188365	0.021042
1191	G	0.421105	0.041078
1192	A	0.217023	0.043503
1193	G	nan	nan
1194	G	0.134933	0.070047
1195	A	0.220139	0.021661
1196	U	0.312048	0.031674
1197	C	0.014151	0.046035
1198	A	0.418212	0.022631
1199	A	0.766236	0.035659
1200	U	1.39173	0.036952
1201	U	0.063526	0.026659
1202	C	1.056993	0.047197
1203	U	0.099541	0.066115
1204	C	0.033854	0.034929
1205	U	0.409386	0.032636
1206	C	nan	nan
1207	A	1.271961	0.033165
1208	U	0.109988	0.043632
1209	C	0.531342	0.137873
1210	C	nan	nan
1211	A	1.746641	0.100556
1212	U	0.299791	0.029933
1213	U	0.473826	0.024567
1214	U	0.709288	0.042851
1215	C	0.183647	0.043442
1216	C	0.195603	0.048363
1217	C	nan	nan
1218	A	1.866035	0.042733
1219	U	0.09855	0.042156
1220	C	1.035188	0.038358
1221	U	nan	nan
1222	C	0.025077	0.035825
1223	U	0.61547	0.040075
1224	C	0.082772	0.041185
1225	C	nan	nan
1226	U	0.403373	0.043288
1227	C	0.024824	0.062182
1228	C	0.195424	0.053379
1229	U	0.312485	0.028259
1230	G	0.747517	0.032597
1231	U	0.069513	0.020223
1232	A	0.592632	0.026789
1233	G	0.628804	0.04735
1234	A	0.565378	0.040928
1235	U	0.239603	0.034172
1236	U	0.624388	0.042206
1237	G	0.350077	0.056043
1238	G	0.153289	0.045029
1239	A	0.564028	0.062243
1240	C	0.23852	0.045652
1241	C	0.02257	0.065918
1242	C	nan	nan
1243	C	0.053916	0.066455
1244	C	0.11858	0.061977
1245	U	0.116321	0.030899
1246	G	0.643948	0.041855
1247	U	0.231525	0.051077
1248	C	0.123595	0.064305
1249	U	1.188329	0.047692
1250	U	0.057153	0.037985
1251	C	0.072758	0.16746
1252	U	0.556698	0.031063
1253	U	0.181819	0.026316
1254	A	0.250695	0.033364
1255	G	0.312522	0.048604
1256	G	0.248051	0.045943
1257	A	0.603899	0.038082
1258	U	0.309199	0.045594
1259	C	0.198934	0.088058
1260	U	0.34422	0.042596
1261	U	0.527282	0.047305
1262	U	0.34461	0.04189
1263	C	nan	nan
1264	C	0.052662	0.044602
1265	C	0.04711	0.047468
1266	A	0.036258	0.01962
1267	G	0.278646	0.048057
1268	C	0.146239	0.05358
1269	A	1.128374	0.09315
1270	C	0.137686	0.022916
1271	U	0.123873	0.08504
1272	G	0.166406	0.060365
1273	G	nan	nan
1274	G	nan	nan
1275	A	0.083074	0.060953
1276	U	0.50389	0.027858
1277	G	0.088082	0.049747
1278	C	0.330082	0.053334
1279	U	0.732267	0.043606
1280	C	nan	nan
1281	U	1.162718	0.042621
1282	U	0.146192	0.050798
1283	C	0.047259	0.03554
1284	C	0.1922	0.083074
1285	A	0.110207	0.016917
1286	G	0.770131	0.040459
1287	A	0.265485	0.025577
1288	U	0.712882	0.029113
1289	A	0.963243	0.05053
1290	U	0.757247	0.038364
1291	U	0.250316	0.02201
1292	U	0.432892	0.02493
1293	G	1.739622	0.072971
1294	U	0.357433	0.034167
1295	U	0.605426	0.027873
1296	U	0.102036	0.035867
1297	C	0.330676	0.040822
1298	U	0.328398	0.044302
1299	C	0.314183	0.060007
1300	C	nan	nan
1301	U	0.764443	0.056385
1302	C	nan	nan
1303	U	0.37286	0.041535
1304	C	nan	nan
1305	A	1.071313	0.041232
1306	U	0.043995	0.04719
1307	C	0.093061	0.041034
1308	A	0.100767	0.024212
1309	A	1.108321	0.043768
1310	A	0.379792	0.034222
1311	U	0.366394	0.026804
1312	G	0.677399	0.052565
1313	C	0.021137	0.043503
1314	C	0.530768	0.058669
1315	G	nan	nan
1316	A	0.518348	0.031912
1317	G	nan	nan
1318	A	0.116991	0.045961
1319	G	nan	nan
1320	A	0.157299	0.063165
1321	A	0.366312	0.031466
1322	C	0.243076	0.058987
1323	C	0.185035	0.051946
1324	A	0.805804	0.054015
1325	U	1.433054	0.039909
1326	U	0.099906	0.031423
1327	C	0.461043	0.048253
1328	U	0.012748	0.031892
1329	C	nan	nan
1330	U	0.136162	0.08504
1331	C	0.06144	0.043885
1332	U	0.717587	0.03438
1333	A	1.05428	0.029561
1334	U	0.132778	0.018111
1335	U	0.183029	0.022561
1336	G	1.071671	0.031865
1337	U	0.197401	0.022082
1338	U	0.047525	0.012044
1339	A	0.878733	0.025264
1340	U	0.36953	0.021176
1341	G	0.472373	0.037193
1342	C	0.276744	0.030684
1343	U	0.144136	0.01845
1344	G	1.629444	0.073389
1345	U	1.245381	0.052594
1346	U	0.679323	0.023662
1347	U	0.27109	0.02005
1348	U	0.507985	0.031484
1349	G	0.433985	0.038907
1350	A	0.584605	0.024751
1351	A	0.653734	0.024967
1352	U	0.374445	0.028391
1353	C	nan	nan
1354	A	0.058681	0.014666
1355	G	0.406393	0.039319
1356	C	0.021874	0.065377
1357	C	0.325461	0.035392
1358	U	1.409358	0.0552
1359	C	0.15807	0.034386
1360	C	0.088845	0.058215
1361	C	1.631864	0.279869
1362	U	0.547384	0.041103
1363	U	0.582813	0.032113
1364	C	0.081204	0.025766
1365	A	0.375603	0.023819
1366	U	0.209642	0.023063
1367	A	0.219829	0.019916
1368	G	0.655874	0.04406
1369	U	0.160981	0.032444
1370	C	0.156728	0.035545
1371	G	0.71297	0.047795
1372	C	0.178937	0.026833
1373	U	0.316047	0.02381
1374	G	0.473376	0.040164
1375	A	0.317163	0.028128
1376	G	1.029468	0.136868
1377	U	0.542421	0.031483
1378	U	0.271495	0.024287
1379	U	0.166627	0.022125
1380	G	0.06538	0.042452
1381	A	0.137411	0.027208
1382	G	nan	nan
1383	U	0.216326	0.022595
1384	U	0.333222	0.026893
1385	C	0.362145	0.0364
1386	A	0.269271	0.022359
1387	G	1.359605	0.033241
1388	U	0.474876	0.02923
1389	G	0.580751	0.045638
1390	C	0.326641	0.048664
1391	A	0.548432	0.035439
1392	C	0.058741	0.027282
1393	A	0.573947	0.023044
1394	U	0.365225	0.042857
1395	C	0.220325	0.027041
1396	U	0.428388	0.026566
1397	G	0.950003	0.028879
1398	U	0.256792	0.023123
1399	A	1.056928	0.026283
1400	U	0.100618	0.018296
1401	G	0.754898	0.025048
1402	U	0.093001	0.014368
1403	A	0.416403	0.036084
1404	G	0.637905	0.040714
1405	A	0.503815	0.026225
1406	A	0.74588	0.026255
1407	U	0.143952	0.042976
1408	C	0.522381	0.039835
1409	U	0.550242	0.038397
1410	C	1.599042	0.106423
1411	C	0.138482	0.037292
1412	C	0.12894	0.047014
1413	G	0.092965	0.044423
1414	A	0.162296	0.027499
1415	U	0.487013	0.028957
1416	U	0.185094	0.047883
1417	C	0.099056	0.044602
1418	C	0.017942	0.059724
1419	A	1.115743	0.032613
1420	C	0.197361	0.035146
1421	C	nan	nan
1422	A	0.911358	0.03626
1423	A	0.200892	0.029345
1424	C	0.189988	0.061936
1425	C	0.071829	0.06126
1426	A	0.702384	0.051772
1427	U	1.157037	0.050706
1428	U	0.263456	0.047942
1429	C	0.990563	0.059847
1430	U	0.498451	0.069367
1431	C	0.221693	0.096346
1432	C	0.220032	0.050573
1433	C	nan	nan
1434	A	0.366541	0.038949
1435	A	0.508785	0.03891
1436	C	0.106849	0.023865
1437	A	0.289064	0.032384
1438	G	1.135771	0.056635
1439	A	0.314531	0.0406
1440	U	0.709632	0.033891
1441	G	0.346064	0.038163
1442	C	0.306696	0.043543
1443	U	0.848893	0.081004
1444	C	0.028122	0.054991
1445	U	0.44599	0.038118
1446	G	0.518273	0.059086
1447	A	1.386119	0.074011
1448	U	0.198522	0.030756
1449	U	nan	nan
1450	U	0.660041	0.041202
1451	C	0.325342	0.040351
1452	A	0.317211	0.030227
1453	G	1.298083	0.046384
1454	U	0.548564	0.053477
1455	G	0.28462	0.058703
1456	G	0.187213	0.083424
1457	C	0.094625	0.04719
1458	A	0.644659	0.055881
1459	U	0.195995	0.049845
1460	U	0.303773	0.031594
1461	C	0.134028	0.033131
1462	U	0.261647	0.046398
1463	G	0.130538	0.037902
1464	G	0.166594	0.03753
1465	C	0.226371	0.037929
1466	G	0.523975	0.079176
1467	U	0.467371	0.039653
1468	U	1.345288	0.069997
1469	C	0.067351	0.082039
1470	C	0.218755	0.045392
1471	C	nan	nan
1472	C	nan	nan
1473	A	0.963585	0.040664
1474	C	0.084794	0.034163
1475	C	nan	nan
1476	A	0.225704	0.024033
1477	G	0.777445	0.08745
1478	U	0.191391	0.034947
1479	U	0.38444	0.029247
1480	U	0.213668	0.055427
1481	C	0.439926	0.042354
1482	C	nan	nan
1483	A	0.850067	0.033179
1484	U	0.546395	0.051846
1485	C	0.323134	0.034868
1486	U	0.590306	0.028904
1487	G	0.262757	0.054947
1488	C	0.282074	0.045561
1489	U	0.886602	0.042608
1490	C	0.028302	0.058932
1491	A	0.527789	0.029885
1492	U	2.629703	0.054542
1493	A	0.625557	0.032669
1494	A	0.298758	0.027845
1495	G	0.344859	0.040534
1496	A	0.448665	0.029642
1497	U	0.189833	0.023477
1498	C	0.01573	0.067344
1499	G	0.417658	0.123004
1500	U	0.563078	0.052973
1501	U	0.123873	0.017692
1502	U	0.221471	0.022933
1503	G	0.213573	0.070011
1504	G	0.260756	0.028055
1505	U	0.114488	0.023345
1506	G	0.204804	0.080715
1507	C	0.13862	0.046452
1508	C	0.201882	0.11033
1509	U	0.252386	0.023552
1510	U	0.337012	0.027232
1511	G	0.570557	0.062733
1512	A	1.89761	0.050325
1513	G	nan	nan
1514	A	0.338032	0.028108
1515	C	0.076148	0.028289
1516	G	0.042409	0.050688
1517	C	0.171486	0.052479
1518	C	nan	nan
1519	A	0.324849	0.027492
1520	U	0.350932	0.025764
1521	G	0.812152	0.060059
1522	A	0.224572	0.02519
1523	U	0.472263	0.046495
1524	G	5.882435	0.08127
1525	U	1.174645	0.045642
1526	G	1.803142	0.078084
1527	G	0.467242	0.055787
1528	A	0.964972	0.042679
1529	U	0.610809	0.03744
1530	G	1.977092	0.102602
1531	U	0.194258	0.045294
1532	C	nan	nan
1533	A	0.295555	0.036466
1534	C	0.199072	0.029522
1535	U	0.394875	0.03622
1536	C	0.098048	0.052647
1537	G	2.59844	0.12135
1538	G	2.435232	0.066301
1539	U	2.013678	0.090831
1540	G	0.592403	0.056422
1541	A	0.747025	0.042267
1542	G	0.358465	0.042231
1543	U	0.063253	0.026704
1544	G	nan	nan
1545	A	0.49498	0.046936
1546	U	0.222084	0.039865
1547	U	0.395823	0.039485
1548	A	0.493042	0.044418
1549	U	0.069901	0.180093
1550	C	0.101026	0.092428
1551	U	0.211225	0.130975
1552	A	0.635712	0.128068
1553	C	0.30438	0.103997
1554	C	nan	nan
1555	C	nan	nan
1556	U	0.973035	0.396053
1557	G	0.478248	0.783525
1558	C	1.062565	0.724119
1559	U	1.337108	0.709127
1560	U	1.22771	0.561544
1561	U	nan	nan
1562	C	nan	nan
1563	G	1.910564	0.933488
1564	C	nan	nan
1565	U	nan	nan
