Nucleotide	Sequence	Norm_profile	Norm_stderr
1	A	nan	nan
2	G	nan	nan
3	U	nan	nan
4	A	1.593286	0.865607
5	G	nan	nan
6	A	nan	nan
7	A	nan	nan
8	A	0.565202	0.362247
9	C	nan	nan
10	A	0.370305	0.567639
11	A	0.821005	0.54665
12	G	0.339777	0.32973
13	G	nan	nan
14	G	nan	nan
15	U	0.649655	0.204673
16	G	6.762626	0.71866
17	U	0.659928	0.121648
18	U	0.097408	0.047534
19	U	0.113478	0.069287
20	U	0.226609	0.12461
21	U	0.076339	0.045347
22	U	0.128979	0.053031
23	A	0.85251	0.09211
24	U	0.151885	0.0579
25	C	0.28454	0.101052
26	A	0.083592	0.051077
27	U	0.150028	0.046051
28	U	0.523447	0.083386
29	A	0.760625	0.091358
30	A	1.148345	0.084794
31	A	0.626976	0.061602
32	U	0.618873	0.244551
33	A	0.202176	0.063696
34	A	0.166251	0.051717
35	G	0.34939	0.099684
36	C	0.144303	0.088727
37	U	0.455186	0.076895
38	G	0.390701	0.128127
39	A	0.259664	0.037089
40	A	0.379592	0.048952
41	A	0.194472	0.048709
42	C	0.574879	0.148205
43	G	0.293701	0.093855
44	A	0.579591	0.063245
45	G	0.845658	0.142555
46	A	0.488363	0.078763
47	A	0.681122	0.070443
48	A	0.220937	0.048252
49	G	0.322651	0.057339
50	U	0.26383	0.056863
51	U	0.179445	0.107357
52	C	0.251187	0.114042
53	U	0.292776	0.050517
54	U	0.107103	0.033053
55	A	1.096874	0.086014
56	U	0.132229	0.080616
57	C	0.669495	0.075949
58	U	0.053628	0.042889
59	C	nan	nan
60	U	0.319386	0.055305
61	U	0.430543	0.051003
62	G	0.202768	0.113796
63	C	0.21432	0.119203
64	U	0.460524	0.109906
65	C	nan	nan
66	U	0.249198	0.042948
67	A	0.223232	0.049209
68	C	nan	nan
69	U	0.200174	0.049037
70	U	0.319638	0.042764
71	C	0.067349	0.051473
72	A	0.338357	0.042163
73	A	0.105122	0.041159
74	G	0.139603	0.105439
75	C	1.272401	0.112567
76	A	0.054743	0.022447
77	G	0.235929	0.032729
78	U	0.569234	0.053858
79	A	0.075579	0.053517
80	G	0.178875	0.054844
81	U	0.133293	0.031182
82	U	0.459943	0.054571
83	G	1.0941	0.065022
84	U	0.480183	0.053631
85	A	0.398965	0.046028
86	A	0.37333	0.047152
87	G	0.480491	0.084251
88	G	0.286579	0.073488
89	C	nan	nan
90	U	0.214971	0.035491
91	U	0.289392	0.033972
92	G	0.0369	0.085621
93	C	0.367686	0.066115
94	A	0.355627	0.034033
95	U	0.746069	0.052974
96	A	0.608939	0.047253
97	A	0.949479	0.048574
98	A	0.840533	0.052126
99	U	0.361212	0.047272
100	G	0.903972	0.057319
101	U	0.217174	0.046312
102	U	0.32308	0.038269
103	A	1.362471	0.06122
104	U	0.29563	0.051324
105	U	0.299165	0.036743
106	U	0.369841	0.03133
107	G	0.14855	0.055104
108	C	0.219727	0.061936
109	U	0.449546	0.049397
110	C	nan	nan
111	A	0.287767	0.041631
112	A	0.802411	0.061166
113	A	0.141123	0.02186
114	A	0.217612	0.026863
115	C	0.204957	0.028242
116	U	0.750556	0.051244
117	A	0.759124	0.086349
118	U	1.526533	0.076621
119	U	0.052597	0.052983
120	C	0.745049	0.083396
121	U	0.27896	0.127068
122	C	0.032036	0.067662
123	U	0.211733	0.050297
124	G	0.902468	0.061031
125	U	0.391294	0.046859
126	A	1.111947	0.051813
127	A	0.787778	0.050055
128	U	0.279931	0.085851
129	C	0.567631	0.124719
130	U	0.978326	0.074745
131	U	0.322396	0.039271
132	U	0.144925	0.034506
133	A	0.154597	0.032912
134	G	0.576661	0.049553
135	U	nan	nan
136	C	0.364541	0.064471
137	U	0.339283	0.048877
138	A	1.116038	0.054156
139	U	0.522384	0.05029
140	G	1.040083	0.056624
141	U	0.262427	0.058934
142	C	0.27429	0.094379
143	G	0.251555	0.058635
144	C	0.09782	0.052597
145	A	0.677603	0.048324
146	C	0.062984	0.046705
147	U	0.427876	0.048889
148	U	0.350059	0.078666
149	C	0.074774	0.063435
150	U	0.348432	0.055053
151	U	0.442827	0.052099
152	C	0.118663	0.060332
153	A	0.694986	0.043736
154	A	1.16797	0.054199
155	U	0.146499	0.03704
156	C	0.126331	0.085286
157	A	0.143373	0.02935
158	G	0.395844	0.08042
159	C	0.243813	0.090201
160	C	0.084188	0.084726
161	A	0.727277	0.061599
162	C	nan	nan
163	C	nan	nan
164	U	0.317715	0.052947
165	U	0.437545	0.0443
166	A	1.586102	0.111165
167	U	0.552998	0.059985
168	U	0.433243	0.040267
169	U	0.217901	0.060145
170	C	0.142106	0.193359
171	U	0.296215	0.05306
172	U	0.253836	0.055433
173	C	nan	nan
174	A	0.187445	0.048886
175	A	0.510167	0.041143
176	A	0.225847	0.040958
177	C	0.050692	0.097264
178	U	0.317453	0.046159
179	U	0.243844	0.081038
180	C	0.26659	0.049724
181	U	0.226127	0.031559
182	G	0.034929	0.078277
183	A	0.165598	0.032347
184	C	0.138485	0.053866
185	U	0.290652	0.038569
186	C	nan	nan
187	A	0.919758	0.049242
188	A	1.006581	0.056568
189	U	0.291653	0.043774
190	U	0.556481	0.042955
191	G	1.082419	0.086225
192	U	0.532848	0.06039
193	U	0.110067	0.075961
194	C	0.416284	0.072752
195	U	0.404816	0.055748
196	C	0.066911	0.053737
197	G	0.602399	0.089137
198	C	0.201261	0.055218
199	C	0.045856	0.067171
200	A	0.707302	0.097637
201	U	0.938497	0.070939
202	U	0.100317	0.036952
203	U	0.316914	0.040033
204	U	0.248526	0.070489
205	C	0.278012	0.076691
206	C	0.076914	0.054135
207	G	0.787914	0.124422
208	U	0.393814	0.042046
209	U	0.439698	0.040049
210	U	0.3554	0.059056
211	C	0.198651	0.047857
212	U	0.686391	0.057646
213	G	1.551333	0.088375
214	C	nan	nan
215	U	1.376872	0.10313
216	U	0.646538	0.040283
217	U	0.634008	0.041826
218	G	0.863162	0.063636
219	G	0.543852	0.069632
220	A	1.207014	0.063218
221	G	0.267717	0.072299
222	G	0.016838	0.084726
223	G	nan	nan
224	A	0.281833	0.043367
225	G	0.081545	0.034421
226	U	1.416221	0.05372
227	G	0.572342	0.075719
228	G	0.879989	0.06135
229	A	0.972136	0.051556
230	G	0.282174	0.063594
231	G	1.237042	0.067571
232	U	0.343175	0.144231
233	C	0.235829	0.048423
234	U	0.17961	0.056562
235	C	nan	nan
236	C	nan	nan
237	C	nan	nan
238	A	0.683404	0.059251
239	U	0.585603	0.059417
240	C	nan	nan
241	C	0.202347	0.051195
242	U	0.500601	0.052591
243	C	0.012001	0.048005
244	A	1.27581	0.044415
245	U	0.391372	0.032668
246	U	1.422772	0.047093
247	A	0.697018	0.035747
248	C	0.174913	0.02909
249	U	0.654374	0.035586
250	G	0.556278	0.054303
251	C	0.152495	0.102743
252	U	1.167244	0.048972
253	U	0.892234	0.060489
254	C	0.762927	0.05397
255	U	nan	nan
256	C	0.016121	0.05929
257	C	0.2085	0.076128
258	A	0.234247	0.026527
259	A	0.316454	0.025518
260	G	0.546632	0.058054
261	C	0.167185	0.035819
262	G	0.304146	0.051295
263	A	0.386795	0.027206
264	A	0.99707	0.07115
265	U	0.126085	0.083565
266	C	0.717078	0.049505
267	U	nan	nan
268	C	0.251311	0.048005
269	U	0.469776	0.035361
270	G	1.056269	0.044069
271	U	0.490245	0.035606
272	A	1.134802	0.037884
273	G	1.338175	0.063979
274	A	0.210571	0.039185
275	G	0.701434	0.205986
276	U	0.249002	0.047207
277	U	0.558312	0.037185
278	U	0.934069	0.067565
279	C	0.495722	0.047037
280	A	0.202537	0.033353
281	G	2.318059	0.068539
282	A	0.082678	0.033648
283	G	0.205923	0.055863
284	A	0.287999	0.031978
285	C	0.447781	0.053099
286	U	0.699119	0.038309
287	C	0.10692	0.047021
288	G	nan	nan
289	A	0.81325	0.040074
290	A	0.751769	0.03414
291	C	0.322248	0.032724
292	U	0.635606	0.035599
293	G	2.9494	0.080863
294	U	0.025133	0.020447
295	G	0.148331	0.030237
296	U	0.647081	0.038384
297	U	0.248903	0.023672
298	A	1.125084	0.037588
299	U	0.590665	0.038834
300	C	0.313289	0.049618
301	A	1.10904	0.042038
302	U	1.472426	0.04759
303	U	0.070223	0.136883
304	C	0.790783	0.056411
305	C	nan	nan
306	A	0.985043	0.045361
307	U	0.438527	0.034835
308	U	0.987678	0.039196
309	C	0.442168	0.045701
310	A	0.822955	0.046546
311	A	0.364862	0.03445
312	G	0.214073	0.030464
313	U	0.184215	0.071212
314	C	nan	nan
315	C	0.111057	0.052662
316	U	0.021857	0.058289
317	C	0.020891	0.047927
318	C	0.121625	0.058394
319	G	0.769063	0.052447
320	A	0.847743	0.032732
321	U	1.718597	0.061091
322	G	0.107216	0.034669
323	A	0.24458	0.030404
324	G	0.164794	0.056424
325	G	nan	nan
326	A	0.278329	0.331839
327	C	0.248814	0.053585
328	C	0.088487	0.070217
329	C	0.021316	0.060723
330	C	0.243513	0.05109
331	A	0.957807	0.034181
332	A	0.799445	0.03595
333	U	0.219631	0.02969
334	U	0.53443	0.035639
335	G	0.571375	0.04998
336	C	0.222965	0.034074
337	A	1.133289	0.107951
338	U	0.970446	0.059608
339	U	0.746267	0.033986
340	U	0.042195	0.019272
341	U	0.090492	0.020962
342	U	0.319831	0.026151
343	G	0.322275	0.04859
344	A	0.277996	0.029812
345	C	0.186401	0.021878
346	A	0.516005	0.027974
347	U	0.452047	0.054635
348	C	0.023465	0.050513
349	C	0.347168	0.082464
350	U	1.094263	0.044471
351	C	0.205226	0.077666
352	A	1.944318	0.047618
353	U	0.085495	0.023558
354	C	0.068784	0.045139
355	A	0.177921	0.026955
356	G	0.540863	0.035379
357	U	1.815825	0.054826
358	A	0.909763	0.041345
359	U	0.498596	0.03004
360	G	0.822703	0.037775
361	U	0.357804	0.090082
362	C	nan	nan
363	C	0.112537	0.044121
364	U	0.528861	0.0338
365	G	0.6128	0.063782
366	G	0.888141	0.056247
367	A	1.5295	0.045871
368	A	1.185567	0.040578
369	G	1.702285	0.062988
370	A	0.167707	0.027723
371	G	0.430072	0.046208
372	A	1.768162	0.045275
373	A	0.993422	0.037855
374	G	0.818797	0.077404
375	G	0.063783	0.064774
376	C	0.035417	0.187093
377	A	1.262749	0.034671
378	A	0.729061	0.035351
379	U	0.748906	0.033342
380	G	0.626242	0.089922
381	G	1.064899	0.046392
382	U	0.36078	0.036627
383	G	0.999906	0.088856
384	A	0.35492	0.026256
385	A	1.03943	0.034161
386	A	1.126765	0.057715
387	U	0.491145	0.035321
388	U	0.63043	0.03074
389	U	0.417366	0.034405
390	C	0.2087	0.038327
391	G	0.541979	0.05332
392	C	0.206836	0.029044
393	C	0.172317	0.057857
394	G	0.199078	0.04608
395	A	0.507538	0.027853
396	C	0.429531	0.03541
397	A	0.763499	0.045237
398	A	1.035832	0.037545
399	U	0.281358	0.030037
400	U	0.721911	0.030015
401	G	0.353292	0.038069
402	C	0.235012	0.031605
403	U	0.925652	0.054908
404	C	0.37524	0.060172
405	C	0.397427	0.121382
406	U	1.216012	0.051193
407	U	0.945781	0.062795
408	C	nan	nan
409	U	0.535603	0.038834
410	U	1.220498	0.040126
411	C	0.608405	0.050387
412	G	0.923145	0.076647
413	G	0.970174	0.042263
414	U	0.542527	0.03781
415	G	1.477053	0.097604
416	A	0.852367	0.037229
417	A	1.103689	0.034533
418	A	0.293434	0.026097
419	G	0.728335	0.052232
420	C	0.145956	0.046646
421	C	0.110369	0.042631
422	C	0.465543	0.063947
423	U	0.610108	0.036396
424	G	0.57519	0.064239
425	A	1.088221	0.034832
426	G	0.523651	0.07035
427	C	0.575398	0.036509
428	A	0.219353	0.023135
429	G	0.660612	0.046416
430	U	1.313717	0.046907
431	A	1.502207	0.042515
432	U	0.780069	0.03376
433	U	1.134848	0.036777
434	A	0.588849	0.02969
435	G	1.509062	0.045618
436	U	0.927784	0.041614
437	G	1.768902	0.047581
438	U	0.115281	0.049342
439	C	0.768899	0.055373
440	U	0.24118	0.099852
441	C	0.350008	0.063768
442	C	0.192752	0.038646
443	A	0.293372	0.023393
444	G	1.371648	0.070836
445	C	0.176593	0.040011
446	C	0.336376	0.052774
447	G	0.412092	0.056784
448	A	0.782363	0.032236
449	U	0.837473	0.041265
450	C	0.1759	0.065559
451	G	0.111773	0.051229
452	A	0.248498	0.024151
453	A	1.092767	0.037427
454	G	0.795068	0.066691
455	A	0.817322	0.036093
456	U	0.846279	0.045386
457	C	nan	nan
458	A	1.574221	0.044533
459	C	0.040939	0.019747
460	A	0.129444	0.025305
461	C	0.386332	0.030971
462	U	0.670288	0.032487
463	G	0.683887	0.052596
464	A	1.17295	0.041116
465	A	0.573354	0.027879
466	G	0.761339	0.118763
467	U	0.675459	0.042419
468	U	0.580597	0.040348
469	C	0.371792	0.052959
470	G	0.493101	0.054228
471	C	0.123189	0.268705
472	U	0.293294	0.058701
473	U	0.627924	0.037663
474	U	0.49504	0.031756
475	C	0.126558	0.035363
476	A	0.248727	0.023686
477	G	1.76126	0.064175
478	C	0.051497	0.028675
479	A	0.705057	0.04875
480	U	0.506081	0.029111
481	G	1.091702	0.062404
482	A	0.233473	0.025639
483	U	0.402435	0.029995
484	G	0.991081	0.064805
485	U	0.46687	0.048343
486	U	0.247616	0.052445
487	C	0.152255	0.09207
488	U	1.015686	0.042109
489	U	0.311338	0.025272
490	A	0.986131	0.034908
491	U	nan	nan
492	C	0.286407	0.041933
493	C	0.384095	0.045646
494	A	0.916643	0.031082
495	U	0.368507	0.03278
496	G	0.671467	0.053005
497	A	0.534891	0.024597
498	U	0.6772	0.029409
499	C	0.147777	0.04084
500	G	0.779405	0.045837
501	C	0.154146	0.025243
502	C	0.778395	0.041477
503	U	0.741486	0.027643
504	G	0.363467	0.059715
505	G	0.337906	0.049726
506	U	0.034294	0.11319
507	C	0.114963	0.03337
508	C	0.187184	0.039766
509	A	0.677059	0.05248
510	U	0.4236	0.034131
511	U	0.494305	0.039512
512	C	0.223796	0.030798
513	U	0.812849	0.025785
514	G	0.575172	0.039989
515	A	0.35198	0.020771
516	U	1.43774	0.030439
517	A	0.297478	0.020666
518	C	0.352011	0.021147
519	A	0.398101	0.021532
520	G	1.30509	0.039353
521	A	1.772105	0.040864
522	G	0.431151	0.060544
523	G	0.631901	0.039196
524	G	nan	nan
525	A	0.28973	0.022551
526	G	0.235092	0.064787
527	C	0.074025	0.044998
528	C	0.121117	0.025579
529	U	0.510948	0.025102
530	G	0.805442	0.043602
531	C	0.010568	0.021091
532	U	0.137965	0.017968
533	A	1.683378	0.041854
534	C	0.799917	0.137426
535	U	nan	nan
536	U	1.692208	0.044821
537	U	0.306063	0.020644
538	U	0.53196	0.027645
539	U	0.317094	0.017873
540	G	0.439179	0.036491
541	C	0.282061	0.143106
542	U	1.353736	0.054963
543	U	0.378989	0.01995
544	U	0.951542	0.028373
545	G	0.644812	0.048335
546	G	nan	nan
547	C	0.11726	0.029177
548	A	0.953216	0.026574
549	U	0.581235	0.02766
550	G	0.140325	0.041441
551	A	0.466634	0.024087
552	G	0.089578	0.063904
553	C	0.242412	0.024865
554	A	1.081051	0.027963
555	U	0.412038	0.027409
556	G	0.149248	0.037819
557	A	0.124846	0.015302
558	A	0.410469	0.026486
559	C	0.344829	0.046944
560	C	0.263491	0.046214
561	A	0.32828	0.018349
562	G	1.598046	0.037007
563	U	nan	nan
564	C	0.914917	0.051227
565	U	0.042063	0.042542
566	C	0.812275	0.404598
567	U	0.587905	0.080124
568	U	0.160768	0.01866
569	G	0.045139	0.038512
570	A	0.069483	0.013338
571	C	0.081378	0.030282
572	A	1.193852	0.029954
573	U	0.031213	0.046649
574	C	1.273412	0.043489
575	U	0.021551	0.048912
576	C	0.43809	0.212115
577	U	1.230366	0.043157
578	U	0.287738	0.023589
579	C	0.305504	0.084302
580	A	0.658162	0.023373
581	A	0.254625	0.019613
582	G	0.990709	0.04786
583	A	0.186603	0.021981
584	G	0.595947	0.046903
585	U	0.306382	0.032454
586	C	nan	nan
587	A	0.34297	0.027647
588	U	0.422613	0.033859
589	G	1.567323	0.044338
590	U	0.158277	0.042434
591	C	nan	nan
592	A	1.135904	0.049582
593	G	1.01188	0.085508
594	U	0.296808	0.040517
595	U	1.097994	0.051698
596	A	0.690564	0.048852
597	G	1.229116	0.093
598	G	1.903354	0.060897
599	U	0.302212	0.04065
600	A	1.071606	0.041755
601	G	0.289639	0.044125
602	C	0.309831	0.060865
603	G	0.907723	0.053565
604	U	0.74993	0.045117
605	G	nan	nan
606	A	0.18172	0.03294
607	A	0.298912	0.035613
608	G	0.571102	0.059062
609	C	0.663344	0.0578
610	A	0.41296	0.040875
611	G	0.833984	0.078221
612	G	0.16594	0.049176
613	U	0.121243	0.033481
614	A	0.286064	0.03356
615	C	0.301662	0.031871
616	A	0.588769	0.039585
617	G	0.733566	0.053742
618	A	0.44503	0.043483
619	G	0.292715	0.058579
620	G	nan	nan
621	C	0.022366	0.076437
622	A	0.754165	0.033232
623	A	0.439707	0.052872
624	U	0.396171	0.028859
625	A	0.283153	0.037153
626	G	0.370466	0.057773
627	U	0.230229	0.042922
628	C	nan	nan
629	A	0.721776	0.059726
630	U	0.418056	0.054091
631	U	0.394047	0.035042
632	U	0.100032	0.051122
633	U	0.410543	0.031087
634	G	0.713941	0.065476
635	A	0.523673	0.036219
636	G	0.661126	0.041562
637	U	0.386312	0.036487
638	G	0.264473	0.037683
639	C	nan	nan
640	C	0.11095	0.052241
641	U	0.257907	0.037124
642	C	nan	nan
643	A	1.086665	0.040086
644	U	0.528452	0.057303
645	C	0.162972	0.042204
646	G	0.83543	0.068509
647	G	0.266539	0.045944
648	A	0.568457	0.055162
649	U	0.647984	0.044113
650	U	0.363382	0.059735
651	C	0.335552	0.155456
652	U	0.47189	0.038687
653	U	0.799204	0.051105
654	C	0.359021	0.049539
655	C	0.373866	0.136097
656	U	0.281291	0.044202
657	U	0.647636	0.039441
658	C	0.207438	0.091922
659	A	0.243295	0.028598
660	G	0.562715	0.062267
661	A	0.503425	0.037699
662	A	0.631633	0.033086
663	U	0.279703	0.049421
664	C	0.113591	0.038004
665	C	0.229584	0.046729
666	G	0.570349	0.05566
667	C	0.225327	0.037369
668	U	1.012813	0.058865
669	C	0.163935	0.06931
670	C	nan	nan
671	A	1.457936	0.039324
672	C	0.116904	0.026186
673	U	0.407662	0.028626
674	A	1.327154	0.036226
675	U	0.51103	0.042103
676	C	0.228005	0.039506
677	U	0.403688	0.02915
678	G	1.467646	0.095318
679	U	0.57243	0.05264
680	U	0.502945	0.029788
681	U	0.337669	0.028226
682	U	0.288841	0.038412
683	C	0.328023	0.039439
684	C	0.164973	0.052483
685	A	0.251604	0.028315
686	G	0.852783	0.063632
687	C	0.110563	0.038308
688	A	1.253969	0.035364
689	C	0.296798	0.033794
690	G	0.895899	0.06146
691	A	0.811944	0.034671
692	G	0.850089	0.050001
693	U	0.559167	0.034289
694	G	0.616496	0.054581
695	G	0.495793	0.06097
696	C	0.131093	0.029023
697	U	0.536737	0.034331
698	G	1.693715	0.09805
699	U	0.469277	0.038672
700	U	0.907189	0.031795
701	U	0.979757	0.036466
702	C	0.155643	0.039445
703	G	0.385748	0.048504
704	A	0.762273	0.030743
705	U	0.543822	0.030283
706	G	1.411205	0.043824
707	U	0.213422	0.072335
708	C	0.269198	0.048905
709	C	0.113107	0.040775
710	A	0.347674	0.026516
711	G	0.652249	0.057419
712	A	0.966632	0.04423
713	C	0.129034	0.042766
714	C	0.128791	0.043625
715	A	1.060048	0.034157
716	A	0.348981	0.026351
717	G	1.597842	0.053419
718	A	0.152966	0.023693
719	G	0.732756	0.037131
720	U	0.699292	0.048025
721	G	1.378533	0.060136
722	C	0.352907	0.044395
723	U	0.413006	0.028619
724	G	0.765983	0.045009
725	C	0.15435	0.048173
726	C	0.456213	0.047319
727	U	0.930217	0.05489
728	C	nan	nan
729	U	0.895099	0.040813
730	U	0.701584	0.043188
731	C	nan	nan
732	C	0.271657	0.060744
733	U	1.058006	0.077549
734	C	0.255893	0.045966
735	U	0.28059	0.027717
736	U	0.362644	0.033468
737	A	0.256102	0.068081
738	G	1.011893	0.053897
739	A	0.008111	0.033426
740	G	0.011285	0.038333
741	A	0.764302	0.04383
742	U	0.409028	0.03368
743	U	0.701375	0.026569
744	U	0.329526	0.044874
745	C	0.341301	0.038064
746	U	0.767042	0.034675
747	G	0.25429	0.038888
748	A	1.122417	0.04059
749	U	0.13931	0.044214
750	C	0.603592	0.054609
751	U	0.470181	0.034861
752	C	0.110355	0.070293
753	G	0.054812	0.062156
754	G	0.310333	0.052054
755	C	0.184778	0.04385
756	G	0.468232	0.047356
757	A	0.258379	0.035584
758	A	0.141343	0.035926
759	G	0.301963	0.068596
760	C	nan	nan
761	C	0.179237	0.053209
762	G	0.282453	0.07276
763	G	0.577424	0.049002
764	U	0.326875	0.057013
765	C	nan	nan
766	A	0.359091	0.037312
767	A	0.604407	0.045747
768	G	0.998013	0.073284
769	G	1.462179	0.09705
770	A	1.56789	0.062584
771	A	1.18618	0.054261
772	U	0.836291	0.058601
773	G	0.213226	0.127435
774	G	nan	nan
775	G	nan	nan
776	G	0.389059	0.122499
777	C	0.021874	0.069064
778	A	0.607232	0.041314
779	U	0.409628	0.048658
780	C	nan	nan
781	A	0.557317	0.063353
782	C	0.052351	0.064394
783	C	0.060544	0.06538
784	C	nan	nan
785	A	0.260866	0.024788
786	G	0.740049	0.08234
787	U	0.049035	0.062139
788	U	0.331265	0.051296
789	C	1.066966	0.091817
790	U	0.483872	0.029291
791	U	0.698769	0.032205
792	G	0.208921	0.057123
793	G	1.124677	0.150854
794	U	0.106017	0.035851
795	C	nan	nan
796	U	0.251433	0.052105
797	G	0.143246	0.050404
798	C	0.156316	0.058496
799	A	0.080442	0.015612
800	A	0.44029	0.030351
801	A	0.642462	0.033685
802	U	0.494486	0.03722
803	C	0.31902	0.067351
804	G	2.495279	0.120327
805	U	1.00697	0.060276
806	U	0.615338	0.039191
807	U	0.589123	0.027101
808	G	1.054895	0.046042
809	C	0.064827	0.04359
810	G	nan	nan
811	G	0.186691	0.040897
812	A	0.292204	0.03624
813	C	0.429981	0.032877
814	A	0.573641	0.035904
815	U	0.308706	0.02609
816	G	0.380008	0.045811
817	C	0.029002	0.049893
818	C	0.935176	0.130292
819	A	0.008111	0.051859
820	A	0.310502	0.026273
821	A	0.357222	0.029003
822	G	1.49554	0.076231
823	A	0.266863	0.029533
824	A	0.834842	0.036029
825	A	0.155824	0.04252
826	G	0.270008	0.058462
827	C	0.277119	0.036854
828	A	0.153651	0.027496
829	G	0.831205	0.049997
830	U	0.541173	0.073863
831	C	0.094219	0.074157
832	U	0.277814	0.038015
833	A	0.687569	0.041022
834	C	0.228022	0.044557
835	C	0.381355	0.074516
836	U	0.489511	0.039013
837	G	1.12402	0.079847
838	A	0.429457	0.052097
839	A	1.126084	0.041536
840	A	0.285596	0.037136
841	G	0.92923	0.052123
842	C	6.022922	0.15369
843	U	0.61325	0.042823
844	U	0.296739	0.041239
845	G	0.203485	0.057857
846	A	0.24516	0.028857
847	U	1.002113	0.038752
848	A	0.356487	0.030319
849	C	0.344058	0.034158
850	A	1.157546	0.040299
851	G	1.319248	0.054556
852	U	1.016824	0.045974
853	G	1.827569	0.087814
854	U	0.334888	0.037125
855	U	0.632676	0.034486
856	G	0.530726	0.06815
857	G	0.582248	0.110406
858	A	0.598577	0.036696
859	A	0.688121	0.036932
860	U	0.368224	0.101691
861	C	0.130238	0.040663
862	C	0.306501	0.062522
863	A	0.743539	0.035854
864	U	0.395379	0.030479
865	U	1.410631	0.048523
866	A	1.384149	0.047739
867	U	0.295414	0.024817
868	G	1.255972	0.18614
869	U	0.619314	0.062499
870	U	0.44519	0.041214
871	U	0.084367	0.037785
872	U	0.296637	0.053381
873	U	0.252895	0.051095
874	G	1.995013	0.128673
875	U	0.407011	0.210387
876	C	0.221202	0.195886
877	A	0.435945	0.115803
878	C	0.659444	0.739517
879	C	nan	nan
880	C	nan	nan
881	U	0.506941	0.323853
882	G	1.004524	0.47827
883	C	nan	nan
884	U	0.54371	0.330115
885	U	0.707471	0.326694
886	U	1.215718	1.441692
887	U	0.290069	0.235415
888	G	0.519568	0.294041
889	C	1.111661	0.572421
890	U	0.0	0.0
