Nucleotide	Sequence	Norm_profile	Norm_stderr
1	A	nan	nan
2	G	0.0	0.0
3	U	0.481434	0.975799
4	A	0.903649	0.881348
5	G	nan	nan
6	A	nan	nan
7	A	nan	nan
8	A	0.412172	0.572912
9	C	1.355966	0.690149
10	A	2.560532	0.850643
11	A	0.121181	0.366952
12	G	0.319412	0.207973
13	G	0.1953	0.104082
14	U	0.354124	0.131157
15	A	0.445171	0.113135
16	C	2.713898	0.281172
17	U	0.432929	0.077145
18	U	0.389429	0.056435
19	U	0.029018	0.110161
20	U	0.068486	0.022265
21	U	0.527076	0.036017
22	U	0.372984	0.035442
23	G	0.193275	0.07559
24	G	0.192916	0.088129
25	A	0.10108	0.023989
26	C	0.125882	0.026968
27	A	0.141323	0.030104
28	G	0.194981	0.029244
29	U	0.403241	0.041951
30	A	0.809774	0.043771
31	U	0.504128	0.04329
32	G	0.323911	0.056505
33	G	0.455734	0.052764
34	A	0.302162	0.029049
35	U	0.404869	0.030828
36	A	0.302483	0.02399
37	G	0.32647	0.056249
38	C	0.30642	0.037438
39	A	0.15161	0.021864
40	A	0.814986	0.030404
41	A	0.313059	0.024234
42	U	1.522113	0.135425
43	A	0.214971	0.022464
44	G	0.830016	0.039602
45	U	0.035392	0.031706
46	A	0.111156	0.018543
47	G	0.115131	0.042054
48	C	0.2338	0.035162
49	A	0.816922	0.032337
50	U	0.257968	0.027989
51	U	0.566668	0.026251
52	G	0.236669	0.049684
53	C	0.036079	0.024514
54	C	0.111542	0.044737
55	A	0.658737	0.036422
56	C	0.099726	0.018746
57	A	0.264679	0.030136
58	G	0.23931	0.043119
59	C	0.07753	0.030846
60	U	0.50089	0.027064
61	A	1.322335	0.057777
62	U	0.348406	0.033375
63	U	0.527645	0.029069
64	U	0.558331	0.032156
65	C	0.050188	0.032311
66	A	0.264404	0.02274
67	G	0.582188	0.03548
68	U	0.464442	0.030716
69	G	0.502692	0.042532
70	C	0.135179	0.043011
71	A	0.707043	0.027751
72	U	0.101302	0.023368
73	G	0.185765	0.030559
74	C	0.334877	0.03925
75	G	0.257555	0.030774
76	U	0.064902	0.01929
77	U	0.090279	0.017383
78	A	0.579023	0.026796
79	A	0.328531	0.023622
80	G	1.003202	0.078422
81	A	0.21178	0.022631
82	A	0.714609	0.032856
83	A	0.148923	0.026558
84	C	0.266981	0.023279
85	U	1.030534	0.03339
86	A	1.040216	0.03449
87	U	0.707448	0.02939
88	U	0.825292	0.035367
89	A	0.322093	0.027534
90	A	0.568126	0.023294
91	A	0.352842	0.024815
92	C	0.250589	0.024646
93	C	0.22892	0.052483
94	A	0.285133	0.018393
95	G	0.682865	0.033155
96	C	0.175168	0.045906
97	U	0.626738	0.04456
98	U	0.447866	0.025918
99	G	0.194889	0.03779
100	C	0.187869	0.029868
101	A	1.176354	0.038523
102	U	0.485734	0.030567
103	U	0.808648	0.03002
104	A	0.883824	0.02873
105	A	0.754256	0.044914
106	G	0.272486	0.038039
107	C	0.492386	0.164384
108	A	0.131445	0.023878
109	A	1.119416	0.03093
110	A	0.069191	0.017041
111	A	0.54083	0.028029
112	C	0.1742	0.072932
113	C	0.116498	0.037002
114	C	0.153151	0.0532
115	A	0.810367	0.034063
116	G	1.730156	0.084086
117	G	0.341952	0.053213
118	G	0.082943	0.045734
119	A	0.348469	0.035972
120	U	0.253787	0.031154
121	C	0.2452	0.047798
122	A	0.538817	0.031614
123	U	0.256795	0.025548
124	U	0.854872	0.030631
125	A	0.928493	0.043181
126	A	0.696948	0.030206
127	U	0.570811	0.031287
128	C	0.0369	0.047826
129	A	0.182272	0.033588
130	G	0.149248	0.042892
131	G	0.065175	0.101932
132	C	0.208105	0.033295
133	A	0.816658	0.033522
134	C	0.229741	0.03016
135	U	1.073976	0.047281
136	C	0.138821	0.057499
137	C	0.047289	0.052842
138	U	0.621676	0.043467
139	C	0.106758	0.076665
140	A	0.528772	0.029016
141	A	0.850209	0.038155
142	U	0.241083	0.028466
143	U	0.468277	0.029058
144	G	0.325983	0.04118
145	C	0.081127	0.049449
146	U	0.6193	0.039711
147	U	0.856537	0.039968
148	C	0.804749	0.105192
149	A	0.393182	0.029548
150	U	2.158373	0.063095
151	A	0.108088	0.021219
152	U	0.228595	0.031502
153	A	0.1628	0.025614
154	G	0.672013	0.054171
155	C	0.397017	0.039698
156	C	nan	nan
157	C	0.085621	0.067888
158	U	0.329162	0.086791
159	C	0.024719	0.055349
160	C	0.073441	0.06144
161	A	0.699707	0.035031
162	A	0.565523	0.036709
163	G	0.309997	0.0634
164	A	0.565743	0.042353
165	U	0.497796	0.037525
166	C	0.274859	0.047579
167	G	0.704373	0.062255
168	A	0.691565	0.034479
169	A	0.748293	0.06015
170	G	0.981776	0.088823
171	G	0.196543	0.042114
172	U	0.225626	0.067835
173	A	1.252309	0.042973
174	C	0.203184	0.027745
175	C	0.30031	0.058004
176	A	0.422149	0.037115
177	G	0.519709	0.061539
178	G	0.662712	0.084873
179	U	0.380374	0.038267
180	U	0.441578	0.071117
181	C	0.015484	0.06931
182	C	0.053642	0.035585
183	A	0.24081	0.034134
184	G	0.272791	0.057174
185	G	0.567858	0.086449
186	U	0.278996	0.035342
187	U	0.845595	0.034545
188	G	0.634595	0.035326
189	U	0.698671	0.058821
190	C	0.201873	0.080427
191	C	0.205992	0.073083
192	C	nan	nan
193	U	0.062853	0.021878
194	A	0.490838	0.030609
195	A	0.420502	0.028841
196	G	0.831858	0.03843
197	U	0.928722	0.040672
198	G	0.233437	0.058061
199	C	nan	nan
200	C	nan	nan
201	U	0.200649	0.031375
202	G	nan	nan
203	A	0.202274	0.028605
204	A	0.150597	0.02376
205	C	0.238287	0.040683
206	A	0.877162	0.031635
207	A	1.202218	0.039739
208	U	0.595187	0.034917
209	G	0.858362	0.064608
210	A	1.319884	0.046589
211	G	0.281744	0.044182
212	A	1.42215	0.043595
213	A	0.471217	0.027195
214	G	0.297176	0.051419
215	C	0.22934	0.033438
216	A	0.020224	0.016882
217	G	0.098362	0.035649
218	C	0.403964	0.106305
219	U	0.574808	0.030054
220	U	0.70273	0.055702
221	C	0.206504	0.037345
222	C	1.07055	0.156556
223	U	0.147873	0.030674
224	U	0.041915	0.024864
225	G	nan	nan
226	A	0.344913	0.033958
227	C	0.203503	0.030421
228	U	1.071487	0.035677
229	C	0.113385	0.053916
230	A	0.111434	0.019669
231	G	0.338559	0.046447
232	C	0.126085	0.042766
233	U	0.286635	0.031617
234	G	0.025367	0.040917
235	A	0.519173	0.033762
236	G	0.670126	0.057688
237	A	0.648844	0.032293
238	A	0.739341	0.033797
239	U	0.375603	0.060456
240	C	0.432785	0.052637
241	C	nan	nan
242	C	0.053021	0.08795
243	U	0.876527	0.046587
244	C	0.205992	0.051229
245	A	0.899315	0.040149
246	A	0.389301	0.032414
247	G	0.54908	0.05797
248	U	0.206737	0.033331
249	U	0.76887	0.034475
250	G	1.389464	0.044055
251	U	0.386793	0.039241
252	G	0.433716	0.060829
253	G	0.193454	0.062693
254	A	1.326898	0.058449
255	G	0.009135	0.047468
256	A	0.495124	0.033269
257	U	0.431101	0.034178
258	G	0.308275	0.058771
259	C	0.238122	0.047837
260	A	0.180311	0.02146
261	U	0.830686	0.036602
262	A	0.607216	0.029723
263	C	0.299911	0.060566
264	A	0.22465	0.030335
265	A	1.91026	0.043604
266	A	0.423496	0.036075
267	C	0.263779	0.030597
268	U	0.440681	0.034582
269	G	0.525606	0.054682
270	U	0.739128	0.037349
271	U	0.39927	0.02698
272	G	1.014484	0.064149
273	A	0.644922	0.03089
274	A	0.376025	0.031638
275	U	1.105116	0.035393
276	A	0.183308	0.026229
277	C	0.181787	0.036687
278	A	0.109868	0.020964
279	G	0.655754	0.05485
280	A	0.611124	0.082204
281	U	0.435368	0.051533
282	U	1.108023	0.038239
283	U	0.180003	0.028801
284	U	0.605163	0.0281
285	G	0.328637	0.043278
286	C	0.119202	0.044214
287	U	0.490588	0.026386
288	A	0.801569	0.033004
289	G	0.608783	0.039828
290	U	0.924801	0.044411
291	A	0.818859	0.045167
292	A	1.233437	0.037467
293	A	0.425445	0.06464
294	G	0.591425	0.040506
295	U	0.559162	0.044207
296	C	0.276209	0.072008
297	C	0.306481	0.083651
298	U	0.547917	0.034089
299	G	0.682818	0.066678
300	C	0.251022	0.037856
301	A	1.338019	0.045085
302	C	0.000492	0.040308
303	A	0.359328	0.02758
304	C	nan	nan
305	U	0.505849	0.051281
306	U	0.576556	0.034384
307	U	0.446258	0.053426
308	C	0.253081	0.085076
309	C	0.100193	0.047796
310	C	0.298779	0.090099
311	A	1.233595	0.041304
312	A	0.627293	0.037648
313	U	0.350652	0.036401
314	G	0.711302	0.065035
315	G	0.212009	0.047758
316	A	0.16566	0.028919
317	A	0.777113	0.040825
318	C	0.316978	0.050256
319	C	nan	nan
320	U	0.57008	0.043059
321	U	0.913302	0.065773
322	C	0.318894	0.075944
323	U	0.622518	0.044184
324	U	0.020899	0.06734
325	C	0.172836	0.037878
326	U	0.846172	0.03889
327	A	0.984074	0.036355
328	C	0.178417	0.031417
329	U	0.509305	0.072871
330	C	0.256147	0.074516
331	C	0.218566	0.103731
332	U	0.975756	0.076962
333	U	0.354427	0.027399
334	U	0.485615	0.033388
335	G	0.445461	0.077547
336	G	0.379229	0.06649
337	G	0.466981	0.086584
338	U	0.68575	0.04978
339	G	0.337893	0.056128
340	A	0.746625	0.063474
341	U	0.846769	0.052763
342	U	0.177866	0.043852
343	C	1.063209	0.062173
344	U	0.335832	0.151118
345	C	nan	nan
346	C	nan	nan
347	A	1.509826	0.050594
348	A	0.649047	0.048834
349	U	0.89835	0.051531
350	G	0.312487	0.060465
351	G	0.410624	0.060283
352	G	0.349768	0.079577
353	C	0.141329	0.064664
354	C	0.29876	0.052565
355	A	0.730104	0.037206
356	U	0.428336	0.040063
357	G	1.054565	0.050293
358	U	0.109145	0.078422
359	C	0.740282	0.060601
360	U	0.092079	0.075087
361	C	0.246099	0.052108
362	C	0.096266	0.049978
363	G	0.915128	0.086751
364	A	1.010821	0.039373
365	A	1.425905	0.052442
366	U	0.303463	0.032261
367	U	0.488226	0.033482
368	G	1.322006	0.097738
369	U	0.673752	0.055917
370	U	0.750622	0.040692
371	U	0.110696	0.034317
372	U	0.643964	0.066252
373	C	0.338317	0.056643
374	A	0.475832	0.055903
375	A	1.065114	0.038768
376	A	0.280884	0.027861
377	G	0.701273	0.079906
378	A	0.235775	0.024979
379	A	1.124462	0.050383
380	U	0.772156	0.035192
381	U	0.093183	0.050007
382	C	0.356094	0.140772
383	U	1.047509	0.050194
384	U	0.293806	0.024623
385	U	0.389495	0.023092
386	G	0.501007	0.055934
387	G	0.755255	0.038999
388	U	0.286744	0.028748
389	C	0.398192	0.064126
390	A	0.745258	0.025066
391	U	0.464889	0.026547
392	G	0.918519	0.034077
393	U	0.161692	0.061045
394	C	0.299266	0.119549
395	U	0.315345	0.041267
396	U	1.31729	0.036891
397	U	0.072121	0.040018
398	C	0.640214	0.04371
399	U	0.319364	0.052388
400	C	0.195436	0.048279
401	C	0.347623	0.204031
402	U	0.486091	0.040452
403	U	0.278854	0.027715
404	G	0.411575	0.047699
405	A	0.205865	0.019737
406	C	0.182817	0.021746
407	A	0.465443	0.034285
408	G	1.006067	0.042111
409	A	0.378893	0.032416
410	G	0.332949	0.056617
411	G	nan	nan
412	A	0.349637	0.02722
413	C	0.318735	0.031396
414	U	0.631602	0.045623
415	C	0.302998	0.048633
416	G	0.669426	0.053801
417	G	1.229649	0.054912
418	C	0.111892	0.073693
419	C	0.185659	0.062004
420	U	0.31017	0.040306
421	C	nan	nan
422	A	0.465474	0.027718
423	A	0.370557	0.033541
424	U	0.269403	0.026459
425	C	0.481052	0.041078
426	A	0.651621	0.025122
427	U	0.567707	0.026269
428	G	0.710826	0.042861
429	C	0.269552	0.057283
430	U	0.322612	0.056663
431	U	1.139803	0.044351
432	U	0.225144	0.026167
433	C	0.021853	0.043169
434	A	0.920336	0.028838
435	A	2.235173	0.054715
436	U	1.040803	0.053335
437	U	0.553919	0.030475
438	U	0.350324	0.020751
439	G	0.497088	0.042287
440	C	0.480418	0.036792
441	U	0.198491	0.023793
442	G	0.637917	0.042858
443	A	0.335602	0.027365
444	A	1.167397	0.041713
445	G	0.903005	0.073646
446	G	0.344382	0.053412
447	G	0.164672	0.089955
448	A	0.913354	0.034025
449	U	0.162161	0.022495
450	U	0.49917	0.030135
451	G	0.303343	0.041631
452	A	0.288542	0.030507
453	A	1.637968	0.056148
454	G	0.411601	0.045152
455	A	0.28363	0.038587
456	A	0.54804	0.029553
457	G	0.531772	0.043506
458	G	0.230787	0.087498
459	C	0.095446	0.029149
460	A	1.109482	0.035489
461	G	0.442792	0.035545
462	C	0.362906	0.035826
463	G	0.57298	0.040462
464	C	nan	nan
465	C	0.048597	0.036925
466	U	0.608783	0.043502
467	C	nan	nan
468	A	1.017661	0.064944
469	U	0.205896	0.034867
470	U	0.599329	0.029669
471	U	0.273623	0.085965
472	C	0.356131	0.052648
473	C	nan	nan
474	A	0.40122	0.03672
475	U	0.717343	0.051361
476	A	1.567801	0.085852
477	C	0.493009	0.065661
478	C	0.167347	0.064382
479	C	0.139179	0.092249
480	C	0.100847	0.078277
481	A	0.634176	0.092347
482	U	0.145207	0.041987
483	U	0.421093	0.043039
484	U	0.59665	0.046444
485	C	nan	nan
486	A	0.803812	0.071544
487	U	0.553972	0.062562
488	U	0.99211	0.047896
489	U	0.103949	0.035468
490	U	0.666538	0.034797
491	G	0.172851	0.056977
492	A	0.542814	0.049552
493	U	0.104196	0.064614
494	C	0.453376	0.075794
495	U	0.347577	0.051136
496	U	0.202061	0.032573
497	G	0.511375	0.069149
498	G	0.27618	0.060039
499	A	0.517814	0.044957
500	A	0.623936	0.045531
501	G	0.463407	0.128846
502	U	0.453095	0.054217
503	U	0.228148	0.064737
504	C	0.152614	0.061977
505	C	0.16551	0.06341
506	A	1.369032	0.052988
507	U	0.081409	0.025543
508	U	0.628542	0.032993
509	G	0.59777	0.070122
510	G	0.56078	0.140873
511	U	0.830415	0.044476
512	U	0.193605	0.047651
513	C	0.360175	0.056542
514	U	0.55458	0.046812
515	C	nan	nan
516	A	1.395257	0.045423
517	C	nan	nan
518	A	0.138273	0.022103
519	U	1.588643	0.048668
520	A	0.189991	0.024306
521	C	0.300893	0.035646
522	A	0.710175	0.040338
523	G	0.563442	0.056312
524	G	0.053563	0.053596
525	A	0.917744	0.039038
526	A	0.167763	0.027686
527	C	0.129604	0.042484
528	A	0.488062	0.03723
529	U	0.593867	0.040079
530	G	1.386914	0.071533
531	G	nan	nan
532	G	0.685967	0.053814
533	U	0.222478	0.056264
534	C	0.227812	0.158202
535	U	0.38896	0.038986
536	U	0.709176	0.038882
537	G	0.822394	0.05729
538	A	0.288924	0.030852
539	U	0.835229	0.038286
540	A	0.409585	0.029949
541	C	0.40539	0.044525
542	U	0.485446	0.036007
543	U	0.681244	0.036951
544	G	0.294874	0.054043
545	G	0.294904	0.082866
546	C	nan	nan
547	C	nan	nan
548	U	0.325498	0.032537
549	A	0.82688	0.054657
550	U	0.184666	0.03716
551	U	0.354872	0.030148
552	G	0.354643	0.063584
553	C	0.098066	0.049402
554	A	0.33391	0.02893
555	G	0.736362	0.069303
556	U	0.318256	0.047993
557	U	0.761566	0.039237
558	C	0.254381	0.050176
559	G	1.071875	0.045507
560	U	0.62051	0.031432
561	A	0.88039	0.03647
562	G	0.444771	0.049813
563	G	0.430235	0.058351
564	A	0.694111	0.039844
565	G	0.222184	0.052176
566	C	0.318821	0.038826
567	A	0.430995	0.025723
568	U	1.171302	0.04277
569	A	1.187166	0.038702
570	U	0.738181	0.066623
571	C	0.031577	0.055196
572	C	0.07088	0.056171
573	C	nan	nan
574	C	0.233219	0.070396
575	U	0.284627	0.034185
576	A	1.494519	0.058574
577	U	0.269682	0.040637
578	U	0.522241	0.033241
579	U	0.485411	0.033233
580	C	0.236947	0.048151
581	A	0.679649	0.032805
582	A	0.513745	0.036394
583	G	0.103227	0.10249
584	G	0.592553	0.065592
585	A	0.144071	0.025457
586	C	1.107208	0.045665
587	A	0.042127	0.020771
588	C	0.264026	0.031817
589	A	1.155054	0.038889
590	A	0.216031	0.023374
591	U	0.915431	0.054604
592	A	0.287138	0.027706
593	C	0.365045	0.036863
594	U	1.235413	0.046705
595	U	0.071177	0.056405
596	C	0.407208	0.046861
597	U	0.69055	0.06339
598	C	nan	nan
599	C	nan	nan
600	C	nan	nan
601	A	0.519287	0.035704
602	C	0.063304	0.049507
603	U	1.332766	0.043842
604	U	0.076145	0.030777
605	G	1.796103	0.052905
606	U	0.024945	0.047476
607	G	0.061979	0.025027
608	U	0.138825	0.035212
609	G	0.234809	0.039656
610	G	0.181386	0.05964
611	C	nan	nan
612	U	0.293339	0.070295
613	C	0.029197	0.049796
614	U	0.441866	0.030712
615	A	0.347575	0.032088
616	A	0.88338	0.036061
617	U	0.275934	0.053341
618	C	0.381216	0.039417
619	U	0.646664	0.037357
620	G	0.397697	0.061237
621	G	nan	nan
622	G	0.147966	0.051131
623	A	0.461833	0.036925
624	U	0.429571	0.037476
625	C	0.274024	0.048776
626	A	0.425281	0.038843
627	G	0.911364	0.040501
628	U	0.669666	0.036891
629	A	1.11643	0.049044
630	A	1.240404	0.048849
631	G	0.441782	0.096756
632	G	0.222533	0.057555
633	G	1.561148	0.277784
634	A	0.680523	0.03751
635	A	0.861904	0.033454
636	A	0.236269	0.020762
637	A	0.271194	0.041508
638	U	0.45502	0.033255
639	U	0.291033	0.205571
640	C	nan	nan
641	C	0.195424	0.056245
642	A	0.288205	0.028893
643	U	0.315083	0.030576
644	G	0.333887	0.043191
645	C	0.19859	0.080616
646	U	0.960461	0.043276
647	C	nan	nan
648	A	1.071505	0.040148
649	C	0.61487	0.106496
650	A	0.261192	0.030759
651	A	0.781537	0.032365
652	A	0.044628	0.019816
653	A	0.571121	0.042759
654	U	0.692397	0.040688
655	U	0.398934	0.036428
656	C	0.058394	0.046393
657	A	0.506873	0.050875
658	C	0.434088	0.042043
659	C	nan	nan
660	A	1.02379	0.039005
661	C	0.072505	0.03146
662	A	0.850716	0.033748
663	U	0.810097	0.041086
664	C	nan	nan
665	A	0.6039	0.033748
666	G	0.560312	0.038843
667	U	0.547577	0.03674
668	G	0.058657	0.095762
669	U	0.182489	0.036195
670	C	0.205718	0.083074
671	A	0.608522	0.04289
672	U	0.393668	0.034067
673	U	0.463745	0.040081
674	C	1.014824	0.101753
675	C	0.256671	0.04753
676	U	0.835279	0.045076
677	C	0.03278	0.053021
678	A	0.157055	0.030303
679	G	0.493439	0.052039
680	A	0.479379	0.046661
681	U	0.799318	0.045484
682	G	0.452621	0.066102
683	A	0.678991	0.07589
684	G	0.227826	0.061725
685	A	0.485452	0.055243
686	C	0.238406	0.088972
687	C	0.194984	0.051167
688	U	1.063233	0.100175
689	C	0.151952	0.062948
690	C	0.077919	0.079173
691	C	nan	nan
692	C	1.483268	0.484285
693	U	0.290779	0.054448
694	U	0.679416	0.042066
695	U	0.174522	0.038777
696	A	0.472979	0.04535
697	U	0.14353	0.024072
698	G	0.9261	0.077701
699	A	nan	nan
700	U	0.083565	0.047681
701	G	0.209428	0.051806
702	A	0.903383	0.067541
703	A	0.286461	0.043758
704	U	nan	nan
705	C	nan	nan
706	C	0.829789	0.0765
707	A	0.122408	0.022325
708	U	2.002744	0.076541
709	A	0.134289	0.022378
710	U	0.494303	0.055714
711	A	0.752277	0.039531
712	A	1.090413	0.046057
713	A	0.92069	0.070159
714	U	0.538832	0.058895
715	U	0.177974	0.024872
716	U	0.328928	0.038947
717	G	1.446134	0.05575
718	U	0.140094	0.103473
719	C	1.083246	0.175612
720	U	1.739907	0.062891
721	U	0.439197	0.060285
722	C	0.439445	0.04925
723	C	0.231965	0.087412
724	G	0.870729	0.057208
725	U	0.884188	0.059757
726	C	0.063947	0.062872
727	G	0.39728	0.04664
728	U	0.556769	0.061143
729	C	0.089556	0.052691
730	C	0.125883	0.32414
731	U	0.825955	0.050501
732	U	0.827063	0.074002
733	C	0.418071	0.103078
734	U	0.962616	0.077983
735	U	0.134537	0.039777
736	U	0.370868	0.038729
737	G	0.306036	0.073137
738	G	0.750685	0.061189
739	U	0.377607	0.04903
740	C	nan	nan
741	C	0.111792	0.062096
742	U	0.627986	0.047386
743	G	0.274391	0.089377
744	C	0.186301	0.067589
745	A	1.116019	0.050424
746	C	0.376377	0.078605
747	U	0.5553	0.045025
748	U	0.435743	0.035121
749	G	0.580913	0.063335
750	C	0.144764	0.074225
751	U	0.960763	0.047057
752	U	0.253084	0.031625
753	A	0.894431	0.048185
754	U	0.331646	0.046231
755	C	0.350846	0.064529
756	A	1.35984	0.055948
757	U	0.141175	0.039616
758	U	0.474962	0.043376
759	G	0.468352	0.064571
760	G	nan	nan
761	A	1.036884	0.050934
762	A	0.52627	0.042392
763	U	0.211047	0.045049
764	C	0.142404	0.068784
765	A	0.523265	0.08209
766	A	0.828608	0.048668
767	C	0.265537	0.061637
768	U	0.303646	0.047552
769	G	0.707729	0.111909
770	A	0.660202	0.047536
771	A	1.039146	0.045183
772	A	0.17332	0.031118
773	A	0.363755	0.035469
774	U	0.658596	0.04882
775	C	0.605655	0.06657
776	A	0.097559	0.029814
777	U	0.006882	0.145256
778	C	0.79682	0.067669
779	C	0.066455	0.073441
780	A	0.860548	0.048018
781	U	0.247481	0.038228
782	G	0.756382	0.076628
783	G	0.526845	0.076993
784	C	0.174749	0.055546
785	A	1.152824	0.050634
786	G	0.057758	0.101261
787	C	0.115025	0.087989
788	A	0.236927	0.039793
789	G	0.643866	0.065713
790	A	1.685245	0.0583
791	A	0.048836	0.024034
792	G	0.598159	0.055332
793	A	0.256763	0.039604
794	A	0.280019	0.031465
795	G	0.600626	0.0589
796	C	0.209906	0.034348
797	G	1.236911	0.064963
798	U	0.241129	0.031529
799	U	0.606442	0.04587
800	G	1.217902	0.070553
801	A	1.081399	0.045852
802	G	0.934233	0.04485
803	U	1.231486	0.053782
804	A	0.717776	0.048099
805	A	1.308289	0.056365
806	A	0.143867	0.034854
807	G	0.614336	0.056638
808	C	0.308186	0.038723
809	U	0.524676	0.037068
810	G	1.982848	0.069698
811	U	0.076876	0.020899
812	G	1.422166	0.109188
813	U	0.384999	0.04341
814	U	1.079653	0.039237
815	U	0.258184	0.024979
816	A	0.85881	0.039943
817	U	0.397982	0.032638
818	G	1.222059	0.047872
819	U	0.070785	0.035638
820	A	1.160559	0.039833
821	U	0.118438	0.048761
822	A	0.32922	0.025812
823	C	0.168488	0.031785
824	U	0.924039	0.066795
825	C	0.128835	0.056468
826	C	0.102411	0.046696
827	C	0.555915	0.076567
828	U	0.658381	0.042234
829	U	0.722298	0.038495
830	C	0.183457	0.040336
831	A	0.80911	0.03479
832	U	0.302872	0.029729
833	U	1.055357	0.036921
834	A	0.867882	0.054615
835	U	0.472775	0.03059
836	G	2.379917	0.054593
837	U	0.198399	0.025931
838	A	1.325337	0.04775
839	U	0.597288	0.033841
840	U	0.334907	0.044612
841	C	0.283845	0.042596
842	U	0.465063	0.031308
843	G	1.00876	0.059554
844	U	0.526292	0.044905
845	U	0.396213	0.029121
846	G	0.867217	0.061998
847	C	0.282647	0.078895
848	C	nan	nan
849	C	nan	nan
850	U	0.664838	0.034299
851	G	0.512779	0.059249
852	C	0.009585	0.050631
853	A	0.553068	0.030334
854	G	0.217471	0.037541
855	C	0.124364	0.058741
856	G	0.985527	0.061892
857	A	0.742507	0.035832
858	G	0.417685	0.055737
859	A	0.10955	0.024865
860	C	0.897676	0.039613
861	A	0.173068	0.023193
862	C	0.231979	0.086046
863	U	0.487378	0.034599
864	U	0.483158	0.03649
865	C	0.017733	0.043885
866	A	0.107045	0.026476
867	G	0.463842	0.053802
868	C	0.181385	0.04719
869	U	0.672666	0.03351
870	G	0.60432	0.039174
871	U	0.601819	0.057547
872	A	0.229507	0.036111
873	A	1.446965	0.044788
874	A	0.112992	0.018824
875	A	0.16436	0.020741
876	U	2.115486	0.052861
877	A	0.085095	0.018594
878	A	1.120561	0.04727
879	U	0.696098	0.046282
880	U	0.843238	0.050748
881	C	0.009494	0.055708
882	C	0.726976	0.073167
883	U	0.439434	0.048976
884	C	0.074874	0.057678
885	C	0.000179	0.061619
886	U	0.658284	0.04969
887	C	0.130972	0.044723
888	A	0.629832	0.035434
889	U	0.517755	0.033612
890	G	0.976989	0.047068
891	C	0.213076	0.043468
892	U	0.922508	0.048123
893	U	0.17415	0.037399
894	G	0.231776	0.064654
895	C	nan	nan
896	A	1.456458	0.047855
897	A	0.389687	0.028882
898	U	1.763877	0.062062
899	A	0.893423	0.039079
900	U	0.306949	0.025411
901	G	0.316716	0.062795
902	C	0.186114	0.033223
903	U	0.815655	0.039467
904	C	nan	nan
905	G	0.456123	0.059421
906	A	0.768166	0.047037
907	U	0.251308	0.026522
908	U	1.602931	0.052887
909	G	nan	nan
910	G	0.150643	0.086159
911	G	nan	nan
912	G	0.082153	0.041037
913	C	0.00609	0.069321
914	G	0.016121	0.064485
915	A	0.149494	0.036136
916	C	0.0878	0.034762
917	A	1.440872	0.052138
918	U	0.340477	0.064602
919	C	0.496603	0.077852
920	U	0.853853	0.050388
921	U	0.68124	0.073787
922	C	0.02355	0.057747
923	C	nan	nan
924	C	0.108012	0.090995
925	C	nan	nan
926	U	0.224263	0.083293
927	A	0.930642	0.044148
928	U	0.209985	0.067566
929	C	0.265331	0.059884
930	U	0.356818	0.046013
931	C	0.012664	0.059291
932	A	1.218837	0.049753
933	U	0.690749	0.041561
934	C	0.297836	0.047726
935	G	0.644606	0.066648
936	A	0.525017	0.034959
937	G	0.30108	0.201293
938	U	0.540028	0.052877
939	U	0.027717	0.248687
940	C	nan	nan
941	U	0.147576	0.031077
942	A	0.594978	0.040672
943	U	0.177523	0.069764
944	C	0.60525	0.050488
945	C	nan	nan
946	A	0.103116	0.024986
947	G	0.631688	0.063379
948	C	0.369109	0.063329
949	U	0.470537	0.043714
950	U	0.340298	0.036901
951	G	0.287853	0.069538
952	A	0.386507	0.033403
953	A	0.457526	0.031472
954	U	0.373619	0.042009
955	C	nan	nan
956	A	0.131501	0.028687
957	G	1.957543	0.061048
958	U	0.129776	0.05373
959	C	0.513497	0.063406
960	A	0.795642	0.038779
961	A	1.014321	0.041579
962	U	1.036128	0.045867
963	U	0.272114	0.035272
964	C	0.036867	0.078158
965	A	0.754118	0.041842
966	C	0.120286	0.02545
967	A	0.768691	0.038356
968	A	0.218936	0.024175
969	G	1.017643	0.068267
970	C	0.203751	0.110109
971	C	0.296211	0.056059
972	U	0.472717	0.035881
973	U	0.450485	0.034549
974	G	0.884986	0.064018
975	U	0.346058	0.105439
976	U	0.110686	0.025364
977	G	0.227308	0.05929
978	A	0.440435	0.030182
979	A	0.272426	0.041401
980	U	0.181815	0.032955
981	U	0.131576	0.031699
982	C	0.375305	0.105194
983	A	0.598511	0.032165
984	C	0.435919	0.087857
985	U	1.012836	0.06931
986	U	0.231038	0.041702
987	U	0.429959	0.036117
988	G	0.17576	0.059066
989	G	0.066097	0.058215
990	A	0.254015	0.033644
991	U	0.275437	0.075415
992	C	0.522282	0.101507
993	C	nan	nan
994	A	0.424616	0.028156
995	A	0.871388	0.038244
996	C	0.169617	0.074506
997	U	0.451593	0.039532
998	U	0.556029	0.043967
999	G	0.892363	0.053218
1000	C	0.186436	0.032072
1001	U	0.424477	0.037866
1002	A	0.435993	0.037406
1003	G	0.801134	0.041022
1004	U	0.800013	0.081599
1005	G	0.333107	0.049149
1006	A	0.763653	0.037361
1007	U	0.245746	0.058437
1008	C	0.365251	0.106656
1009	U	0.925859	0.082416
1010	U	0.292181	0.028007
1011	U	0.475795	0.027657
1012	G	1.370049	0.058483
1013	U	0.201243	0.031423
1014	U	0.768437	0.046654
1015	C	0.13965	0.050284
1016	U	0.517896	0.030917
1017	G	0.332679	0.046797
1018	G	0.111451	0.046221
1019	C	0.146941	0.040867
1020	U	0.784225	0.041925
1021	C	nan	nan
1022	A	1.669262	0.043025
1023	U	0.608152	0.045872
1024	C	0.372161	0.041794
1025	G	0.998243	0.059797
1026	C	0.213958	0.046647
1027	U	0.430376	0.033648
1028	G	0.445142	0.039585
1029	U	nan	nan
1030	C	0.038691	0.054991
1031	A	0.151749	0.024341
1032	U	1.055017	0.037142
1033	A	0.57485	0.036366
1034	C	0.369001	0.031736
1035	U	0.571759	0.03217
1036	G	1.792228	0.10497
1037	U	0.16986	0.040796
1038	U	0.5301	0.03826
1039	U	0.246057	0.030132
1040	C	0.073734	0.085531
1041	A	0.100448	0.030169
1042	A	1.350776	0.042055
1043	A	1.451634	0.04447
1044	U	0.471689	0.055447
1045	C	0.09633	0.044431
1046	G	0.618673	0.068733
1047	C	0.123136	0.058741
1048	U	0.022603	0.023758
1049	G	0.146702	0.058394
1050	A	0.215993	0.024942
1051	C	0.254578	0.028036
1052	A	0.585541	0.031116
1053	U	0.620419	0.071098
1054	C	0.112669	0.055349
1055	C	0.112025	0.21635
1056	U	0.229677	0.042926
1057	U	0.252924	0.032335
1058	G	0.688446	0.06037
1059	C	0.171785	0.04616
1060	A	0.923214	0.037718
1061	A	0.673729	0.034664
1062	U	0.346985	0.055392
1063	C	0.731295	0.112561
1064	U	1.165077	0.049211
1065	U	0.225393	0.037066
1066	C	nan	nan
1067	A	0.696403	0.048708
1068	A	0.642216	0.032095
1069	A	0.263476	0.067835
1070	G	1.04693	0.046181
1071	U	0.11034	0.134522
1072	C	0.062693	0.076128
1073	C	0.048722	0.067709
1074	A	0.922883	0.04187
1075	C	0.539821	0.124431
1076	U	0.075477	0.052248
1077	U	1.366797	0.047909
1078	U	0.10388	0.055242
1079	C	1.351764	0.06193
1080	U	0.117917	0.057646
1081	C	0.368978	0.062997
1082	U	0.67278	0.039663
1083	G	0.772277	0.086981
1084	G	0.790517	0.049412
1085	U	0.244058	0.035934
1086	G	0.413078	0.059515
1087	C	0.230295	0.062674
1088	C	nan	nan
1089	A	0.656332	0.037015
1090	U	1.145625	0.057502
1091	G	1.130485	0.086293
1092	U	1.071578	0.071923
1093	U	0.284584	0.045143
1094	C	0.731363	0.071355
1095	U	0.508904	0.044876
1096	C	nan	nan
1097	A	0.517907	0.035693
1098	C	0.18172	0.034702
1099	C	0.005732	0.081501
1100	A	0.267393	0.037234
1101	A	0.321766	0.045427
1102	G	0.546889	0.048965
1103	U	0.271135	0.045377
1104	G	1.027965	0.079181
1105	C	0.27378	0.077021
1106	C	0.081845	0.088235
1107	C	0.079889	0.086875
1108	A	0.797942	0.052238
1109	C	0.174651	0.075814
1110	U	0.428752	0.082361
1111	U	0.325029	0.037515
1112	U	0.320495	0.062112
1113	A	1.001996	0.048266
1114	A	1.5889	0.064642
1115	U	0.300409	0.04057
1116	U	0.20673	0.029279
1117	G	0.216708	0.061663
1118	G	0.355788	0.063573
1119	C	0.68962	0.123114
1120	U	0.383107	0.04698
1121	U	0.714096	0.04885
1122	G	2.597539	0.186311
1123	U	0.903111	0.08039
1124	U	0.940138	0.051122
1125	U	0.184445	0.043782
1126	U	0.264389	0.052878
1127	C	1.026061	0.102036
1128	U	0.761572	0.053256
1129	U	0.131092	0.036997
1130	C	0.33167	0.061149
1131	A	1.483331	0.063369
1132	U	0.256242	0.035494
1133	G	nan	nan
1134	U	0.864215	0.106918
1135	U	0.329609	0.049299
1136	U	0.180107	0.037518
1137	U	0.043673	0.027421
1138	U	0.863805	0.04771
1139	U	0.186275	0.031129
1140	G	2.686398	0.220564
1141	U	0.834412	0.08892
1142	U	0.490103	0.060978
1143	U	0.057528	0.047751
1144	U	0.187788	0.030923
1145	U	0.249948	0.033519
1146	G	0.216829	0.07924
1147	G	0.090974	0.070462
1148	A	1.058582	0.062495
1149	A	0.969298	0.059069
1150	U	0.190655	0.069869
1151	C	0.935231	0.148592
1152	U	2.488993	0.085309
1153	U	0.044762	0.071256
1154	C	1.433235	0.08309
1155	U	0.043102	0.068589
1156	C	0.220585	0.627492
1157	U	1.911814	0.083545
1158	U	0.117586	0.036025
1159	C	0.23009	0.061794
1160	A	2.676509	0.102713
1161	U	0.884786	0.079819
1162	U	0.446194	0.046765
1163	U	0.116115	0.032721
1164	U	0.309146	0.046785
1165	C	0.084905	0.085084
1166	A	1.228838	0.063776
1167	A	0.215104	0.056977
1168	U	1.090049	0.081194
1169	A	0.605791	0.053623
1170	U	0.480767	0.064104
1171	C	0.098066	0.094379
1172	C	0.307556	0.093503
1173	U	0.327382	0.055318
1174	G	0.542024	0.11079
1175	C	0.054317	0.067098
1176	A	0.475627	0.049276
1177	G	0.128084	0.100936
1178	C	0.121547	0.05395
1179	U	1.085924	0.08423
1180	C	0.081991	0.059557
1181	U	0.300146	0.042849
1182	G	0.313111	0.067834
1183	C	0.14398	0.046549
1184	U	0.459851	0.047601
1185	A	0.467903	0.041314
1186	G	0.083732	0.121193
1187	C	0.193712	0.046305
1188	A	1.124186	0.0553
1189	C	0.55145	0.057685
1190	U	0.378382	0.048147
1191	U	0.367361	0.054942
1192	G	0.409123	0.065069
1193	C	0.133816	0.057958
1194	U	0.747373	0.061644
1195	U	1.051378	0.106597
1196	C	0.339761	0.070721
1197	C	0.116968	0.093324
1198	A	0.240906	0.043475
1199	A	0.217711	0.031541
1200	G	0.959181	0.082811
1201	C	0.066992	0.080606
1202	C	0.354412	0.064368
1203	A	0.654478	0.048838
1204	G	0.508187	0.09008
1205	G	0.656776	0.10094
1206	A	1.165205	0.062296
1207	G	0.304299	0.078242
1208	A	0.490697	0.041368
1209	U	0.951301	0.058189
1210	A	1.137714	0.052897
1211	A	1.130716	0.057986
1212	U	0.238221	0.031208
1213	U	1.417333	0.066847
1214	G	nan	nan
1215	G	nan	nan
1216	G	nan	nan
1217	G	0.871945	0.402673
1218	U	1.298029	0.067404
1219	U	1.033369	0.048354
1220	U	0.300777	0.040987
1221	A	1.223061	0.044109
1222	U	0.575118	0.080776
1223	C	0.001997	0.098224
1224	C	0.028839	0.07147
1225	C	0.076665	0.103354
1226	C	nan	nan
1227	U	0.287633	0.058762
1228	U	0.175125	0.037054
1229	U	0.074094	0.035819
1230	U	0.655633	0.038462
1231	C	nan	nan
1232	A	0.432613	0.029906
1233	U	0.426345	0.03887
1234	G	1.077846	0.053146
1235	U	0.292562	0.047747
1236	G	0.675825	0.072627
1237	G	0.291676	0.084562
1238	C	0.087771	0.148494
1239	U	0.259964	0.036683
1240	U	0.143705	0.03225
1241	G	nan	nan
1242	A	0.099941	0.028585
1243	C	0.219769	0.042366
1244	A	0.862116	0.041013
1245	A	0.512343	0.033848
1246	U	0.393655	0.035248
1247	G	1.594461	0.067424
1248	U	0.261851	0.033536
1249	U	0.425052	0.050171
1250	A	1.740646	0.055722
1251	G	0.224013	0.047557
1252	G	0.065305	0.042493
1253	C	0.027175	0.034278
1254	U	0.720909	0.067614
1255	C	0.245542	0.147347
1256	U	0.442153	0.064018
1257	U	0.949226	0.043901
1258	U	0.171409	0.085621
1259	C	0.466527	0.0539
1260	C	0.084586	0.052955
1261	A	0.108006	0.025023
1262	G	0.270605	0.065642
1263	C	0.068794	0.029485
1264	C	0.290539	0.090099
1265	G	2.651056	0.360644
1266	A	1.068566	0.063101
1267	A	0.52047	0.032007
1268	A	0.177264	0.023346
1269	A	0.592083	0.076929
1270	A	0.816017	0.06095
1271	G	0.806739	0.075384
1272	G	0.771296	0.280497
1273	U	0.943657	0.064587
1274	U	0.824565	0.042237
1275	U	0.070397	0.03705
1276	U	0.368366	0.035486
1277	C	0.106355	0.048262
1278	A	0.275196	0.026891
1279	U	0.821316	0.038719
1280	A	1.488011	0.047696
1281	C	0.074554	0.024985
1282	A	1.188148	0.05815
1283	U	0.883088	0.054056
1284	U	0.143823	0.023651
1285	U	0.42943	0.029963
1286	G	0.409192	0.063663
1287	A	0.691189	0.041944
1288	U	0.282813	0.035172
1289	U	0.420943	0.026961
1290	G	0.412776	0.056165
1291	C	0.058738	0.036837
1292	A	0.655603	0.035258
1293	U	1.075099	0.051664
1294	C	nan	nan
1295	A	0.290084	0.02852
1296	U	1.213636	0.045177
1297	A	1.183227	0.04549
1298	C	0.32839	0.035158
1299	A	0.370505	0.028175
1300	G	1.116694	0.057608
1301	C	0.455067	0.064713
1302	G	0.669076	0.081506
1303	G	0.343253	0.046167
1304	U	0.452122	0.039935
1305	A	1.393743	0.059126
1306	U	0.226285	0.029756
1307	U	0.662836	0.06399
1308	C	0.121303	0.061588
1309	C	0.127178	0.074336
1310	C	0.311676	0.091174
1311	U	0.432306	0.059973
1312	C	0.082669	0.055027
1313	G	0.585175	0.069553
1314	C	0.137318	0.053716
1315	C	0.091607	0.132603
1316	C	0.103713	0.110519
1317	U	1.299977	0.063125
1318	C	0.17635	0.048813
1319	A	0.619414	0.041735
1320	U	0.171273	0.037406
1321	G	0.073083	0.078994
1322	A	0.195871	0.042549
1323	C	0.14007	0.034679
1324	U	0.785328	0.049261
1325	C	0.326697	0.072863
1326	G	1.735067	0.089695
1327	G	0.284929	0.069977
1328	G	0.550091	0.057489
1329	U	0.769096	0.091409
1330	C	0.02257	0.089562
1331	C	0.934589	0.083629
1332	U	0.463442	0.052293
1333	C	0.192655	0.062753
1334	A	1.600316	0.055881
1335	A	0.660051	0.044923
1336	U	0.460083	0.036103
1337	G	0.812992	0.070346
1338	C	0.245073	0.055696
1339	U	0.899911	0.069174
1340	A	0.999831	0.044189
1341	A	1.205333	0.04761
1342	G	0.387945	0.046177
1343	C	0.643428	0.069369
1344	U	1.939812	0.064833
1345	U	1.807225	0.062125
1346	C	0.35987	0.049835
1347	A	0.424691	0.040439
1348	G	1.941922	0.101341
1349	A	0.251673	0.038778
1350	G	0.621188	0.066374
1351	C	0.190254	0.046328
1352	A	2.254336	0.062
1353	U	0.321448	0.065766
1354	C	0.169068	0.049212
1355	C	nan	nan
1356	A	0.689303	0.038964
1357	U	0.677009	0.043804
1358	C	0.029555	0.052125
1359	A	0.109069	0.022735
1360	G	0.600306	0.06972
1361	C	0.063163	0.031712
1362	A	0.349422	0.041075
1363	G	0.271828	0.060731
1364	G	0.207758	0.149933
1365	A	0.415386	0.032695
1366	A	0.580569	0.114314
1367	U	0.591499	0.066427
1368	U	0.33306	0.038804
1369	U	0.17693	0.026334
1370	U	0.648757	0.039345
1371	G	0.941618	0.076556
1372	A	0.490885	0.034908
1373	U	0.527886	0.043566
1374	C	0.213545	0.071875
1375	G	0.184071	0.07393
1376	C	0.076926	0.032694
1377	U	0.302942	0.03569
1378	G	0.369336	0.056636
1379	A	1.599506	0.052805
1380	G	0.044781	0.090995
1381	A	0.260777	0.034263
1382	G	1.159811	0.082348
1383	C	0.199019	0.059476
1384	A	0.963161	0.0472
1385	G	0.41447	0.087527
1386	G	0.725172	0.068423
1387	G	0.652333	0.056668
1388	A	0.655115	0.041786
1389	G	0.196289	0.046677
1390	G	1.483268	0.597465
1391	C	0.035287	0.064664
1392	C	nan	nan
1393	C	nan	nan
1394	U	0.301805	0.042094
1395	U	0.370202	0.056871
1396	C	0.221353	0.040931
1397	U	0.39761	0.02936
1398	G	0.447093	0.099235
1399	G	0.277835	0.041198
1400	U	0.281266	0.026506
1401	A	0.457311	0.028365
1402	A	0.627976	0.032567
1403	U	0.229444	0.075471
1404	C	0.273063	0.043843
1405	U	0.584058	0.038572
1406	G	0.38845	0.086607
1407	A	1.508684	0.053302
1408	G	0.013518	0.063165
1409	A	0.470104	0.051446
1410	G	nan	nan
1411	G	0.014993	0.115762
1412	G	nan	nan
1413	C	nan	nan
1414	G	0.125585	0.041926
1415	U	0.244193	0.055376
1416	G	4.483325	0.116906
1417	G	4.340795	0.08848
1418	U	1.470128	0.056234
1419	G	1.24098	0.130883
1420	U	0.842329	0.049377
1421	U	0.255704	0.030649
1422	G	1.19423	0.049711
1423	U	0.052351	0.097575
1424	C	0.249031	0.127294
1425	U	1.126456	0.048392
1426	U	0.080133	0.025524
1427	C	0.420629	0.112156
1428	A	0.458856	0.051583
1429	A	1.351907	0.06427
1430	A	0.673192	0.038938
1431	A	0.105804	0.01565
1432	A	0.802803	0.035911
1433	U	0.64636	0.03521
1434	G	0.46973	0.089797
1435	G	0.63502	0.093717
1436	U	0.519726	0.042435
1437	U	0.567462	0.048873
1438	C	0.21621	0.057857
1439	A	0.741711	0.034676
1440	A	1.496942	0.050986
1441	U	0.502581	0.03305
1442	U	0.176145	0.038668
1443	C	0.474482	0.072542
1444	U	0.889975	0.046512
1445	U	0.738389	0.039553
1446	G	0.622712	0.056583
1447	C	0.131597	0.030409
1448	A	1.543352	0.065256
1449	U	0.375926	0.043209
1450	U	0.169221	0.02521
1451	U	0.276429	0.025739
1452	A	0.497459	0.029327
1453	C	0.287857	0.037637
1454	U	0.726046	0.035945
1455	U	0.573674	0.063964
1456	C	0.352643	0.052667
1457	C	0.090497	0.105831
1458	U	0.505684	0.034441
1459	U	0.134315	0.032265
1460	G	0.252358	0.056765
1461	G	0.218558	0.056534
1462	A	0.24472	0.031483
1463	C	0.314026	0.031338
1464	A	1.240395	0.087542
1465	U	0.606353	0.051149
1466	U	0.292594	0.028004
1467	U	0.773634	0.035439
1468	G	0.270447	0.050382
1469	A	1.014574	0.042524
1470	G	1.199226	0.083682
1471	A	0.181877	0.074717
1472	A	0.841882	0.036463
1473	A	0.222116	0.037042
1474	G	0.638238	0.049184
1475	C	0.611324	0.240603
1476	U	0.43944	0.042046
1477	U	0.945468	0.040263
1478	G	0.563548	0.054695
1479	C	0.164683	0.044777
1480	C	0.125934	0.071216
1481	C	0.261062	0.081086
1482	U	0.428179	0.049916
1483	C	0.174851	0.065302
1484	A	0.431851	0.035925
1485	A	0.47102	0.033275
1486	U	0.646066	0.035916
1487	G	0.741068	0.054969
1488	C	0.099901	0.035506
1489	A	0.525187	0.035739
1490	G	0.528867	0.060121
1491	C	0.099267	0.042898
1492	C	0.288421	0.076286
1493	G	0.949115	0.091963
1494	U	0.132562	0.039619
1495	U	1.357216	0.059001
1496	C	0.186826	0.080785
1497	G	0.715016	0.078319
1498	G	0.588727	0.10233
1499	U	0.519371	0.044621
1500	U	0.759016	0.04306
1501	C	0.089025	0.074874
1502	G	0.21065	0.081681
1503	A	0.453013	0.030882
1504	A	0.33011	0.031887
1505	U	0.283338	0.082479
1506	C	0.084551	0.044324
1507	C	0.328146	0.065805
1508	A	0.103918	0.023982
1509	U	0.277032	0.090641
1510	C	0.025105	0.050598
1511	C	0.049976	0.066813
1512	A	1.595756	0.057071
1513	C	0.039325	0.034655
1514	A	0.693844	0.035705
1515	U	0.892176	0.043217
1516	A	0.550513	0.03909
1517	G	0.456167	0.053377
1518	G	0.151741	0.069876
1519	C	nan	nan
1520	U	0.29969	0.084965
1521	C	0.154249	0.045794
1522	U	0.874439	0.052432
1523	A	0.835092	0.044978
1524	A	1.524649	0.044399
1525	A	0.520665	0.042945
1526	G	1.550931	0.069899
1527	U	0.383741	0.056269
1528	U	0.724635	0.038392
1529	U	0.064445	0.027072
1530	U	0.499249	0.035415
1531	C	0.352943	0.048671
1532	A	0.553725	0.033722
1533	A	0.325266	0.038472
1534	G	0.574596	0.054912
1535	G	0.292417	0.077278
1536	C	0.298459	0.049308
1537	U	0.72649	0.039721
1538	G	0.642398	0.069723
1539	G	0.629987	0.062826
1540	A	1.49203	0.053056
1541	G	0.57829	0.053969
1542	A	1.898158	0.053133
1543	A	0.407367	0.033387
1544	G	0.715497	0.101848
1545	U	0.656068	0.04083
1546	U	1.017114	0.042093
1547	C	0.331311	0.058687
1548	G	2.143256	0.084367
1549	G	4.194724	0.072507
1550	U	2.569543	0.067164
1551	G	1.285549	0.08593
1552	G	1.02615	0.059887
1553	G	0.189192	0.049995
1554	A	1.839187	0.057666
1555	G	0.098265	0.065605
1556	A	0.535669	0.052333
1557	C	2.685512	0.518932
1558	U	1.245492	0.060098
1559	U	0.184525	0.022097
1560	U	0.382805	0.033264
1561	G	0.465278	0.063173
1562	G	1.106901	0.081391
1563	U	0.249019	0.031576
1564	U	0.538124	0.034986
1565	G	0.364091	0.053943
1566	G	0.413153	0.046876
1567	C	0.176759	0.042418
1568	G	nan	nan
1569	A	0.220278	0.035779
1570	G	0.133919	0.178779
1571	C	nan	nan
1572	C	0.082527	0.052088
1573	U	0.679479	0.036985
1574	G	0.458653	0.051263
1575	C	0.633503	0.044251
1576	G	0.0735	0.048587
1577	C	nan	nan
1578	A	0.694847	0.033443
1579	U	0.471133	0.055886
1580	G	0.464822	0.069044
1581	G	2.155416	0.48929
1582	U	0.280498	0.042527
1583	U	0.358911	0.048143
1584	C	0.126999	0.06753
1585	C	0.169926	0.050566
1586	U	0.472153	0.039433
1587	G	0.892804	0.041857
1588	U	0.424646	0.032325
1589	A	0.978778	0.032693
1590	A	1.175726	0.052735
1591	U	0.187738	0.039744
1592	U	0.749369	0.032898
1593	U	0.38706	0.03479
1594	C	0.274848	0.065004
1595	A	0.317451	0.027725
1596	A	1.321204	0.037177
1597	A	1.645779	0.045214
1598	U	0.245969	0.057817
1599	C	0.566191	0.089461
1600	U	0.582669	0.057223
1601	U	1.585745	0.044513
1602	U	nan	nan
1603	C	3.022356	0.32491
1604	U	0.428625	0.040989
1605	U	0.175079	0.035458
1606	C	0.261826	0.045908
1607	A	0.94972	0.033795
1608	A	1.55932	0.050114
1609	U	0.241293	0.027577
1610	U	0.4451	0.030456
1611	G	1.698364	0.055979
1612	U	0.059479	0.110601
1613	C	1.202285	0.072515
1614	U	0.086514	0.086023
1615	C	0.994363	0.281024
1616	U	1.52111	0.05568
1617	U	0.640747	0.045689
1618	C	0.125454	0.04125
1619	G	0.997485	0.061822
1620	C	0.06904	0.053266
1621	C	0.069321	0.059648
1622	U	1.297076	0.074184
1623	C	nan	nan
1624	U	0.202173	0.059751
1625	C	nan	nan
1626	U	0.709698	0.042438
1627	C	0.244325	0.078635
1628	G	0.2814	0.061751
1629	G	1.094683	0.103404
1630	A	0.588651	0.056662
1631	U	0.17629	0.03029
1632	U	0.463103	0.031301
1633	G	0.234587	0.044435
1634	A	0.205521	0.031767
1635	C	0.17479	0.04773
1636	G	0.775934	0.089592
1637	A	0.469315	0.036621
1638	A	1.000745	0.044204
1639	A	0.657456	0.037996
1640	G	0.939716	0.079935
1641	G	0.593466	0.076231
1642	A	0.902019	0.037808
1643	A	0.610476	0.031802
1644	U	0.568706	0.061394
1645	C	0.144027	0.095362
1646	C	0.228383	0.072724
1647	C	nan	nan
1648	A	0.26021	0.028413
1649	G	1.797586	0.069778
1650	A	0.10362	0.028304
1651	G	0.245459	0.056339
1652	A	1.965407	0.059911
1653	C	1.79178	0.061919
1654	C	0.182633	0.046184
1655	U	1.728379	0.084839
1656	C	0.073978	0.052842
1657	U	0.629556	0.034874
1658	A	0.801081	0.055423
1659	C	0.224972	0.0337
1660	U	0.637299	0.035277
1661	G	0.43775	0.066732
1662	G	0.571943	0.072989
1663	C	0.133031	0.049331
1664	C	0.034929	0.063589
1665	A	0.762863	0.095828
1666	U	0.237234	0.053959
1667	U	0.650446	0.049423
1668	U	0.521956	0.058787
1669	C	0.230892	0.070515
1670	U	0.937962	0.042265
1671	U	0.367739	0.033004
1672	G	1.007544	0.054309
1673	U	0.027048	0.082755
1674	C	0.12682	0.058574
1675	U	0.749406	0.040515
1676	U	0.362589	0.030984
1677	A	0.958621	0.043074
1678	U	0.959858	0.040709
1679	G	1.003962	0.113016
1680	G	1.285467	0.055139
1681	U	0.668029	0.045706
1682	G	0.638183	0.082873
1683	A	1.115895	0.045464
1684	A	0.722232	0.039165
1685	U	0.295787	0.027047
1686	A	0.551873	0.040242
1687	G	1.210676	0.051111
1688	U	0.257754	0.062575
1689	C	0.404037	0.057097
1690	U	1.109895	0.043212
1691	G	0.70122	0.105414
1692	G	3.069688	0.234905
1693	U	0.812198	0.072093
1694	U	0.865783	0.048728
1695	U	0.17688	0.026003
1696	U	0.567639	0.034165
1697	G	0.203697	0.051921
1698	A	0.588837	0.036401
1699	U	0.464905	0.080361
1700	C	0.16766	0.066992
1701	C	1.153558	0.158883
1702	U	0.449208	0.045309
1703	U	0.814735	0.036789
1704	G	0.417063	0.053287
1705	C	0.163096	0.031769
1706	U	0.897181	0.077705
1707	C	0.098518	0.062693
1708	U	0.883336	0.040499
1709	A	1.264662	0.045702
1710	C	0.011306	0.034901
1711	U	1.004756	0.060676
1712	C	0.026152	0.051588
1713	U	0.061094	0.053989
1714	C	0.076665	0.065022
1715	U	1.711334	0.057055
1716	U	0.346285	0.034646
1717	C	0.360235	0.054575
1718	A	2.147949	0.055946
1719	U	0.058145	0.036182
1720	C	0.288545	0.093888
1721	A	0.723803	0.036549
1722	A	0.431213	0.029704
1723	G	1.093393	0.074127
1724	A	0.366239	0.034317
1725	G	0.24862	0.040974
1726	U	0.609429	0.056838
1727	G	0.515029	0.044143
1728	U	0.10443	0.027798
1729	A	0.786647	0.035414
1730	G	0.909749	0.046113
1731	U	0.262136	0.048942
1732	C	0.206328	0.046579
1733	U	0.411405	0.030656
1734	G	0.643788	0.073286
1735	C	nan	nan
1736	U	2.257353	0.073583
1737	U	1.02984	0.042169
1738	U	0.125547	0.021289
1739	A	0.311055	0.024526
1740	G	1.008969	0.042315
1741	U	0.809827	0.03683
1742	G	0.434829	0.083476
1743	G	0.354448	0.06338
1744	C	0.357252	0.042356
1745	C	0.198841	0.061913
1746	A	1.004869	0.123172
1747	U	0.419496	0.038943
1748	U	1.772563	0.157299
1749	U	0.459401	0.054767
1750	C	0.611723	0.061176
1751	U	0.726398	0.03599
1752	U	0.083113	0.056245
1753	C	0.716824	0.050701
1754	U	0.135337	0.056321
1755	C	0.032101	0.052048
1756	C	0.045731	0.043708
1757	A	0.304104	0.026884
1758	G	1.021991	0.065576
1759	U	0.500256	0.038393
1760	G	1.036399	0.072431
1761	A	1.058026	0.036984
1762	A	1.136045	0.037806
1763	U	0.764129	0.08209
1764	G	0.355445	0.059169
1765	A	1.17419	0.043182
1766	G	0.201027	0.043326
1767	A	1.315492	0.042597
1768	A	0.061311	0.022408
1769	G	0.71434	0.050876
1770	A	0.63788	0.034423
1771	U	0.931848	0.038483
1772	G	1.194685	0.079512
1773	U	0.483362	0.03841
1774	G	1.157964	0.071948
1775	G	0.95125	0.054201
1776	A	2.111862	0.05578
1777	U	0.135478	0.022556
1778	G	1.88306	0.051644
1779	U	0.025135	0.02591
1780	G	0.683718	0.038
1781	U	0.023677	0.020207
1782	G	1.186667	0.047531
1783	U	0.196906	0.061422
1784	C	0.211904	0.076844
1785	U	1.676382	0.051152
1786	U	0.061846	0.078854
1787	C	0.503627	0.050755
1788	U	0.430288	0.046509
1789	C	0.285608	0.059253
1790	A	0.300443	0.028623
1791	G	0.676426	0.057597
1792	A	1.130086	0.09134
1793	U	0.611016	0.053585
1794	U	0.680476	0.037932
1795	U	0.362724	0.026997
1796	U	0.314405	0.024365
1797	A	1.245818	0.03745
1798	U	0.130167	0.045191
1799	C	0.455574	0.050868
1800	U	0.688311	0.03776
1801	U	0.159649	0.021423
1802	A	2.129007	0.055653
1803	U	0.046004	0.023462
1804	U	0.301214	0.024662
1805	G	0.360592	0.045284
1806	G	0.292717	0.122007
1807	C	0.251767	0.206341
1808	C	nan	nan
1809	U	0.605553	0.057976
1810	U	0.387566	0.032859
1811	U	0.205905	0.033768
1812	U	0.108009	0.041117
1813	C	0.233909	0.044401
1814	U	0.172783	0.044978
1815	A	0.894816	0.036849
1816	A	0.259171	0.024932
1817	G	0.924645	0.041844
1818	U	2.135693	0.051419
1819	A	0.218624	0.024586
1820	G	1.512391	0.062105
1821	U	0.007619	0.039571
1822	A	1.05575	0.04006
1823	U	0.040458	0.021915
1824	A	0.174215	0.021534
1825	U	0.110521	0.024442
1826	A	0.945945	0.038195
1827	U	0.503825	0.045077
1828	G	0.231982	0.071444
1829	G	0.018629	0.080964
1830	A	0.383205	0.059587
1831	C	0.038219	0.045479
1832	C	0.333881	0.08833
1833	U	0.786806	0.09843
1834	C	0.343761	0.069558
1835	C	0.092249	0.09619
1836	C	0.12879	0.082755
1837	U	0.799506	0.084243
1838	C	nan	nan
1839	C	0.076332	0.054553
1840	U	1.043017	0.061143
1841	C	0.118793	0.052589
1842	G	1.324539	0.068143
1843	U	0.302747	0.05587
1844	C	0.057267	0.079141
1845	A	0.889441	0.047223
1846	C	0.278335	0.032775
1847	U	0.571681	0.093116
1848	C	0.11601	0.055198
1849	C	0.824594	0.360712
1850	A	0.620188	0.043635
1851	A	0.667302	0.075179
1852	U	0.101087	0.030152
1853	U	0.6065	0.040085
1854	U	0.504709	0.040757
1855	C	nan	nan
1856	A	1.146686	0.043389
1857	A	0.912482	0.053472
1858	U	0.371604	0.034959
1859	G	1.150707	0.103099
1860	A	0.361515	0.039811
1861	A	0.587781	0.036097
1862	A	0.158556	0.022804
1863	C	0.223979	0.034091
1864	G	0.43104	0.056132
1865	A	0.431273	0.068486
1866	U	0.984381	0.047064
1867	U	0.02187	0.051914
1868	C	1.047432	0.066035
1869	U	0.021347	0.046684
1870	C	nan	nan
1871	U	0.258978	0.082871
1872	U	0.655799	0.035145
1873	U	0.095814	0.019081
1874	A	1.426831	0.041339
1875	U	0.100991	0.018907
1876	A	0.251515	0.028746
1877	G	0.931991	0.044819
1878	U	0.327016	0.042571
1879	C	0.555698	0.081529
1880	A	0.386861	0.050085
1881	U	2.194325	0.073661
1882	A	0.132885	0.020934
1883	U	0.647672	0.043744
1884	A	0.408689	0.027263
1885	A	1.328684	0.042046
1886	A	0.472101	0.025781
1887	U	0.067521	0.05989
1888	C	0.151282	0.040316
1889	C	0.289878	0.258311
1890	G	1.945192	0.079119
1891	G	0.882195	0.063343
1892	G	0.243967	0.075053
1893	A	1.157383	0.044716
1894	G	2.489445	0.280598
1895	A	0.168295	0.040717
1896	A	0.059547	0.021754
1897	A	0.093396	0.043749
1898	C	0.232412	0.045174
1899	U	0.595253	0.045572
1900	U	1.013048	0.040821
1901	G	0.479296	0.074504
1902	G	2.031614	0.146976
1903	G	1.222515	0.122576
1904	U	0.115524	0.034536
1905	U	0.710266	0.038037
1906	U	0.037795	0.064126
1907	C	0.24149	0.045941
1908	U	0.091148	0.034028
1909	C	nan	nan
1910	A	0.756174	0.041205
1911	A	0.839772	0.037792
1912	U	0.386816	0.029839
1913	U	0.470291	0.037932
1914	C	nan	nan
1915	C	0.080248	0.053737
1916	U	0.209185	0.033252
1917	G	1.529033	0.048413
1918	U	0.227539	0.030685
1919	G	0.936898	0.12825
1920	G	0.158671	0.039466
1921	U	1.321519	0.047426
1922	G	0.287846	0.049766
1923	U	0.191445	0.035429
1924	U	0.066456	0.023918
1925	A	0.218662	0.025694
1926	C	0.074547	0.050675
1927	A	0.12399	0.026368
1928	A	0.753401	0.032584
1929	A	0.343631	0.023805
1930	U	0.30835	0.027595
1931	G	0.536849	0.060692
1932	C	0.25109	0.058746
1933	U	0.710125	0.047078
1934	A	1.765907	0.073086
1935	U	0.402851	0.0383
1936	U	0.403682	0.027737
1937	U	0.108252	0.024777
1938	A	0.324635	0.026217
1939	C	0.1718	0.056775
1940	C	0.173392	0.062872
1941	A	1.016363	0.040319
1942	C	0.211183	0.035863
1943	U	0.589785	0.039528
1944	G	1.08671	0.047873
1945	U	0.338388	0.075446
1946	C	0.305736	0.048216
1947	C	0.107681	0.045815
1948	A	0.754928	0.045536
1949	G	0.464643	0.05589
1950	G	0.590508	0.088714
1951	C	0.123104	0.047408
1952	C	0.0163	0.047647
1953	A	0.323717	0.027818
1954	U	0.208848	0.028294
1955	A	0.251184	0.029793
1956	G	0.519505	0.038087
1957	U	0.139626	0.026401
1958	A	0.40165	0.02953
1959	C	0.120509	0.032548
1960	G	0.415077	0.051281
1961	A	1.278846	0.052738
1962	U	0.107002	0.068908
1963	C	0.906576	0.0605
1964	U	0.166465	0.109566
1965	C	nan	nan
1966	U	0.65378	0.069033
1967	C	0.189602	0.060747
1968	C	nan	nan
1969	C	nan	nan
1970	U	0.423683	0.045643
1971	U	0.342395	0.052087
1972	C	0.044978	0.067098
1973	G	0.413067	0.057111
1974	A	0.493623	0.037858
1975	U	0.498365	0.035182
1976	U	1.15536	0.041859
1977	A	0.899331	0.05996
1978	U	0.195321	0.041358
1979	U	0.537573	0.034233
1980	U	0.292739	0.041367
1981	C	0.127818	0.057874
1982	A	0.670733	0.089464
1983	A	1.119586	0.039615
1984	A	0.855982	0.039512
1985	U	0.542704	0.035015
1986	C	0.068894	0.053827
1987	G	0.891175	0.084694
1988	G	0.934775	0.048451
1989	U	0.770186	0.04712
1990	G	nan	nan
1991	U	0.516565	0.060107
1992	U	0.612646	0.037088
1993	U	0.057585	0.017483
1994	U	0.335475	0.038485
1995	A	0.734017	0.042791
1996	A	0.395292	0.030586
1997	G	1.543462	0.067251
1998	A	0.235042	0.033087
1999	G	0.715825	0.05639
2000	U	0.648113	0.045107
2001	G	0.186965	0.061872
2002	C	0.083565	0.051614
2003	A	1.191953	0.074576
2004	U	0.754807	0.037792
2005	U	0.325229	0.0301
2006	U	0.487146	0.028936
2007	G	0.515587	0.060224
2008	G	0.161884	0.04396
2009	A	0.505078	0.039638
2010	U	0.398962	0.03894
2011	C	0.127005	0.043892
2012	G	0.62561	0.061639
2013	C	0.200851	0.039998
2014	C	0.061619	0.051229
2015	A	0.245109	0.032156
2016	G	0.115893	0.053558
2017	A	0.371788	0.040831
2018	C	0.072646	0.026381
2019	U	0.445883	0.061623
2020	C	nan	nan
2021	U	0.405904	0.03058
2022	A	0.329166	0.037069
2023	C	0.060014	0.037879
2024	G	0.43142	0.053793
2025	A	0.567317	0.034641
2026	U	0.363013	0.033013
2027	U	0.761366	0.033293
2028	A	1.050199	0.037427
2029	U	0.107351	0.02513
2030	U	0.385306	0.026794
2031	G	0.47022	0.051235
2032	A	0.52576	0.049476
2033	U	0.559551	0.051108
2034	U	0.290342	0.043468
2035	C	nan	nan
2036	A	1.028948	0.066189
2037	C	0.069859	0.040566
2038	C	0.258142	0.05628
2039	C	nan	nan
2040	C	nan	nan
2041	G	0.365656	0.070261
2042	U	0.436772	0.054959
2043	U	0.669516	0.038182
2044	C	0.065738	0.055887
2045	A	1.517304	0.045701
2046	U	0.0311	0.02536
2047	C	0.170079	0.072505
2048	A	0.756865	0.035202
2049	A	0.465485	0.033302
2050	C	0.490822	0.078649
2051	G	0.687413	0.08035
2052	A	0.362647	0.047752
2053	A	0.895684	0.036425
2054	A	0.305622	0.033878
2055	U	0.677614	0.081845
2056	G	0.508798	0.061632
2057	G	0.663324	0.202963
2058	A	0.221984	0.040554
2059	A	0.685721	0.035452
2060	A	0.480349	0.03472
2061	U	0.258018	0.053452
2062	C	0.26115	0.046963
2063	U	0.51181	0.035745
2064	G	0.628439	0.066915
2065	A	0.749266	0.038228
2066	A	0.347873	0.029288
2067	U	0.822715	0.033949
2068	A	0.173194	0.027852
2069	C	0.414938	0.037454
2070	A	0.841704	0.031841
2071	U	0.245198	0.027282
2072	G	1.694701	0.110421
2073	A	0.210015	0.029757
2074	A	1.874974	0.060698
2075	A	0.058987	0.037113
2076	C	0.653262	0.04223
2077	A	0.044693	0.016779
2078	C	0.097083	0.030722
2079	A	0.142633	0.019415
2080	C	0.151902	0.038851
2081	U	2.319208	0.083094
2082	U	1.476749	0.06386
2083	C	0.618607	0.05131
2084	C	0.078277	0.056603
2085	A	0.25476	0.030318
2086	G	0.898579	0.098558
2087	G	0.142552	0.075209
2088	U	0.717628	0.039992
2089	G	0.256106	0.037709
2090	U	0.084258	0.018357
2091	G	0.15031	0.036643
2092	U	0.014769	0.025079
2093	G	0.330082	0.091184
2094	C	nan	nan
2095	A	0.25957	0.038836
2096	U	1.414688	0.059222
2097	A	1.406032	0.051419
2098	U	0.441699	0.065975
2099	U	0.423179	0.034535
2100	G	0.268082	0.065361
2101	C	0.087498	0.072505
2102	A	0.732886	0.044112
2103	G	0.389259	0.043224
2104	C	0.033397	0.060005
2105	G	0.411493	0.077016
2106	A	0.317234	0.052486
2107	A	0.328822	0.081834
2108	U	0.274485	0.045116
2109	U	0.246551	0.032045
2110	U	0.361223	0.042605
2111	A	1.156159	0.064305
2112	U	0.539063	0.048318
2113	U	0.174486	0.03397
2114	U	0.163941	0.03098
2115	G	0.626053	0.050102
2116	U	0.019251	0.06467
2117	C	0.373739	0.090463
2118	U	0.388443	0.042033
2119	C	0.080785	0.070575
2120	G	0.560501	0.080513
2121	A	1.616602	0.159355
2122	U	0.883614	0.072556
2123	U	0.863254	0.051288
2124	U	0.10142	0.024629
2125	U	0.091306	0.028502
2126	U	0.304128	0.042042
2127	G	0.258684	0.075287
2128	G	0.025315	0.0757
2129	A	0.341268	0.044274
2130	U	0.569876	0.082052
2131	C	0.011464	0.084188
2132	C	0.353747	0.082787
2133	U	1.6735	0.089379
2134	C	0.019171	0.0961
2135	U	0.360966	0.080692
2136	C	0.1174	0.055389
2137	C	0.139717	0.071112
2138	A	0.28428	0.034116
2139	U	0.427372	0.041702
2140	A	0.800956	0.04321
2141	C	0.229617	0.038311
2142	U	1.310708	0.06877
2143	C	0.594507	0.208521
2144	U	0.241014	0.060707
2145	U	1.202551	0.056316
2146	U	0.45049	0.044366
2147	C	0.169909	0.052963
2148	A	1.402246	0.056234
2149	U	0.186545	0.043467
2150	U	0.315615	0.031381
2151	G	0.628304	0.077506
2152	C	0.505779	0.142844
2153	U	0.991988	0.100553
2154	U	1.361244	0.064976
2155	U	0.261608	0.035738
2156	U	0.285479	0.055
2157	U	0.33496	0.043631
2158	C	0.02851	0.082336
2159	C	0.212851	0.056874
2160	G	2.301668	0.100515
2161	C	0.055046	0.043002
2162	A	0.186375	0.029194
2163	A	0.444514	0.039712
2164	G	0.282413	0.067552
2165	C	0.263276	0.075953
2166	U	0.655377	0.057928
2167	C	0.013793	0.084726
2168	G	0.393823	0.067336
2169	A	1.026968	0.056112
2170	C	nan	nan
2171	G	nan	nan
2172	A	0.635064	0.052445
2173	U	0.337861	0.052089
2174	C	0.424507	0.072346
2175	A	0.877465	0.064569
2176	U	0.318831	0.0409
2177	U	0.497448	0.039514
2178	G	0.695433	0.078102
2179	G	0.630294	0.089745
2180	A	0.531573	0.072619
2181	U	0.133513	0.043766
2182	U	0.439304	0.049447
2183	G	0.527091	0.066402
2184	A	0.232755	0.031032
2185	A	0.20529	0.028668
2186	G	0.096183	0.05694
2187	C	0.184611	0.041166
2188	A	1.048833	0.072831
2189	U	0.211952	0.036806
2190	U	0.51193	0.048502
2191	G	1.019052	0.062627
2192	U	0.348933	0.060706
2193	C	0.046698	0.104211
2194	G	0.666765	0.087773
2195	C	0.221447	0.115516
2196	A	1.41206	0.062885
2197	C	0.153858	0.102982
2198	A	0.400654	0.061069
2199	A	0.16869	0.035784
2200	A	0.107651	0.080861
2201	G	0.786832	0.067203
2202	U	0.192772	0.056113
2203	C	0.325192	0.148197
2204	U	1.258672	0.071853
2205	U	0.144854	0.129507
2206	C	0.340422	0.113286
2207	C	0.051946	0.102101
2208	A	2.030026	0.14619
2209	U	0.502155	0.097211
2210	U	0.635311	0.065001
2211	U	0.120507	0.038643
2212	U	0.228125	0.048341
2213	G	0.435808	0.147598
2214	A	0.390258	0.0506
2215	A	0.46173	0.058345
2216	U	0.417102	0.112753
2217	C	nan	nan
2218	A	0.042453	0.138177
2219	G	0.256386	0.37688
2220	U	0.753375	0.400363
2221	A	0.33938	0.140224
2222	C	0.040303	0.178407
2223	C	nan	nan
2224	U	0.598747	0.286537
2225	G	nan	nan
2226	C	nan	nan
2227	U	0.033357	0.492491
2228	U	0.055708	0.277087
2229	U	0.111092	0.41463
2230	C	0.022858	0.389806
2231	G	0.799955	0.554912
2232	C	0.181631	0.426673
2233	U	0.0	0.0
