Nucleotide	Sequence	Norm_profile	Norm_stderr
1	A	nan	nan
2	G	nan	nan
3	U	nan	nan
4	A	3.557064	0.936257
5	G	nan	nan
6	A	1.986641	0.776404
7	A	1.834846	0.598372
8	A	0.967507	0.408935
9	C	nan	nan
10	A	3.687431	1.227669
11	A	0.824099	0.865144
12	G	0.12289	0.168113
13	G	0.287399	0.076028
14	C	0.086819	0.080302
15	A	1.258146	0.268637
16	U	0.661334	0.075952
17	U	0.29146	0.045082
18	U	nan	nan
19	U	0.031018	0.022295
20	U	0.130584	0.027295
21	U	0.314348	0.040312
22	C	0.16322	0.050211
23	A	0.494998	0.038831
24	U	0.254109	0.043417
25	G	0.51503	0.072878
26	A	0.562204	0.062965
27	A	0.677324	0.058371
28	G	0.041736	0.108549
29	G	0.08731	0.047517
30	A	0.032162	0.02484
31	C	0.191946	0.035488
32	A	0.111433	0.024197
33	A	0.052373	0.021005
34	G	0.119211	0.040545
35	C	0.031785	0.021068
36	U	0.365314	0.036684
37	A	0.090447	0.020737
38	A	0.50024	0.027568
39	A	0.306991	0.028805
40	U	0.198044	0.029652
41	U	0.118086	0.018854
42	C	0.077382	0.048901
43	A	0.438335	0.027849
44	C	0.055797	0.018943
45	U	0.454532	0.026904
46	A	1.560953	0.055197
47	U	0.335415	0.034235
48	U	1.12025	0.03513
49	U	0.490931	0.039866
50	C	0.202338	0.035333
51	U	0.555927	0.028401
52	G	0.586183	0.052606
53	C	0.167867	0.041291
54	C	0.007881	0.05105
55	G	0.388075	0.037647
56	U	0.194074	0.033893
57	C	0.300835	0.038452
58	U	0.39862	0.029445
59	G	0.381862	0.040159
60	A	0.233431	0.023694
61	G	0.144221	0.038287
62	C	0.14481	0.021168
63	U	0.972864	0.043058
64	C	0.038691	0.056066
65	U	1.052389	0.038615
66	U	0.244553	0.027474
67	C	0.019883	0.04496
68	A	1.173454	0.03568
69	A	0.643744	0.024572
70	U	0.497358	0.025122
71	G	0.49002	0.058183
72	G	1.318803	0.041352
73	U	0.343014	0.030061
74	G	0.363661	0.043457
75	G	0.098876	0.052125
76	A	0.287631	0.024461
77	A	0.124118	0.018333
78	C	0.362352	0.026452
79	A	0.315199	0.019464
80	G	0.21996	0.039638
81	A	0.317853	0.025477
82	U	0.164686	0.034408
83	C	0.063958	0.033402
84	U	4.62071	0.057968
85	U	1.081247	0.030161
86	C	0.292876	0.029621
87	A	1.569302	0.032611
88	U	0.470371	0.024572
89	G	0.440525	0.039212
90	A	0.700186	0.026228
91	U	0.008433	0.043665
92	C	0.291492	0.039299
93	U	0.224048	0.028688
94	C	nan	nan
95	A	0.188349	0.015925
96	G	0.831809	0.046751
97	C	0.422659	0.05374
98	A	0.338193	0.025953
99	A	0.966414	0.028468
100	A	0.521317	0.026177
101	C	0.185073	0.022842
102	U	0.901339	0.043954
103	C	0.351846	0.036161
104	C	0.0163	0.039049
105	U	1.719067	0.058908
106	C	0.040303	0.043527
107	C	0.380626	0.106412
108	U	0.511837	0.030602
109	U	0.416368	0.031587
110	C	0.435066	0.088177
111	U	0.435261	0.028498
112	U	0.345788	0.02749
113	G	0.094734	0.031111
114	A	0.177677	0.014984
115	U	0.179002	0.047318
116	C	0.071829	0.037616
117	C	nan	nan
118	G	1.468176	0.049101
119	U	0.424211	0.049655
120	C	0.370144	0.074717
121	C	nan	nan
122	A	0.112481	0.019736
123	G	0.174467	0.044781
124	A	0.196032	0.019474
125	C	0.073944	0.02162
126	U	0.244122	0.022902
127	C	0.029048	0.031625
128	G	0.276083	0.032965
129	A	0.174826	0.0213
130	A	0.133684	0.016642
131	G	0.250159	0.032839
132	U	0.092789	0.023923
133	C	0.145707	0.050235
134	A	0.307069	0.032158
135	A	0.898991	0.038508
136	U	0.499599	0.029535
137	U	0.613163	0.032288
138	C	0.048543	0.057857
139	G	1.442932	0.059875
140	C	nan	nan
141	G	0.129876	0.057553
142	C	0.092167	0.052105
143	A	0.513623	0.027892
144	U	0.194659	0.025049
145	C	nan	nan
146	A	1.348756	0.037572
147	A	0.473735	0.038188
148	U	0.281554	0.027264
149	U	0.458765	0.027395
150	C	nan	nan
151	G	nan	nan
152	G	0.008419	0.04496
153	G	1.393909	0.245149
154	C	0.180648	0.056529
155	C	nan	nan
156	C	0.273522	0.060007
157	U	0.081336	0.020176
158	A	0.187199	0.022889
159	G	0.187592	0.050375
160	A	0.084625	0.030613
161	C	0.612811	0.034781
162	A	0.337446	0.026424
163	C	0.269103	0.034903
164	C	nan	nan
165	A	0.485684	0.033771
166	U	0.230911	0.032475
167	G	nan	nan
168	G	nan	nan
169	C	0.059479	0.056529
170	C	nan	nan
171	U	0.311354	0.064728
172	C	nan	nan
173	C	nan	nan
174	A	0.942776	0.04221
175	C	0.235775	0.039362
176	C	0.129686	0.05732
177	A	0.861098	0.034008
178	U	0.535567	0.031234
179	G	1.020636	0.06437
180	C	0.257844	0.07426
181	U	0.366021	0.042091
182	G	0.407541	0.067602
183	G	0.380627	0.069207
184	A	0.329885	0.031387
185	A	1.052178	0.043028
186	A	0.853481	0.035614
187	U	0.922763	0.062011
188	C	0.015976	0.094625
189	C	0.301663	0.052715
190	C	0.365413	0.072008
191	A	0.405628	0.031551
192	A	1.24047	0.045007
193	C	0.189381	0.027418
194	C	0.151057	0.054217
195	G	0.348882	0.06845
196	G	1.348316	0.060247
197	U	0.090739	0.062168
198	C	0.398774	0.055988
199	U	0.433018	0.048085
200	C	0.403852	0.056271
201	C	0.179124	0.053021
202	U	0.412837	0.041663
203	G	1.137818	0.047358
204	U	0.314522	0.030357
205	A	0.701365	0.030757
206	U	0.156076	0.020608
207	G	0.235603	0.054245
208	A	1.600689	0.046031
209	A	0.404728	0.028235
210	C	0.021094	0.023701
211	U	0.264198	0.025572
212	G	0.396886	0.058764
213	C	0.117256	0.032988
214	U	0.528088	0.028139
215	A	0.57865	0.041199
216	G	0.560903	0.102366
217	G	0.368854	0.064852
218	G	0.614027	0.059644
219	A	0.786866	0.040442
220	A	0.730394	0.038325
221	G	0.760077	0.073317
222	A	0.407502	0.03205
223	A	0.774967	0.061617
224	U	0.176194	0.035807
225	U	0.744847	0.038463
226	U	0.099052	0.04151
227	C	0.530497	0.050605
228	U	0.399412	0.029372
229	C	0.174491	0.045459
230	G	0.087233	0.070396
231	A	0.558716	0.030075
232	A	0.252941	0.026037
233	U	0.341407	0.027635
234	A	0.359857	0.031258
235	G	0.848751	0.057335
236	A	0.651725	0.041024
237	U	0.321476	0.036354
238	U	0.481285	0.029002
239	G	0.45976	0.062054
240	C	0.172909	0.034992
241	A	1.15118	0.038327
242	G	0.138618	0.050445
243	C	0.096085	0.033912
244	A	1.37475	0.048718
245	C	0.258373	0.107742
246	U	0.934142	0.087541
247	U	1.124467	0.050692
248	U	0.085979	0.022504
249	U	0.27994	0.027822
250	G	0.093144	0.057678
251	A	0.222375	0.030498
252	U	1.174967	0.038419
253	A	0.333761	0.025023
254	C	0.218366	0.027224
255	A	0.873567	0.032793
256	U	0.591904	0.054051
257	C	0.456093	0.044546
258	U	0.912068	0.03604
259	G	0.956261	0.079383
260	U	0.559245	0.041088
261	U	0.705752	0.037076
262	C	nan	nan
263	A	1.332005	0.047251
264	U	0.205217	0.054043
265	C	0.253535	0.050623
266	U	1.303506	0.047062
267	U	0.20201	0.031834
268	C	0.230427	0.040958
269	A	0.556568	0.032962
270	A	0.837245	0.036152
271	G	0.781364	0.07247
272	G	0.652813	0.054517
273	A	0.754551	0.0538
274	U	0.319297	0.031366
275	U	0.5751	0.052628
276	C	nan	nan
277	C	0.183046	0.047643
278	U	1.216734	0.08467
279	C	nan	nan
280	U	1.574761	0.071679
281	U	0.325933	0.027016
282	U	0.651038	0.033918
283	G	0.363139	0.06688
284	G	1.28478	0.104163
285	U	0.788046	0.06335
286	U	0.516635	0.032595
287	U	0.660211	0.033779
288	G	1.699183	0.046477
289	U	0.060805	0.021198
290	G	1.149651	0.045759
291	U	0.63053	0.034651
292	U	0.656543	0.02955
293	G	0.526424	0.046396
294	A	0.438536	0.027343
295	G	0.98202	0.060896
296	G	nan	nan
297	A	0.440077	0.047068
298	U	0.160852	0.027454
299	U	0.958806	0.031136
300	G	0.441222	0.048447
301	A	0.370695	0.025924
302	G	1.143698	0.043614
303	C	0.608318	0.03672
304	G	0.164447	0.037261
305	A	0.593538	0.048502
306	U	0.328037	0.028342
307	U	0.573538	0.043646
308	C	nan	nan
309	C	0.179124	0.050871
310	U	1.333371	0.064976
311	C	0.139303	0.117192
312	U	0.426993	0.027114
313	U	0.534227	0.025591
314	A	1.088346	0.03483
315	G	1.118258	0.080997
316	G	0.402942	0.047895
317	G	0.078158	0.068081
318	A	0.338564	0.030286
319	U	0.157512	0.065187
320	C	0.322051	0.04368
321	C	0.187472	0.041926
322	A	0.524307	0.037784
323	G	0.958304	0.062713
324	G	1.969855	0.065557
325	A	2.061901	0.045078
326	G	0.219437	0.028371
327	U	2.38146	0.052943
328	G	0.806523	0.033161
329	U	0.220182	0.027594
330	G	1.294504	0.036827
331	U	0.43892	0.026236
332	A	3.328575	0.050808
333	G	0.248592	0.025168
334	U	0.079086	0.017951
335	A	0.395718	0.02045
336	G	0.385843	0.044683
337	C	0.238301	0.0271
338	A	0.596421	0.023221
339	A	1.735492	0.037051
340	C	0.46685	0.030093
341	A	0.26002	0.020078
342	G	0.995694	0.048787
343	C	0.049647	0.031951
344	A	0.984098	0.029816
345	U	1.087458	0.038173
346	C	0.00934	0.043995
347	A	0.44574	0.022764
348	U	1.219967	0.036139
349	A	1.436203	0.034525
350	U	0.982063	0.032384
351	U	0.144288	0.055762
352	C	0.446294	0.043451
353	C	0.197753	0.051229
354	A	0.859131	0.028175
355	U	0.599313	0.034108
356	G	0.427706	0.033538
357	C	0.102456	0.022148
358	U	0.914592	0.044079
359	C	nan	nan
360	U	0.64599	0.038208
361	U	0.29148	0.021138
362	G	0.358476	0.040787
363	G	0.131498	0.05512
364	C	0.219843	0.037967
365	U	1.073359	0.055387
366	G	0.944375	0.060611
367	G	0.685121	0.052092
368	G	0.292602	0.060597
369	C	0.041783	0.04891
370	C	nan	nan
371	A	0.5686	0.025427
372	U	0.378377	0.04673
373	G	0.146344	0.054812
374	A	0.226641	0.027232
375	G	0.292272	0.046456
376	C	0.102533	0.038189
377	U	0.507577	0.031994
378	G	0.235477	0.041669
379	G	0.155023	0.047551
380	C	0.08037	0.038096
381	A	0.685884	0.027384
382	U	0.572225	0.04027
383	C	0.026152	0.042273
384	A	0.952249	0.034973
385	C	0.680549	0.035498
386	C	nan	nan
387	A	1.353955	0.041209
388	C	0.07484	0.02498
389	A	0.062558	0.029649
390	G	1.050864	0.054144
391	C	nan	nan
392	A	1.242747	0.040881
393	U	0.285773	0.029685
394	U	0.422112	0.02768
395	G	1.282345	0.07815
396	U	0.580596	0.051103
397	U	0.341286	0.027251
398	U	0.189188	0.022568
399	A	0.279029	0.023209
400	C	0.482988	0.027906
401	A	0.390942	0.024324
402	G	0.741236	0.060118
403	A	1.000705	0.037822
404	C	0.178697	0.02652
405	U	1.322123	0.076319
406	C	0.025436	0.058215
407	U	0.257742	0.027408
408	A	1.512293	0.040156
409	U	0.082139	0.04563
410	C	0.576972	0.046136
411	U	0.262825	0.051065
412	C	0.395326	0.073799
413	C	0.019585	0.060784
414	U	0.635984	0.03559
415	U	0.114437	0.032288
416	A	0.566635	0.0306
417	U	0.177603	0.028463
418	G	0.341944	0.056133
419	A	0.257639	0.034486
420	C	0.412479	0.030227
421	U	0.107897	0.038833
422	G	nan	nan
423	A	0.056919	0.017767
424	C	0.304596	0.040117
425	A	0.108223	0.025531
426	A	1.084841	0.036386
427	A	0.640188	0.034707
428	U	0.794135	0.036475
429	G	0.911212	0.069965
430	G	1.024845	0.066777
431	G	0.887084	0.099422
432	U	0.318818	0.037797
433	U	0.210508	0.028807
434	C	nan	nan
435	A	0.835549	0.044763
436	G	0.13204	0.07772
437	G	0.943419	0.066777
438	G	0.04693	0.086159
439	G	nan	nan
440	G	0.302197	0.229439
441	U	0.085697	0.037853
442	U	0.14364	0.024146
443	A	0.342713	0.024168
444	C	0.774092	0.04304
445	A	0.252399	0.036598
446	A	0.871487	0.030137
447	A	0.155158	0.031331
448	G	0.26023	0.044579
449	C	0.003932	0.038833
450	C	3.286057	0.347238
451	U	0.705187	0.03661
452	U	0.833845	0.053363
453	C	nan	nan
454	C	nan	nan
455	C	0.005732	0.066276
456	U	0.135667	0.030255
457	G	0.142578	0.040339
458	A	0.399065	0.028002
459	U	0.221415	0.030113
460	A	0.39352	0.023937
461	G	0.734992	0.036205
462	U	0.055471	0.075148
463	C	2.076113	0.286414
464	U	1.597066	0.049622
465	U	0.319706	0.03475
466	C	0.070283	0.029779
467	A	1.89569	0.041675
468	U	0.159231	0.056568
469	C	0.861124	0.045316
470	C	nan	nan
471	A	1.413832	0.042342
472	U	0.100774	0.023783
473	U	0.300509	0.030261
474	A	0.240863	0.024185
475	G	0.283538	0.038081
476	C	0.136644	0.025756
477	U	0.603961	0.055731
478	C	0.091254	0.07528
479	C	0.2085	0.064843
480	C	0.051588	0.062156
481	A	0.672972	0.065764
482	U	0.330069	0.035645
483	U	0.73224	0.033765
484	U	0.974865	0.038514
485	C	0.041557	0.061798
486	A	0.263329	0.028046
487	G	0.345656	0.049914
488	G	0.259607	0.068379
489	C	0.146485	0.045715
490	A	0.269975	0.028448
491	G	0.333861	0.048895
492	A	0.265289	0.029924
493	C	0.01874	0.074773
494	U	0.676741	0.038721
495	U	0.329482	0.055595
496	C	nan	nan
497	C	nan	nan
498	G	0.315975	0.091174
499	G	nan	nan
500	G	0.257577	0.07103
501	A	0.24248	0.027053
502	U	0.416803	0.041589
503	G	1.131861	0.041863
504	U	0.35996	0.039077
505	G	0.383049	0.067336
506	G	0.475513	0.043656
507	A	3.394881	0.057649
508	G	0.211944	0.040485
509	A	0.597889	0.042967
510	U	0.373325	0.027483
511	U	0.185978	0.048614
512	C	nan	nan
513	C	nan	nan
514	G	0.106041	0.064126
515	G	0.075831	0.050885
516	A	0.094727	0.020537
517	U	0.5263	0.027754
518	A	0.318378	0.025476
519	U	0.413156	0.026773
520	U	0.188674	0.022228
521	G	0.686554	0.031655
522	U	0.378746	0.063903
523	A	1.990305	0.039486
524	U	0.093864	0.021152
525	A	0.526339	0.023466
526	A	0.779571	0.061214
527	G	1.552128	0.075359
528	U	1.152146	0.043746
529	U	0.191549	0.019368
530	U	0.725129	0.028074
531	G	0.544745	0.058155
532	G	0.868938	0.036401
533	U	0.75793	0.055669
534	C	0.027048	0.062335
535	C	0.685228	0.060225
536	U	0.336419	0.071814
537	C	0.18971	0.039311
538	C	nan	nan
539	A	1.169157	0.033836
540	U	0.736444	0.063462
541	C	0.470534	0.036704
542	U	0.590129	0.030366
543	G	0.887885	0.07466
544	A	0.317964	0.027731
545	A	0.879881	0.030607
546	A	0.649973	0.028996
547	C	0.200429	0.023399
548	C	0.151294	0.039992
549	A	0.412624	0.033775
550	G	1.457822	0.065975
551	C	0.012009	0.028385
552	A	0.116369	0.016639
553	G	1.547188	0.040138
554	U	0.708552	0.06102
555	C	0.110771	0.043164
556	C	0.262237	0.051409
557	U	0.50718	0.02893
558	G	0.491751	0.060427
559	C	0.008111	0.045961
560	C	nan	nan
561	U	0.956949	0.04599
562	U	0.581999	0.028299
563	U	0.698685	0.027238
564	G	0.13242	0.043554
565	A	0.383357	0.022262
566	G	0.453178	0.028875
567	C	0.204421	0.060908
568	G	0.148135	0.072008
569	G	0.060769	0.044387
570	G	nan	nan
571	U	0.548911	0.041889
572	U	0.105647	0.025069
573	U	0.451406	0.026041
574	G	0.554909	0.039891
575	U	0.226092	0.029294
576	U	0.596492	0.042595
577	C	0.01845	0.074336
578	C	0.11446	0.056424
579	C	0.046572	0.061619
580	A	1.440526	0.039193
581	C	0.21137	0.068081
582	A	1.040002	0.03617
583	A	0.801318	0.036438
584	C	0.549316	0.090721
585	U	0.803962	0.078824
586	U	1.253124	0.054728
587	U	0.105937	0.023512
588	U	0.110203	0.021489
589	U	0.622323	0.034258
590	C	0.035646	0.045497
591	A	0.17009	0.022682
592	G	0.550298	0.040669
593	C	0.448037	0.043297
594	U	0.716103	0.033414
595	C	0.40084	0.048666
596	G	0.471056	0.051947
597	A	1.285151	0.038756
598	A	0.637837	0.031597
599	U	0.189524	0.032804
600	G	0.105325	0.069142
601	A	0.402437	0.036384
602	C	0.001475	0.048664
603	C	0.050871	0.057678
604	U	0.691099	0.061819
605	C	nan	nan
606	C	0.00824	0.064126
607	U	1.087789	0.042812
608	C	0.050095	0.042418
609	G	1.026308	0.048517
610	U	0.258503	0.069241
611	C	0.110798	0.049002
612	U	0.299777	0.032467
613	G	0.163369	0.05387
614	A	0.828907	0.035564
615	A	0.877891	0.065322
616	U	0.17071	0.051304
617	U	1.113627	0.040675
618	U	0.103982	0.029452
619	G	2.823479	0.064432
620	U	0.051741	0.022905
621	G	0.924713	0.041723
622	U	0.045337	0.023488
623	G	0.742457	0.039523
624	U	0.658234	0.081132
625	C	nan	nan
626	C	0.31465	0.05502
627	C	0.082576	0.075411
628	C	0.037437	0.068425
629	U	1.014648	0.079851
630	C	0.299762	0.042393
631	U	0.507669	0.036334
632	G	1.094508	0.049492
633	U	0.425122	0.040208
634	G	0.179482	0.063589
635	A	0.131014	0.018807
636	C	0.360558	0.030418
637	A	0.274893	0.025396
638	C	0.157974	0.031239
639	C	0.147166	0.045785
640	G	0.633432	0.060796
641	A	0.188433	0.022334
642	U	0.872367	0.044113
643	A	1.334991	0.039842
644	U	0.260833	0.039168
645	G	2.544223	0.05849
646	U	0.053782	0.032265
647	G	1.377613	0.044502
648	U	0.045917	0.023714
649	A	1.421469	0.039577
650	U	0.486227	0.0479
651	C	0.459996	0.048032
652	U	0.314168	0.031453
653	G	0.979752	0.044524
654	U	0.418704	0.030978
655	A	1.746764	0.043613
656	A	0.487576	0.027973
657	U	0.537485	0.06198
658	C	0.312743	0.044114
659	C	0.184263	0.087543
660	U	0.664767	0.037187
661	U	0.233363	0.023428
662	G	0.497898	0.05736
663	A	1.002149	0.035352
664	U	0.032939	0.038851
665	G	0.142583	0.071291
666	A	1.568574	0.04165
667	A	0.751985	0.030681
668	U	0.552742	0.030724
669	A	0.227179	0.028248
670	G	0.613245	0.052306
671	C	0.158346	0.027934
672	U	0.317137	0.0281
673	G	0.40569	0.053468
674	A	0.792628	0.032485
675	A	1.16001	0.038103
676	G	1.16325	0.064572
677	A	0.267668	0.031357
678	G	0.388822	0.065205
679	C	0.085883	0.034827
680	C	0.147267	0.040277
681	A	1.303212	0.066298
682	U	0.791732	0.042237
683	U	0.235569	0.021585
684	U	0.77824	0.032406
685	G	0.546847	0.052848
686	A	0.244662	0.025462
687	G	0.333803	0.054193
688	C	0.099522	0.041987
689	C	0.078206	0.039269
690	G	0.880425	0.046093
691	U	0.239002	0.035185
692	U	0.636742	0.029017
693	G	0.622221	0.05049
694	C	0.356291	0.036405
695	U	0.737617	0.032536
696	G	0.175698	0.056417
697	G	0.65929	0.04377
698	U	0.147197	0.086434
699	C	0.128233	0.051957
700	C	0.133877	0.051369
701	A	0.817346	0.03435
702	A	0.491857	0.040332
703	G	0.613347	0.06411
704	G	0.665706	0.046334
705	U	0.331229	0.045133
706	C	0.273522	0.077919
707	A	1.17874	0.045879
708	U	0.342311	0.029485
709	U	0.543911	0.030977
710	G	2.025732	0.089911
711	U	0.865893	0.049857
712	U	0.836228	0.033725
713	U	0.327836	0.025394
714	A	0.922764	0.032914
715	U	0.371526	0.027745
716	C	0.36509	0.051585
717	A	1.151782	0.036164
718	U	0.259292	0.02546
719	G	1.498758	0.071534
720	U	1.225365	0.044676
721	U	0.064826	0.017158
722	G	1.216218	0.055321
723	U	0.797741	0.038619
724	U	0.237428	0.04722
725	C	0.698429	0.12145
726	U	1.075615	0.066369
727	U	0.884228	0.037004
728	U	0.307804	0.02608
729	A	0.998512	0.034754
730	U	0.339041	0.034295
731	C	0.306025	0.047789
732	A	1.172009	0.043456
733	C	0.455823	0.033798
734	U	0.821045	0.037759
735	G	1.646522	0.055687
736	U	0.214361	0.03486
737	U	1.116206	0.042387
738	A	0.308238	0.026403
739	C	0.249531	0.030128
740	U	0.633955	0.070565
741	C	0.010747	0.066634
742	C	0.158281	0.09913
743	A	1.690141	0.046814
744	A	0.829031	0.034776
745	U	0.392537	0.026694
746	G	0.278448	0.048238
747	C	0.139446	0.03731
748	U	0.954286	0.042026
749	C	0.235011	0.065022
750	A	0.728301	0.034651
751	U	0.329752	0.086709
752	G	1.464222	0.050985
753	U	0.125184	0.037321
754	C	0.053379	0.052304
755	A	0.080936	0.026573
756	G	0.716985	0.066326
757	C	0.216648	0.0315
758	C	0.202934	0.054145
759	G	0.418345	0.051493
760	A	0.466833	0.039086
761	U	0.523226	0.03774
762	U	0.228445	0.031026
763	C	0.313804	0.050781
764	A	0.657011	0.033552
765	U	0.296416	0.0276
766	U	0.77869	0.046329
767	A	1.405511	0.041042
768	A	0.852925	0.032679
769	U	2.013186	0.063997
770	C	nan	nan
771	C	0.276567	0.065559
772	C	0.143836	0.065022
773	A	0.083411	0.022903
774	G	0.174203	0.044728
775	A	0.287527	0.029562
776	C	0.835615	0.035494
777	A	0.32488	0.021743
778	C	0.129424	0.024197
779	U	0.669634	0.079993
780	C	0.215604	0.04461
781	C	0.457961	0.086152
782	A	0.578975	0.035269
783	A	0.977411	0.040416
784	A	0.215384	0.025401
785	G	0.656598	0.049612
786	C	0.142174	0.026692
787	U	0.397779	0.032848
788	G	0.028122	0.07774
789	G	0.078361	0.048924
790	G	0.08795	0.113744
791	C	0.068192	0.034684
792	A	0.476172	0.028911
793	G	0.097558	0.036608
794	C	0.019731	0.027385
795	U	0.577599	0.082936
796	C	0.280588	0.054508
797	C	nan	nan
798	A	0.882664	0.034856
799	U	0.809413	0.035384
800	G	0.653644	0.052803
801	C	0.143517	0.037375
802	U	1.062819	0.073211
803	A	0.418683	0.042445
804	A	1.31315	0.043998
805	A	0.309233	0.022149
806	A	0.994567	0.03617
807	U	0.60654	0.028695
808	U	0.385376	0.03042
809	G	0.435943	0.059893
810	G	0.31138	0.065284
811	C	0.020575	0.03124
812	U	0.761211	0.034591
813	A	0.436925	0.045657
814	C	0.647808	0.038519
815	A	0.496911	0.026157
816	A	1.46541	0.038948
817	A	0.587426	0.027786
818	U	0.230881	0.072032
819	C	0.152572	0.039698
820	C	0.279254	0.063052
821	A	0.396701	0.027465
822	U	0.430266	0.029476
823	A	0.446429	0.027224
824	G	1.124372	0.047879
825	C	0.25477	0.045738
826	G	1.095278	0.058434
827	A	0.464927	0.028145
828	U	0.856591	0.03583
829	A	0.972244	0.042774
830	G	3.051442	0.199813
831	A	0.223239	0.042979
832	A	1.338181	0.0493
833	A	0.10731	0.032322
834	A	0.224733	0.02311
835	A	0.181588	0.025236
836	G	0.345494	0.038846
837	C	0.182144	0.044706
838	U	0.480915	0.04139
839	U	0.517482	0.035847
840	G	1.04902	0.044575
841	U	0.067052	0.028314
842	G	0.392952	0.053603
843	A	0.689921	0.040295
844	A	0.784552	0.04291
845	U	0.472428	0.03941
846	U	0.510472	0.034816
847	C	0.21933	0.05449
848	A	0.134048	0.025458
849	A	0.88762	0.032783
850	A	1.07228	0.038813
851	U	0.673242	0.039135
852	G	1.200049	0.056505
853	U	0.062422	0.029169
854	U	0.22386	0.036138
855	C	0.015763	0.060902
856	C	0.228204	0.059648
857	U	0.349001	0.031115
858	G	0.198124	0.035709
859	U	0.1068	0.041968
860	C	nan	nan
861	C	nan	nan
862	U	0.056017	0.020133
863	G	0.581247	0.100806
864	U	0.114788	0.040675
865	U	0.48862	0.045165
866	U	0.023103	0.017038
867	A	0.750624	0.035875
868	U	0.471129	0.028084
869	G	1.165525	0.043205
870	U	0.081043	0.020553
871	A	0.258932	0.022808
872	G	nan	nan
873	G	nan	nan
874	A	0.236287	0.039411
875	C	nan	nan
876	U	2.67223	0.058864
877	U	0.834646	0.058041
878	C	0.868231	0.126201
879	U	0.79159	0.072557
880	U	1.604763	0.060062
881	U	0.366938	0.029554
882	U	0.504987	0.031374
883	U	0.858676	0.032327
884	G	0.330051	0.057948
885	C	0.101419	0.030498
886	U	0.727468	0.039912
887	C	0.162618	0.05365
888	A	0.54995	0.029422
889	U	0.879537	0.050618
890	A	0.916928	0.039156
891	U	0.076474	0.027883
892	U	0.369492	0.031495
893	G	0.73592	0.058912
894	A	0.76018	0.042376
895	U	0.743252	0.038228
896	U	0.576433	0.059437
897	C	0.062703	0.042258
898	C	nan	nan
899	G	0.125683	0.052948
900	A	0.668413	0.032909
901	C	0.330012	0.029858
902	U	0.395899	0.033448
903	A	0.355267	0.036046
904	G	0.742039	0.043269
905	C	0.113329	0.034412
906	U	0.146758	0.028266
907	U	0.428845	0.025778
908	G	0.34209	0.044591
909	C	0.169621	0.02582
910	A	0.674659	0.034839
911	G	0.35139	0.060382
912	G	0.672958	0.043441
913	U	0.489375	0.055479
914	C	nan	nan
915	C	0.179124	0.058394
916	U	0.228002	0.033461
917	A	0.995267	0.03156
918	U	0.111289	0.020994
919	A	0.161419	0.021647
920	G	0.580978	0.048814
921	A	0.370291	0.027564
922	A	0.443118	0.025963
923	U	0.146472	0.0666
924	C	0.190013	0.036119
925	U	0.83428	0.033958
926	A	0.502745	0.023189
927	U	nan	nan
928	C	0.051878	0.032719
929	U	0.146104	0.022697
930	A	0.937755	0.030754
931	C	0.249552	0.027484
932	U	0.866016	0.046421
933	C	0.313856	0.046932
934	C	0.122879	0.053737
935	U	0.404409	0.026629
936	G	0.675298	0.061493
937	C	0.26986	0.325295
938	U	0.21205	0.028829
939	U	0.163245	0.02583
940	G	0.887588	0.037726
941	U	0.046547	0.023606
942	A	1.58028	0.045365
943	U	0.322134	0.030461
944	U	0.988735	0.048991
945	C	0.265056	0.0467
946	C	0.103892	0.054095
947	C	0.223726	0.069858
948	U	0.965375	0.036655
949	C	0.206894	0.040992
950	G	0.95798	0.044185
951	U	0.31521	0.028214
952	G	0.445659	0.045075
953	A	0.893225	0.042939
954	U	0.7127	0.033109
955	U	0.657935	0.036913
956	C	0.151718	0.060365
957	G	1.011006	0.093948
958	G	0.475332	0.040983
959	U	0.837749	0.03484
960	G	0.537617	0.050592
961	C	0.185494	0.040394
962	A	1.260052	0.042154
963	U	0.75304	0.035295
964	U	0.621598	0.035289
965	C	nan	nan
966	A	0.863648	0.031593
967	C	0.529163	0.072751
968	U	0.90101	0.032381
969	A	0.978154	0.033603
970	U	0.500822	0.032779
971	G	1.14066	0.057414
972	A	2.570456	0.053943
973	G	nan	nan
974	A	0.099757	0.02942
975	G	0.458452	0.047857
976	C	3.553992	0.297963
977	A	0.645371	0.042767
978	A	0.789369	0.032084
979	A	0.645663	0.069064
980	G	1.132929	0.04106
981	U	0.337907	0.034495
982	C	nan	nan
983	A	1.80907	0.04106
984	U	0.082626	0.027836
985	C	0.170536	0.034023
986	A	0.290538	0.02801
987	G	2.52832	0.055677
988	A	0.602802	0.035754
989	G	1.010066	0.053498
990	G	0.440987	0.070364
991	A	0.712064	0.047327
992	U	0.028244	0.044823
993	U	0.868874	0.03305
994	G	0.303153	0.049035
995	G	0.013272	0.054563
996	A	0.524144	0.038193
997	G	0.760365	0.050754
998	U	0.335985	0.06742
999	C	0.177857	0.046166
1000	C	0.183336	0.049742
1001	G	0.716558	0.04843
1002	U	0.463118	0.07258
1003	C	0.316688	0.055939
1004	C	nan	nan
1005	C	0.025256	0.069858
1006	A	0.81706	0.040045
1007	C	0.01845	0.043348
1008	C	nan	nan
1009	A	0.074181	0.025438
1010	G	0.312686	0.037419
1011	U	0.713793	0.039214
1012	A	1.111095	0.043084
1013	U	0.610113	0.033459
1014	G	1.24579	0.064732
1015	U	1.536025	0.050101
1016	U	0.061097	0.019144
1017	G	0.955449	0.100315
1018	U	0.653058	0.059914
1019	U	0.729686	0.042886
1020	U	0.245103	0.022296
1021	U	0.411534	0.028351
1022	G	0.228204	0.144195
1023	G	0.505202	0.041468
1024	U	0.609857	0.038258
1025	G	0.516493	0.0359
1026	U	0.078945	0.029728
1027	A	0.71555	0.034278
1028	C	0.02679	0.04891
1029	C	0.100489	0.071829
1030	U	1.454023	0.094251
1031	C	3.644459	0.460418
1032	U	0.825027	0.089485
1033	U	1.553407	0.058732
1034	U	0.169069	0.029296
1035	U	0.576163	0.031139
1036	G	0.67272	0.054641
1037	U	0.034034	0.101205
1038	C	nan	nan
1039	C	0.207605	0.066634
1040	U	0.443553	0.028531
1041	A	0.135576	0.020665
1042	G	1.108183	0.066197
1043	A	1.045279	0.071728
1044	U	0.729699	0.044326
1045	U	0.68938	0.038606
1046	U	0.227822	0.020303
1047	A	0.398888	0.027013
1048	G	0.229655	0.050532
1049	G	0.125157	0.044956
1050	A	0.341086	0.045028
1051	U	0.061452	0.024312
1052	U	0.817854	0.037964
1053	G	0.126663	0.046168
1054	A	0.378086	0.039762
1055	G	0.088308	0.057857
1056	A	0.285737	0.028827
1057	C	0.461328	0.082336
1058	U	0.358056	0.062334
1059	C	0.134927	0.049225
1060	C	0.003045	0.082576
1061	U	0.599888	0.090487
1062	A	0.183847	0.029966
1063	A	0.883336	0.033735
1064	A	0.194676	0.019208
1065	A	0.304177	0.029883
1066	C	0.246636	0.029621
1067	U	0.890149	0.035863
1068	G	0.88963	0.042241
1069	U	0.58141	0.037024
1070	A	0.342971	0.024707
1071	C	0.484017	0.083468
1072	U	0.418073	0.030251
1073	U	0.008102	0.018205
1074	A	0.782927	0.054734
1075	G	0.209793	0.040842
1076	C	0.252216	0.034073
1077	A	0.558441	0.027999
1078	U	0.394301	0.02712
1079	G	0.748515	0.06565
1080	U	0.721394	0.039611
1081	U	0.486978	0.028392
1082	G	0.153121	0.101261
1083	A	0.580286	0.030945
1084	A	0.365203	0.027609
1085	C	0.1827	0.028411
1086	A	0.294933	0.023337
1087	U	0.262025	0.025955
1088	G	0.545019	0.054974
1089	C	0.010927	0.11249
1090	C	0.446606	0.091276
1091	C	nan	nan
1092	A	0.644883	0.034684
1093	U	1.220008	0.05777
1094	C	nan	nan
1095	A	0.046555	0.018127
1096	U	0.113413	0.044976
1097	C	nan	nan
1098	A	1.192404	0.048315
1099	U	1.129685	0.04773
1100	U	0.294496	0.074645
1101	C	0.390737	0.05081
1102	C	0.202768	0.073083
1103	A	0.422641	0.051239
1104	G	0.207206	0.053639
1105	G	0.009852	0.073441
1106	A	0.316928	0.056017
1107	C	0.150452	0.03553
1108	U	0.533207	0.050781
1109	C	nan	nan
1110	A	0.976357	0.044366
1111	A	1.24475	0.051825
1112	U	0.731648	0.043549
1113	G	0.191501	0.051793
1114	A	0.585392	0.044342
1115	G	0.340129	0.065829
1116	G	0.056473	0.177399
1117	C	0.181787	0.047951
1118	U	0.571062	0.044965
1119	G	0.497598	0.042705
1120	U	0.187124	0.091986
1121	A	0.537283	0.038794
1122	C	0.098249	0.037358
1123	C	0.083113	0.077202
1124	A	0.531604	0.038785
1125	U	0.17965	0.086108
1126	C	0.422928	0.045716
1127	U	0.664044	0.03992
1128	A	1.165752	0.04992
1129	U	1.101201	0.048683
1130	U	0.258605	0.029135
1131	A	0.174831	0.029414
1132	G	0.518452	0.05683
1133	A	1.851739	0.077589
1134	A	0.150551	0.035017
1135	G	1.884641	0.15123
1136	A	1.214816	0.072862
1137	G	0.420148	0.083964
1138	G	0.299315	0.148234
1139	C	0.013474	0.155526
1140	C	0.152446	0.465807
1141	U	0.714871	0.066218
1142	U	0.130059	0.03195
1143	A	1.016478	0.069182
1144	U	0.161143	0.131619
1145	C	0.191288	0.076665
1146	U	1.411239	0.065633
1147	U	0.126997	0.062432
1148	C	0.880844	0.066596
1149	U	nan	nan
1150	C	0.129561	0.082678
1151	U	0.301555	0.035557
1152	A	1.928655	0.100966
1153	U	0.718656	0.060201
1154	U	0.474867	0.049079
1155	U	0.319519	0.036137
1156	U	0.151035	0.054636
1157	C	0.95696	0.109173
1158	U	0.657466	0.076442
1159	U	0.723918	0.051439
1160	U	0.090071	0.058147
1161	C	0.560358	0.069888
1162	U	0.519985	0.045743
1163	U	0.446581	0.037424
1164	G	1.482598	0.091329
1165	U	0.101687	0.038937
1166	U	0.311658	0.032887
1167	G	nan	nan
1168	A	0.141264	0.033126
1169	C	0.088371	0.037448
1170	U	0.392962	0.047012
1171	C	0.105325	0.0695
1172	A	1.044937	0.051976
1173	U	0.241433	0.039317
1174	U	0.14542	0.029651
1175	G	0.617655	0.073107
1176	A	0.078192	0.024622
1177	A	1.671277	0.049097
1178	A	0.310269	0.029387
1179	U	1.155411	0.05027
1180	A	0.817717	0.047676
1181	U	0.268295	0.03914
1182	U	0.402726	0.033652
1183	U	0.474998	0.03464
1184	C	0.102171	0.041414
1185	A	0.3429	0.033705
1186	G	0.404094	0.080439
1187	G	0.981277	0.062265
1188	U	0.174874	0.043314
1189	C	0.125113	0.287953
1190	A	0.49324	0.029058
1191	A	0.445289	0.028694
1192	U	0.370691	0.033801
1193	G	1.167641	0.117451
1194	U	0.51003	0.062877
1195	U	0.353557	0.033037
1196	U	0.146585	0.024982
1197	G	0.238149	0.048988
1198	C	0.128719	0.033751
1199	U	0.250899	0.03215
1200	A	0.366578	0.025765
1201	G	0.084501	0.043217
1202	C	0.120398	0.026162
1203	A	1.483764	0.0673
1204	U	0.399338	0.042318
1205	U	0.482873	0.036452
1206	U	0.511523	0.03768
1207	C	0.148076	0.041198
1208	U	0.407627	0.028694
1209	G	0.489061	0.060848
1210	C	nan	nan
1211	U	0.132417	0.029909
1212	G	0.599707	0.090458
1213	G	0.038415	0.037542
1214	U	0.017431	0.025095
1215	A	0.934558	0.036392
1216	U	0.144484	0.059328
1217	C	0.429796	0.044173
1218	U	0.851903	0.044861
1219	G	3.931342	0.106914
1220	U	0.085833	0.029177
1221	G	1.149347	0.057378
1222	U	0.446831	0.039347
1223	U	0.424823	0.031028
1224	C	0.103175	0.067888
1225	G	0.559	0.059177
1226	A	0.364366	0.02869
1227	A	0.355222	0.02636
1228	G	0.226339	0.03368
1229	C	nan	nan
1230	U	0.687208	0.043051
1231	U	2.187361	0.056216
1232	C	0.131507	0.043592
1233	A	0.46494	0.029185
1234	U	0.68128	0.035999
1235	G	0.322891	0.055233
1236	C	0.568593	0.365331
1237	U	0.601644	0.067674
1238	U	0.831517	0.044685
1239	U	0.258075	0.033023
1240	U	1.426703	0.066556
1241	A	0.585557	0.030148
1242	C	0.163299	0.055159
1243	U	0.293146	0.060284
1244	U	0.728044	0.04047
1245	U	0.499117	0.033317
1246	C	0.09619	0.055528
1247	G	nan	nan
1248	A	0.326378	0.025645
1249	A	0.492459	0.034255
1250	C	0.485785	0.035583
1251	A	0.461995	0.029362
1252	U	0.254186	0.037554
1253	G	0.839359	0.049789
1254	U	0.067544	0.030202
1255	A	1.340047	0.04277
1256	U	0.731189	0.071045
1257	C	0.080068	0.057141
1258	C	0.953172	0.329915
1259	U	0.453724	0.071313
1260	U	1.058122	0.046382
1261	U	0.360844	0.032103
1262	U	0.653354	0.066149
1263	C	0.082797	0.049325
1264	C	0.188976	0.072187
1265	U	0.301903	0.037984
1266	A	0.208472	0.033213
1267	G	0.776371	0.078237
1268	C	nan	nan
1269	C	0.226872	0.148332
1270	U	0.263634	0.048579
1271	U	0.591586	0.046646
1272	G	0.766071	0.071892
1273	C	0.060205	0.047291
1274	C	0.149748	0.076665
1275	A	0.894385	0.115082
1276	U	0.517508	0.057849
1277	U	0.994681	0.052712
1278	U	0.444194	0.040259
1279	U	0.65276	0.038017
1280	A	1.305292	0.056663
1281	U	0.370105	0.037273
1282	U	0.581604	0.03762
1283	C	0.235369	0.081681
1284	G	0.949853	0.080601
1285	A	1.728873	0.06297
1286	G	0.330796	0.082124
1287	A	0.713312	0.043969
1288	A	0.215427	0.035606
1289	C	0.526983	0.048159
1290	A	0.400292	0.036555
1291	U	0.488196	0.050961
1292	U	1.244788	0.054152
1293	A	1.861804	0.066273
1294	U	0.35801	0.035341
1295	A	0.51997	0.043354
1296	G	0.642866	0.130089
1297	G	0.414057	0.056685
1298	U	0.718953	0.053596
1299	G	0.316238	0.082391
1300	C	0.096591	0.080124
1301	A	1.367428	0.059309
1302	A	0.67491	0.040928
1303	U	0.199606	0.035012
1304	G	0.280718	0.058184
1305	C	0.407503	0.06636
1306	U	0.649052	0.054042
1307	C	nan	nan
1308	A	0.275539	0.031689
1309	A	0.327738	0.038512
1310	G	0.175609	0.069607
1311	A	0.196314	0.037718
1312	C	0.307236	0.037427
1313	A	0.733114	0.041935
1314	U	0.304927	0.039464
1315	U	0.57101	0.076072
1316	C	0.031112	0.054618
1317	C	0.06538	0.072366
1318	U	0.840641	0.069666
1319	A	0.387205	0.034906
1320	A	0.464893	0.032043
1321	A	0.540111	0.038659
1322	C	0.121267	0.036203
1323	C	nan	nan
1324	A	0.759508	0.047028
1325	U	0.349269	0.038777
1326	U	0.971731	0.048642
1327	C	0.024441	0.053419
1328	A	0.410794	0.037102
1329	G	0.449393	0.081107
1330	G	0.11034	0.130044
1331	U	0.025614	0.030016
1332	U	0.287596	0.032741
1333	G	0.127835	0.055647
1334	A	1.063377	0.074075
1335	U	0.21116	0.048868
1336	U	0.462361	0.051924
1337	U	0.222285	0.049947
1338	C	0.316876	0.065276
1339	U	0.523705	0.046659
1340	U	0.402874	0.032871
1341	G	0.923482	0.061226
1342	U	0.711287	0.042485
1343	U	0.195895	0.025661
1344	A	0.933403	0.04235
1345	U	0.351996	0.035518
1346	G	1.567758	0.057558
1347	U	0.054633	0.047289
1348	A	0.188537	0.026077
1349	U	0.058365	0.024923
1350	G	1.083022	0.054016
1351	U	0.538279	0.043801
1352	U	0.092948	0.025518
1353	A	1.005897	0.044613
1354	U	0.378943	0.047948
1355	C	0.442524	0.062633
1356	A	0.880475	0.041868
1357	U	0.54598	0.042937
1358	U	0.650751	0.04195
1359	G	0.898233	0.069209
1360	C	0.123148	0.056384
1361	C	0.10963	0.059974
1362	A	0.412185	0.0429
1363	G	0.482956	0.080622
1364	G	0.152614	0.08186
1365	A	0.739219	0.039743
1366	A	0.269308	0.035299
1367	C	0.140044	0.060952
1368	A	0.557593	0.033839
1369	U	1.127145	0.135179
1370	C	nan	nan
1371	C	0.273701	0.083113
1372	U	0.688958	0.041887
1373	A	0.664387	0.060082
1374	G	0.44224	0.10726
1375	G	0.456411	0.099103
1376	G	0.169759	0.114143
1377	U	0.378977	0.045532
1378	U	0.254041	0.086583
1379	C	0.133306	0.052424
1380	U	0.491802	0.039779
1381	G	0.439993	0.066715
1382	A	0.86918	0.083344
1383	U	0.793731	0.057672
1384	U	0.199211	0.032458
1385	U	0.061587	0.034871
1386	U	0.613025	0.043718
1387	C	0.148878	0.052827
1388	A	1.109744	0.060002
1389	U	0.732995	0.040827
1390	U	0.103633	0.093701
1391	C	0.571172	0.066521
1392	C	nan	nan
1393	A	1.632429	0.082406
1394	U	1.059505	0.059144
1395	U	0.122971	0.025351
1396	U	0.518409	0.036
1397	G	0.336587	0.140845
1398	G	0.80958	0.057624
1399	U	0.825867	0.05481
1400	G	1.020008	0.088651
1401	U	1.074943	0.053205
1402	U	0.134773	0.027903
1403	G	1.144692	0.048688
1404	U	0.124331	0.113588
1405	C	0.514862	0.062238
1406	U	nan	nan
1407	C	0.080606	0.070037
1408	C	0.092965	0.058932
1409	A	0.781719	0.04346
1410	G	0.810115	0.052241
1411	U	0.396317	0.043675
1412	G	0.557528	0.064701
1413	A	1.012135	0.051138
1414	U	0.711882	0.042781
1415	U	0.531382	0.037696
1416	G	1.399838	0.057511
1417	U	0.144278	0.025385
1418	G	0.915952	0.079111
1419	A	0.186191	0.035278
1420	A	1.074194	0.048644
1421	A	0.325367	0.037614
1422	G	2.209831	0.08592
1423	A	0.168696	0.034987
1424	G	nan	nan
1425	A	0.208373	0.033993
1426	G	0.309549	0.046888
1427	C	0.122599	0.02941
1428	U	0.678422	0.074109
1429	C	0.287054	0.058327
1430	U	0.425044	0.043735
1431	G	2.596704	0.070894
1432	U	0.060504	0.028488
1433	G	1.184306	0.053497
1434	U	0.071584	0.064203
1435	C	0.197215	0.103534
1436	U	0.80368	0.042951
1437	U	0.325534	0.036413
1438	G	1.429318	0.051835
1439	U	0.116758	0.027252
1440	G	0.151718	0.083293
1441	A	0.52931	0.035782
1442	A	0.64321	0.036232
1443	U	0.274377	0.030873
1444	U	0.244404	0.026775
1445	A	0.403407	0.029901
1446	G	1.168268	0.047933
1447	U	0.151421	0.029796
1448	C	0.000737	0.074471
1449	A	1.545662	0.045661
1450	U	0.036712	0.036272
1451	C	nan	nan
1452	A	1.700105	0.10571
1453	U	0.897504	0.055362
1454	U	0.854448	0.041355
1455	U	0.056246	0.023255
1456	U	0.530852	0.037874
1457	U	0.124298	0.044425
1458	C	0.457979	0.058825
1459	U	0.570603	0.04287
1460	C	nan	nan
1461	A	1.300241	0.04311
1462	C	0.053826	0.039079
1463	A	2.309866	0.057588
1464	A	0.080101	0.028994
1465	C	0.316141	0.032821
1466	A	1.116696	0.055865
1467	U	0.421699	0.04382
1468	U	0.203125	0.028492
1469	U	0.280374	0.041016
1470	G	0.410661	0.050088
1471	C	0.082242	0.033094
1472	C	nan	nan
1473	A	0.290787	0.029933
1474	G	1.277564	0.09656
1475	U	0.548638	0.048809
1476	U	0.174597	0.025342
1477	U	0.445264	0.052903
1478	A	0.338593	0.029514
1479	G	0.489085	0.045676
1480	C	nan	nan
1481	U	0.307231	0.056629
1482	U	0.731127	0.052789
1483	U	0.655581	0.059462
1484	C	0.824594	0.401518
1485	U	0.812179	0.069657
1486	U	0.606985	0.036292
1487	U	0.235016	0.036178
1488	U	0.573885	0.039723
1489	C	0.300335	0.049779
1490	A	1.33897	0.053373
1491	U	0.265412	0.032346
1492	U	0.611214	0.032456
1493	G	0.592597	0.050062
1494	C	nan	nan
1495	C	0.264725	0.048748
1496	U	0.555095	0.093098
1497	C	0.257899	0.043723
1498	C	nan	nan
1499	A	0.418892	0.029921
1500	A	0.831949	0.038891
1501	C	0.277239	0.051614
1502	U	0.177603	0.034936
1503	G	0.109408	0.055133
1504	G	0.2808	0.055522
1505	A	0.381183	0.055538
1506	A	0.22289	0.033551
1507	G	0.414151	0.040229
1508	U	nan	nan
1509	C	0.048184	0.061798
1510	C	nan	nan
1511	A	0.174712	0.029059
1512	G	0.767102	0.052478
1513	A	0.84555	0.050726
1514	U	0.40092	0.035007
1515	U	0.452411	0.028173
1516	G	1.007663	0.071798
1517	U	0.159002	0.034688
1518	U	0.708522	0.036707
1519	C	nan	nan
1520	A	0.272994	0.024985
1521	A	0.16361	0.024408
1522	G	0.409512	0.042395
1523	C	nan	nan
1524	U	1.165843	0.048258
1525	U	0.20319	0.066915
1526	C	0.509559	0.048637
1527	U	0.433782	0.044404
1528	C	nan	nan
1529	A	1.052377	0.037618
1530	C	0.135374	0.045984
1531	A	0.616258	0.035525
1532	A	1.177723	0.038906
1533	A	0.136762	0.019963
1534	U	0.321207	0.031149
1535	G	0.139283	0.051653
1536	C	0.120007	0.038517
1537	U	0.820236	0.061691
1538	C	0.137746	0.072366
1539	C	nan	nan
1540	U	0.729044	0.048572
1541	C	0.04711	0.06144
1542	G	0.529142	0.06287
1543	C	0.01054	0.053413
1544	U	0.458068	0.044685
1545	A	0.738883	0.034856
1546	A	0.466826	0.029581
1547	U	0.558788	0.033255
1548	G	1.101596	0.094677
1549	U	0.101191	0.039683
1550	U	0.337889	0.033525
1551	U	0.240303	0.033784
1552	C	nan	nan
1553	A	0.190497	0.025556
1554	A	1.311686	0.044682
1555	C	nan	nan
1556	A	0.519779	0.0379
1557	A	1.565543	0.045599
1558	A	0.116461	0.0202
1559	A	0.17059	0.022746
1560	U	1.054972	0.041225
1561	A	0.164902	0.024115
1562	C	1.257014	0.053412
1563	A	0.332786	0.058741
1564	C	0.152438	0.037276
1565	A	0.17322	0.028979
1566	A	0.99415	0.040252
1567	A	0.690495	0.038092
1568	U	0.327308	0.047846
1569	C	nan	nan
1570	C	0.217636	0.069679
1571	U	0.592622	0.072055
1572	C	0.117554	0.04814
1573	U	0.367733	0.038349
1574	G	0.414013	0.050122
1575	A	1.129569	0.084922
1576	U	0.401595	0.038533
1577	U	0.350491	0.034509
1578	U	0.211407	0.029743
1579	G	0.665145	0.055043
1580	C	0.262001	0.114533
1581	A	0.389335	0.041686
1582	U	0.448213	0.092522
1583	C	0.219914	0.058917
1584	C	0.113918	0.054852
1585	C	nan	nan
1586	G	0.5491	0.082568
1587	G	0.539987	0.07772
1588	G	0.487548	0.055648
1589	U	0.768796	0.059091
1590	G	0.492283	0.091008
1591	U	0.215066	0.041616
1592	U	0.373665	0.034532
1593	G	0.109215	0.057752
1594	C	0.523019	0.096591
1595	A	0.635555	0.034087
1596	A	0.818244	0.045259
1597	U	0.150658	0.030591
1598	U	0.427728	0.031992
1599	G	0.18169	0.039588
1600	C	0.121269	0.063387
1601	U	1.10664	0.071776
1602	C	nan	nan
1603	U	1.525791	0.061259
1604	U	0.091718	0.055808
1605	C	0.617117	0.061114
1606	U	nan	nan
1607	C	3.276433	0.450408
1608	U	0.53061	0.051158
1609	U	0.566118	0.038342
1610	U	0.421538	0.03645
1611	A	0.662507	0.037322
1612	A	1.747325	0.063313
1613	U	0.616308	0.051794
1614	U	0.318982	0.033035
1615	U	0.471493	0.035273
1616	G	0.788169	0.054085
1617	C	0.522036	0.092167
1618	C	0.040693	0.050306
1619	U	0.84431	0.077723
1620	C	0.589381	0.530866
1621	U	0.378558	0.046988
1622	U	0.894647	0.048306
1623	U	0.34515	0.045788
1624	C	0.069142	0.063589
1625	A	0.222562	0.031778
1626	G	1.190863	0.060366
1627	C	0.107214	0.050017
1628	G	0.845356	0.057916
1629	U	0.6938	0.08631
1630	C	0.776418	0.226609
1631	U	0.748759	0.081902
1632	U	0.844595	0.052955
1633	U	0.12552	0.028914
1634	U	0.184088	0.031701
1635	G	0.872844	0.047652
1636	U	0.249487	0.036213
1637	C	0.188976	0.077202
1638	A	0.850461	0.051912
1639	U	0.348471	0.037975
1640	U	0.407256	0.03535
1641	G	1.9046	0.063353
1642	U	0.015261	0.031351
1643	G	1.143532	0.075329
1644	U	0.307251	0.042791
1645	U	0.400647	0.037211
1646	C	0.118043	0.066992
1647	A	0.839008	0.040876
1648	G	0.984775	0.043871
1649	U	0.706966	0.041652
1650	G	0.760687	0.041751
1651	U	0.31214	0.071276
1652	C	0.023644	0.064305
1653	A	0.834928	0.032754
1654	A	0.480649	0.035122
1655	U	0.256269	0.025693
1656	G	0.430336	0.040664
1657	C	0.290511	0.068327
1658	U	0.81496	0.055681
1659	C	nan	nan
1660	U	0.295667	0.027217
1661	U	0.299805	0.023389
1662	A	1.343543	0.038547
1663	U	0.093233	0.023051
1664	U	0.206701	0.036867
1665	A	0.124864	0.023167
1666	G	0.924011	0.051904
1667	A	0.703324	0.042904
1668	U	0.221612	0.028061
1669	A	0.178469	0.017807
1670	G	0.176019	0.032196
1671	C	2.196378	0.220923
1672	U	1.691088	0.047774
1673	U	0.236399	0.048491
1674	C	0.79391	0.042401
1675	U	0.153374	0.052498
1676	C	0.082291	0.109695
1677	U	0.420922	0.035702
1678	U	0.118311	0.024078
1679	G	1.604867	0.088522
1680	U	0.82342	0.044574
1681	U	0.309471	0.024695
1682	U	0.12129	0.017422
1683	A	0.255451	0.024952
1684	G	0.822434	0.040024
1685	U	0.05121	0.047878
1686	C	1.187066	0.062971
1687	U	0.06931	0.083565
1688	C	0.195102	0.049207
1689	U	0.51726	0.033845
1690	G	2.633999	0.105751
1691	U	0.389338	0.041254
1692	U	0.590097	0.032038
1693	U	0.055587	0.035876
1694	C	0.65606	0.258409
1695	U	0.555456	0.035873
1696	U	0.38184	0.050675
1697	C	0.75679	0.14747
1698	U	0.386205	0.03919
1699	U	0.425235	0.028501
1700	U	0.399497	0.0454
1701	C	0.0485	0.037696
1702	C	0.213157	0.059648
1703	U	0.327451	0.030805
1704	A	2.072458	0.0521
1705	U	0.222993	0.032604
1706	U	0.487484	0.026395
1707	G	1.160591	0.060363
1708	U	0.423758	0.035147
1709	U	0.389028	0.041476
1710	C	0.67327	0.090571
1711	U	0.763352	0.0762
1712	U	1.133443	0.039895
1713	U	0.119168	0.022364
1714	G	2.159965	0.050131
1715	U	0.066649	0.031098
1716	G	0.65056	0.040973
1717	U	0.077017	0.021741
1718	G	nan	nan
1719	A	0.215802	0.024971
1720	C	0.136408	0.039816
1721	C	nan	nan
1722	A	0.993634	0.072922
1723	U	0.570491	0.038844
1724	U	0.690327	0.036952
1725	U	0.188111	0.02791
1726	U	0.258795	0.039107
1727	C	0.560299	0.047065
1728	U	0.41195	0.028201
1729	U	0.120136	0.019426
1730	G	0.004299	0.065918
1731	G	0.193127	0.052254
1732	U	0.028482	0.047172
1733	C	nan	nan
1734	A	0.352512	0.026064
1735	U	0.200332	0.029598
1736	G	0.666006	0.059934
1737	U	0.146875	0.025115
1738	U	0.144259	0.021954
1739	G	0.515142	0.036076
1740	U	0.214496	0.06781
1741	C	0.005195	0.073441
1742	C	0.247549	0.077023
1743	C	1.372398	0.27525
1744	U	0.058635	0.033378
1745	U	0.133525	0.028347
1746	A	0.7366	0.057927
1747	C	0.152134	0.036539
1748	C	0.282658	0.097623
1749	C	16.09036	0.659444
1750	U	0.729457	0.053819
1751	U	0.589042	0.077944
1752	C	nan	nan
1753	U	0.571074	0.072891
1754	U	0.92101	0.048394
1755	U	0.146971	0.02672
1756	U	0.178102	0.029664
1757	U	0.168025	0.045704
1758	C	0.664722	0.075723
1759	U	0.723633	0.070809
1760	U	0.323097	0.029811
1761	U	0.189904	0.030198
1762	G	0.255895	0.057601
1763	G	0.194572	0.055006
1764	A	0.541271	0.046264
1765	A	0.82858	0.050219
1766	G	0.462834	0.05288
1767	U	0.619654	0.047757
1768	G	0.691472	0.054785
1769	C	0.468321	0.069252
1770	G	1.153353	0.056366
1771	U	0.217499	0.036083
1772	U	0.913868	0.04124
1773	G	1.121425	0.049645
1774	U	0.346272	0.040771
1775	U	0.221005	0.033451
1776	A	1.661626	0.065633
1777	U	0.292044	0.03418
1778	U	0.25794	0.046069
1779	U	0.096516	0.0785
1780	C	0.074509	0.045333
1781	C	0.099414	0.058932
1782	A	0.420259	0.109203
1783	U	0.417666	0.042515
1784	U	0.390342	0.040424
1785	U	0.464211	0.046655
1786	C	nan	nan
1787	C	0.135274	0.057441
1788	U	1.239376	0.079083
1789	C	0.338538	0.091156
1790	U	0.793284	0.071087
1791	U	0.280503	0.044501
1792	U	0.374538	0.029862
1793	G	1.261914	0.049148
1794	U	0.121088	0.131298
1795	C	0.12914	0.044501
1796	C	0.10228	0.066097
1797	A	0.664959	0.049808
1798	U	0.162463	0.022074
1799	U	0.374806	0.036795
1800	G	0.558707	0.057976
1801	A	0.322589	0.035922
1802	G	0.947218	0.054229
1803	U	0.002811	0.103071
1804	C	0.263858	0.04895
1805	C	0.008848	0.065132
1806	A	0.600765	0.034491
1807	U	0.453905	0.044304
1808	C	nan	nan
1809	A	1.414693	0.047361
1810	C	0.006144	0.029002
1811	A	0.424922	0.040454
1812	U	0.523909	0.047383
1813	C	0.122879	0.077382
1814	C	0.386908	0.076665
1815	C	0.430256	0.078456
1816	U	0.182222	0.034948
1817	G	nan	nan
1818	A	0.524953	0.035743
1819	G	0.431197	0.041143
1820	U	0.509366	0.066247
1821	A	0.15793	0.024324
1822	A	0.720316	0.035811
1823	A	0.569351	0.031458
1824	U	0.192051	0.059406
1825	C	0.378811	0.047454
1826	U	0.514905	0.036569
1827	A	0.885271	0.03847
1828	U	0.345184	0.042054
1829	U	0.26405	0.028344
1830	A	0.204105	0.026992
1831	G	0.82894	0.052076
1832	C	0.049647	0.041944
1833	C	0.06563	0.10508
1834	U	0.445815	0.040586
1835	U	0.360107	0.057451
1836	C	nan	nan
1837	C	nan	nan
1838	U	0.458239	0.038672
1839	G	0.454038	0.064237
1840	A	0.710591	0.040217
1841	U	0.365822	0.042341
1842	U	0.254111	0.039245
1843	C	0.293965	0.054864
1844	A	0.741783	0.040029
1845	U	0.172924	0.032658
1846	U	0.515792	0.032387
1847	A	0.091849	0.034994
1848	G	0.765186	0.05106
1849	C	0.121003	0.040869
1850	C	0.148257	0.042831
1851	G	1.123693	0.062653
1852	U	0.265869	0.034483
1853	U	1.30058	0.055294
1854	A	0.465508	0.033893
1855	A	0.255557	0.022776
1856	A	0.299469	0.02543
1857	C	0.047193	0.026102
1858	C	0.011106	0.061798
1859	G	0.491012	0.075064
1860	U	0.073479	0.031323
1861	U	0.343946	0.035767
1862	C	0.081501	0.061798
1863	G	0.048363	0.056961
1864	A	1.248138	0.041661
1865	U	0.120888	0.059927
1866	C	0.113095	0.037483
1867	U	0.160599	0.024197
1868	G	0.195207	0.035851
1869	A	0.138422	0.026212
1870	A	0.207606	0.026784
1871	G	0.108734	0.04821
1872	A	0.256939	0.037167
1873	C	0.089464	0.052351
1874	C	0.201091	0.043947
1875	U	1.261706	0.090448
1876	C	0.270477	0.052842
1877	U	0.324201	0.030203
1878	A	1.732867	0.047534
1879	U	0.310955	0.024788
1880	A	0.836167	0.036376
1881	G	0.793718	0.042258
1882	U	1.561052	0.054643
1883	G	0.500783	0.047835
1884	U	0.966376	0.042221
1885	U	0.143871	0.022416
1886	A	0.378792	0.028245
1887	G	0.538637	0.059684
1888	C	0.040937	0.027098
1889	C	0.1859	0.048903
1890	A	1.366084	0.040752
1891	A	0.595552	0.037317
1892	U	0.839874	0.03559
1893	G	0.67207	0.064696
1894	C	0.105611	0.044121
1895	A	0.736655	0.034075
1896	G	0.795906	0.052566
1897	U	0.602087	0.041597
1898	U	0.454162	0.033323
1899	G	0.359279	0.047984
1900	C	nan	nan
1901	A	0.478428	0.030327
1902	G	0.629556	0.056452
1903	C	0.197885	0.032984
1904	C	0.232353	0.051686
1905	G	0.411173	0.057574
1906	G	0.478818	0.075498
1907	C	0.015801	0.081398
1908	U	0.097571	0.031505
1909	G	0.380848	0.046557
1910	A	0.692056	0.037919
1911	U	0.569021	0.033115
1912	U	0.62983	0.046158
1913	C	0.260007	0.046792
1914	C	0.242457	0.040876
1915	U	0.887638	0.038508
1916	G	1.925401	0.086785
1917	U	1.847368	0.062485
1918	U	0.714909	0.032223
1919	U	1.08618	0.03532
1920	A	1.72959	0.04301
1921	A	0.965887	0.032578
1922	U	0.529612	0.029503
1923	G	1.740353	0.046068
1924	U	0.288316	0.065348
1925	C	0.448402	0.049919
1926	C	0.707229	0.059137
1927	A	1.596487	0.040676
1928	A	1.043081	0.034939
1929	U	0.663151	0.035658
1930	C	0.353973	0.045894
1931	A	0.817082	0.034662
1932	U	1.529654	0.041286
1933	A	0.529224	0.033602
1934	G	0.200155	0.057563
1935	G	0.54247	0.044643
1936	U	0.136935	0.0434
1937	C	0.233398	0.056066
1938	U	1.002943	0.038381
1939	G	0.689898	0.05202
1940	G	0.236631	0.04282
1941	C	nan	nan
1942	G	nan	nan
1943	G	nan	nan
1944	C	nan	nan
1945	C	nan	nan
1946	U	0.121119	0.032769
1947	U	0.329228	0.026025
1948	G	1.504339	0.078099
1949	G	0.461072	0.057937
1950	G	0.594435	0.046235
1951	U	0.619918	0.038142
1952	C	nan	nan
1953	A	0.469418	0.031238
1954	G	0.110041	0.036199
1955	C	0.111471	0.038938
1956	U	2.602367	0.050868
1957	U	4.032038	0.059304
1958	G	1.273681	0.0413
1959	U	0.127138	0.119416
1960	C	0.163936	0.038059
1961	C	0.080964	0.053021
1962	A	1.062663	0.036628
1963	C	0.224233	0.026294
1964	U	1.538956	0.050064
1965	C	0.099391	0.103697
1966	U	0.526516	0.037997
1967	U	0.488286	0.050216
1968	G	1.170617	0.078701
1969	U	1.709793	0.067696
1970	U	0.114784	0.023618
1971	U	0.022403	0.01092
1972	G	1.739945	0.055375
1973	U	0.039605	0.029544
1974	U	0.210667	0.023985
1975	G	0.425287	0.05168
1976	A	0.660554	0.037085
1977	A	1.071035	0.033409
1978	U	0.244339	0.022421
1979	G	0.411663	0.05656
1980	A	0.457008	0.02767
1981	C	0.241581	0.115483
1982	U	1.644166	0.044461
1983	U	0.085651	0.067299
1984	C	0.355106	0.039578
1985	C	0.045497	0.044602
1986	A	1.256009	0.035299
1987	U	0.793054	0.037329
1988	C	0.299086	0.043356
1989	G	1.400656	0.086839
1990	U	0.321238	0.03955
1991	U	0.559544	0.041243
1992	U	0.858828	0.0344
1993	C	0.303412	0.045027
1994	A	1.026049	0.033089
1995	A	0.493678	0.027402
1996	G	0.863987	0.069852
1997	A	0.106359	0.025453
1998	C	1.078486	0.046414
1999	A	0.133511	0.01896
2000	C	0.266978	0.02994
2001	G	0.593515	0.054056
2002	A	0.602592	0.031716
2003	G	nan	nan
2004	U	0.759329	0.044711
2005	U	0.356694	0.028393
2006	U	0.158919	0.025594
2007	U	0.563156	0.033177
2008	C	0.083565	0.063903
2009	A	0.83816	0.040338
2010	A	0.825382	0.031273
2011	A	0.269283	0.025585
2012	G	0.602127	0.046394
2013	A	0.484469	0.037843
2014	U	0.4425	0.035998
2015	U	0.464532	0.048061
2016	C	0.156913	0.050334
2017	C	0.071503	0.045037
2018	U	0.931288	0.03894
2019	G	0.861068	0.072979
2020	G	0.38744	0.070064
2021	G	0.934307	0.077269
2022	U	1.872877	0.054902
2023	G	0.378662	0.067371
2024	G	0.153935	0.086228
2025	G	nan	nan
2026	A	0.641203	0.043047
2027	C	0.113299	0.055057
2028	U	0.539677	0.053127
2029	C	nan	nan
2030	U	0.933171	0.041033
2031	U	0.42652	0.030174
2032	C	0.143022	0.045369
2033	A	0.604067	0.037112
2034	A	0.647139	0.035099
2035	G	nan	nan
2036	G	0.568065	0.127971
2037	A	1.254776	0.043982
2038	A	1.165567	0.035518
2039	A	0.282358	0.035233
2040	G	0.289528	0.075479
2041	C	nan	nan
2042	C	0.21796	0.039393
2043	A	1.152022	0.037836
2044	C	0.211831	0.028434
2045	U	1.017809	0.036149
2046	G	0.978116	0.048249
2047	C	0.07103	0.079141
2048	U	1.033662	0.041634
2049	U	0.210822	0.06936
2050	C	0.206946	0.079633
2051	C	0.26289	0.046131
2052	A	1.002947	0.045254
2053	G	0.472032	0.064893
2054	G	1.070829	0.070478
2055	A	0.282021	0.030266
2056	C	1.11952	0.042781
2057	A	0.016377	0.021433
2058	C	0.20343	0.032713
2059	A	0.858445	0.03073
2060	A	0.741281	0.031541
2061	U	0.463508	0.044108
2062	C	0.327317	0.033131
2063	U	0.497607	0.026031
2064	G	1.792382	0.083343
2065	U	0.577465	0.059897
2066	U	1.604331	0.04046
2067	U	0.062241	0.017449
2068	G	1.250386	0.034014
2069	U	0.137661	0.023777
2070	G	0.366696	0.044276
2071	C	0.178682	0.084057
2072	A	0.704695	0.026448
2073	U	1.245296	0.033858
2074	A	0.899932	0.027314
2075	U	0.254549	0.057406
2076	C	0.063159	0.030367
2077	C	nan	nan
2078	A	1.158443	0.030894
2079	C	0.518114	0.040229
2080	U	0.41276	0.026775
2081	U	0.48092	0.023325
2082	G	0.489857	0.039354
2083	G	0.100753	0.04033
2084	C	0.0553	0.042028
2085	U	0.331912	0.040054
2086	C	nan	nan
2087	A	0.767891	0.030189
2088	U	0.451033	0.026283
2089	U	0.946283	0.030808
2090	A	0.865063	0.027173
2091	U	0.430455	0.041007
2092	C	nan	nan
2093	C	0.26992	0.047318
2094	U	2.391648	0.05015
2095	C	0.053826	0.050139
2096	A	0.346741	0.02664
2097	G	0.171857	0.037169
2098	G	0.38573	0.061451
2099	C	0.153858	0.079141
2100	A	1.261007	0.032775
2101	A	0.673058	0.035577
2102	U	0.680226	0.032862
2103	G	0.676157	0.060028
2104	G	1.187324	0.040276
2105	U	0.104686	0.05998
2106	C	0.143336	0.039603
2107	C	nan	nan
2108	A	0.69382	0.025343
2109	U	0.65143	0.040646
2110	C	0.306784	0.035396
2111	A	1.273875	0.061442
2112	A	0.823226	0.038779
2113	U	0.257841	0.031666
2114	U	0.565875	0.028417
2115	G	0.362905	0.06144
2116	G	0.358428	0.050846
2117	G	0.854036	0.080879
2118	U	0.307049	0.027936
2119	U	0.823763	0.026083
2120	A	0.77684	0.027099
2121	A	1.410545	0.036814
2122	G	1.591241	0.080446
2123	U	0.176401	0.028156
2124	U	0.718086	0.040963
2125	G	0.498603	0.059731
2126	G	1.153313	0.06583
2127	G	0.146339	0.046461
2128	G	0.688234	0.039693
2129	U	0.472763	0.045168
2130	G	0.270705	0.030053
2131	C	0.233245	0.052351
2132	U	0.555776	0.064506
2133	C	0.004916	0.056284
2134	C	0.024824	0.046698
2135	A	0.32591	0.025812
2136	G	2.877498	0.172547
2137	U	0.168923	0.032583
2138	U	0.819709	0.032762
2139	U	0.581341	0.050663
2140	C	0.391601	0.037891
2141	U	0.422704	0.025059
2142	G	2.14997	0.050492
2143	U	0.011552	0.028756
2144	G	2.938649	0.150062
2145	U	0.31065	0.034748
2146	U	0.779049	0.030035
2147	U	0.050592	0.015763
2148	G	0.997163	0.085191
2149	U	0.518485	0.040985
2150	U	0.24331	0.02219
2151	U	0.160031	0.021769
2152	U	0.196739	0.059211
2153	C	0.276544	0.046914
2154	C	nan	nan
2155	A	1.330998	0.088513
2156	U	0.351905	0.046112
2157	U	0.165404	0.036355
2158	U	1.17314	0.087171
2159	C	0.37647	0.062326
2160	C	0.106758	0.068604
2161	C	nan	nan
2162	C	nan	nan
2163	U	0.622837	0.059666
2164	U	0.155753	0.08355
2165	U	0.249228	0.02869
2166	U	0.209859	0.043516
2167	C	0.219417	0.05098
2168	U	0.344346	0.039954
2169	G	0.43309	0.062744
2170	A	0.800843	0.046943
2171	A	0.522402	0.034875
2172	U	1.621848	0.062546
2173	A	0.58695	0.035557
2174	U	0.44096	0.037034
2175	U	0.203015	0.041991
2176	G	0.831315	0.063117
2177	A	1.248342	0.052066
2178	U	0.391404	0.03265
2179	G	2.426709	0.065704
2180	U	0.047188	0.022921
2181	G	1.274278	0.079995
2182	U	0.87227	0.048996
2183	U	0.504619	0.038274
2184	C	0.697169	0.067957
2185	U	0.075756	0.022953
2186	G	1.48373	0.123174
2187	U	0.752814	0.044959
2188	U	0.303802	0.035014
2189	G	0.232861	0.066097
2190	A	0.317051	0.03596
2191	C	0.387521	0.033625
2192	U	0.114072	0.026668
2193	G	1.573448	0.044523
2194	U	0.104639	0.023532
2195	G	1.042834	0.037802
2196	U	0.295017	0.106937
2197	C	0.417714	0.039796
2198	C	0.203664	0.056961
2199	A	0.745981	0.027784
2200	U	0.381558	0.022787
2201	G	0.644855	0.102073
2202	G	0.929942	0.043259
2203	U	0.991079	0.035826
2204	G	0.799454	0.033072
2205	U	0.238413	0.024716
2206	A	1.010964	0.032683
2207	U	0.565272	0.039381
2208	C	0.200798	0.049976
2209	C	0.188888	0.047862
2210	U	0.688976	0.031122
2211	G	1.646337	0.06401
2212	U	0.634529	0.035876
2213	U	0.743073	0.042342
2214	C	0.118043	0.051946
2215	C	0.191125	0.05105
2216	U	0.601071	0.028833
2217	G	1.204341	0.05123
2218	U	0.686675	0.037655
2219	U	0.072297	0.117611
2220	C	0.171601	0.050513
2221	C	0.117864	0.047826
2222	A	0.746545	0.027375
2223	U	0.445293	0.027613
2224	G	0.397524	0.045703
2225	G	0.559784	0.09115
2226	C	0.118136	0.029286
2227	U	0.511436	0.030747
2228	G	1.013651	0.036171
2229	U	0.480799	0.02769
2230	A	1.053753	0.037397
2231	U	0.448133	0.025086
2232	G	0.329552	0.049666
2233	G	0.42452	0.047881
2234	A	1.119023	0.040402
2235	G	0.302945	0.04383
2236	G	0.086442	0.034124
2237	A	0.810429	0.030373
2238	U	0.185399	0.047496
2239	C	0.634164	0.045577
2240	U	0.286114	0.040278
2241	C	0.098339	0.046393
2242	C	0.042631	0.039586
2243	A	0.447089	0.030175
2244	G	1.089257	0.039519
2245	U	0.157064	0.024472
2246	A	2.250487	0.041792
2247	U	0.005993	0.014923
2248	A	0.903779	0.027643
2249	U	0.651815	0.043298
2250	G	1.03822	0.078801
2251	G	0.335423	0.045042
2252	G	0.85278	0.074417
2253	A	1.4412	0.040142
2254	A	0.886633	0.029272
2255	U	0.818492	0.0311
2256	G	1.933711	0.044042
2257	U	0.843575	0.028258
2258	G	3.521552	0.08599
2259	G	0.422323	0.036133
2260	U	0.856608	0.030672
2261	G	0.359837	0.045679
2262	C	0.142126	0.069878
2263	U	0.840349	0.033053
2264	U	0.576824	0.025772
2265	A	1.174994	0.030124
2266	U	1.189291	0.033163
2267	G	0.585887	0.0516
2268	G	0.103381	0.060245
2269	C	nan	nan
2270	A	1.269874	0.102301
2271	U	0.79638	0.0568
2272	U	0.770825	0.039199
2273	U	0.522829	0.03667
2274	U	0.690093	0.025464
2275	G	0.229952	0.051558
2276	C	0.765454	0.037707
2277	G	0.343829	0.056781
2278	C	0.161671	0.037104
2279	U	0.345843	0.034265
2280	G	0.890564	0.071141
2281	G	0.565188	0.07465
2282	A	0.975773	0.06735
2283	A	0.494077	0.129665
2284	U	0.553723	0.058203
2285	C	0.393849	0.158799
2286	U	1.359716	0.076042
2287	U	0.32141	0.051843
2288	C	0.422732	0.117684
2289	A	0.802834	0.086899
2290	A	0.454811	0.061085
2291	G	3.144724	0.290011
2292	A	0.124065	0.128393
2293	A	2.56319	0.121329
2294	A	0.324221	0.053968
2295	A	0.472519	0.075669
2296	G	0.984125	0.124592
2297	C	1.280575	0.187136
2298	A	0.661718	0.128526
2299	A	0.720957	0.073872
2300	A	0.262028	0.064829
2301	G	1.845276	0.132818
2302	U	1.410909	0.098674
2303	C	0.344041	0.130036
2304	G	0.459057	0.164696
2305	G	0.513782	0.130798
2306	A	0.878796	0.108552
2307	U	0.163306	0.048628
2308	U	0.339888	0.069348
2309	G	0.143299	0.111952
2310	A	0.079946	0.038715
2311	C	0.058328	0.065423
2312	A	0.530645	0.065954
2313	U	0.220322	0.290539
2314	C	0.938809	0.116688
2315	C	0.027585	0.133626
2316	A	1.414379	0.128408
2317	U	0.499957	0.095081
2318	U	0.744227	0.093976
2319	C	0.20882	0.120061
2320	A	0.422913	0.084685
2321	A	1.522342	0.113965
2322	A	0.757286	0.098288
2323	U	0.276296	0.065602
2324	G	0.536671	0.192667
2325	G	3.183131	0.39234
2326	U	0.766844	0.177127
2327	U	0.309651	0.133391
2328	U	0.396453	0.138087
2329	G	0.421412	0.187234
2330	C	0.135425	0.200802
2331	C	nan	nan
2332	U	0.567264	0.297406
2333	G	1.98762	0.945268
2334	C	0.639788	0.397853
2335	U	nan	nan
2336	U	0.901588	0.432147
2337	U	0.321955	0.429711
2338	C	0.045913	0.579257
2339	G	nan	nan
2340	C	0.378738	0.272856
2341	U	0.0	0.0
