Nucleotide	Sequence	Norm_profile	Norm_stderr
1	A	0.0	0.0
2	G	0.0	0.0
3	U	nan	nan
4	A	2.509355	0.674522
5	G	nan	nan
6	A	1.881322	0.607555
7	A	0.635532	0.526624
8	A	0.099323	0.328889
9	C	0.028265	0.689166
10	A	1.933784	0.664579
11	A	1.135748	0.498441
12	G	1.367779	0.813815
13	G	0.377517	0.175487
14	U	0.094871	0.116745
15	C	nan	nan
16	G	0.643451	0.266425
17	U	0.369642	0.057739
18	U	0.015598	0.034843
19	U	0.092989	0.045914
20	U	0.087252	0.088972
21	U	0.996636	0.148205
22	A	0.246077	0.034378
23	A	0.311414	0.032604
24	A	0.019756	0.027184
25	C	1.879231	0.19859
26	A	1.759782	0.143781
27	A	0.438349	0.039561
28	U	0.197946	0.040563
29	U	8.877559	0.320005
30	C	0.324921	0.093642
31	G	0.127536	0.081681
32	A	0.057719	0.023278
33	C	0.535783	0.04938
34	A	0.273307	0.047681
35	C	0.08191	0.026725
36	U	1.16647	0.109618
37	A	0.306169	0.027457
38	A	0.411805	0.035346
39	U	0.096398	0.023034
40	U	2.328516	0.127068
41	G	0.314343	0.035912
42	A	0.301445	0.041489
43	U	1.177726	0.043493
44	G	nan	nan
45	G	0.099156	0.046649
46	C	0.221939	0.056529
47	C	nan	nan
48	A	0.041365	0.038248
49	U	0.147074	0.05924
50	C	1.435353	0.107651
51	C	nan	nan
52	G	0.084009	0.052304
53	A	0.092209	0.019836
54	A	0.23372	0.028062
55	U	0.152923	0.019765
56	U	0.213965	0.048514
57	C	0.223659	0.119203
58	U	0.612634	0.067348
59	U	0.529782	0.028211
60	U	0.545139	0.064394
61	U	0.385051	0.034953
62	G	0.097083	0.070293
63	G	0.274852	0.038751
64	U	0.298716	0.04187
65	C	nan	nan
66	G	0.298018	0.048862
67	C	0.319022	0.045715
68	U	0.194952	0.025962
69	G	0.410767	0.028508
70	U	0.227659	0.03135
71	C	nan	nan
72	U	0.155673	0.02125
73	G	0.158998	0.036874
74	G	0.322991	0.053038
75	C	0.284859	0.063411
76	U	0.159286	0.020659
77	G	0.268121	0.03208
78	U	0.415122	0.054563
79	C	nan	nan
80	A	0.179871	0.01887
81	G	0.297827	0.022988
82	U	0.069801	0.02679
83	A	0.470964	0.029394
84	A	0.100074	0.019428
85	G	0.184776	0.018425
86	U	0.581622	0.026746
87	A	0.545766	0.023561
88	U	0.312071	0.025183
89	G	0.224068	0.028543
90	C	0.329099	0.049647
91	U	0.391186	0.037445
92	A	0.193073	0.021307
93	G	0.879665	0.044119
94	A	0.319448	0.024664
95	G	1.073999	0.040343
96	U	0.529394	0.04338
97	C	0.222269	0.044981
98	C	0.120013	0.047647
99	C	0.20456	0.049617
100	G	0.258737	0.040689
101	C	0.499994	0.128594
102	U	0.414467	0.028289
103	U	0.332034	0.041453
104	C	0.153479	0.033172
105	C	nan	nan
106	G	0.549501	0.083527
107	U	0.125418	0.022354
108	U	0.376996	0.027671
109	U	0.353878	0.027674
110	C	0.109445	0.039228
111	A	0.856634	0.02985
112	U	0.490989	0.027335
113	U	0.371071	0.027914
114	A	0.52197	0.028654
115	C	0.336718	0.04891
116	C	nan	nan
117	A	0.526745	0.038911
118	A	0.490067	0.031212
119	C	0.556952	0.035338
120	A	0.349101	0.033233
121	C	0.427294	0.030265
122	C	nan	nan
123	A	0.636775	0.031375
124	C	0.113897	0.030137
125	G	0.889028	0.042088
126	U	0.100831	0.06142
127	C	0.301362	0.043326
128	U	0.372148	0.049188
129	C	0.092509	0.04296
130	C	0.142584	0.107995
131	U	0.29079	0.031108
132	U	0.422986	0.029472
133	G	0.682748	0.051557
134	C	0.070293	0.084548
135	C	0.164796	0.044726
136	C	nan	nan
137	A	0.572835	0.036692
138	A	0.958876	0.040961
139	U	0.181168	0.028069
140	U	0.227085	0.031219
141	A	0.209992	0.0303
142	G	0.412664	0.082336
143	C	0.242466	0.044643
144	A	1.189367	0.040157
145	C	0.01106	0.057758
146	A	0.947811	0.039147
147	U	0.081484	0.035983
148	U	0.140691	0.023455
149	A	0.130556	0.032184
150	G	0.712566	0.040639
151	C	0.065623	0.06931
152	C	0.048664	0.148697
153	U	1.967868	0.060209
154	U	0.547189	0.055571
155	C	0.470935	0.045313
156	U	nan	nan
157	C	nan	nan
158	U	0.68451	0.074792
159	C	0.16551	0.082039
160	C	0.188438	0.078098
161	C	0.411268	0.097443
162	U	0.715954	0.043709
163	U	0.201313	0.035985
164	C	0.057419	0.033532
165	G	0.84184	0.06118
166	C	0.083298	0.032014
167	A	0.515137	0.030484
168	A	0.215366	0.031261
169	G	0.916094	0.050911
170	A	0.630806	0.057724
171	U	0.073242	0.064394
172	U	1.227596	0.043373
173	U	0.109423	0.035627
174	C	1.223698	0.056589
175	U	0.398995	0.03918
176	C	0.294772	0.041921
177	A	0.19737	0.028368
178	G	0.787081	0.054116
179	U	1.370072	0.049979
180	U	0.307479	0.031491
181	C	0.091714	0.045368
182	A	1.033233	0.037754
183	U	0.170597	0.029772
184	U	0.690968	0.02973
185	G	1.08401	0.054211
186	A	0.888808	0.035907
187	U	0.530861	0.027223
188	G	0.547235	0.045943
189	C	0.215249	0.040399
190	U	0.418865	0.030384
191	U	0.390152	0.031593
192	A	1.045071	0.032394
193	A	0.160857	0.02168
194	C	0.277649	0.02979
195	G	0.467652	0.052325
196	C	0.232278	0.027581
197	U	0.989502	0.044014
198	G	0.262954	0.064664
199	G	0.215288	0.050386
200	G	0.140655	0.086292
201	C	nan	nan
202	C	0.185293	0.041266
203	A	0.264259	0.027789
204	U	0.705048	0.041303
205	A	1.684986	0.047167
206	U	0.031706	0.063165
207	C	0.691374	0.039708
208	U	nan	nan
209	C	nan	nan
210	U	0.323008	0.031977
211	U	0.144518	0.033672
212	G	1.348363	0.110863
213	U	0.680122	0.045142
214	U	0.352992	0.025043
215	U	0.142525	0.028153
216	U	0.151246	0.057168
217	C	nan	nan
218	C	0.092965	0.055887
219	U	0.371167	0.03371
220	U	0.354311	0.024319
221	G	0.687542	0.056384
222	C	0.248237	0.066606
223	C	nan	nan
224	C	0.972805	0.494679
225	A	0.427115	0.029071
226	A	1.348238	0.038204
227	A	0.140421	0.023557
228	A	0.702258	0.03223
229	U	0.414145	0.029805
230	G	0.225839	0.043515
231	A	0.312026	0.042721
232	G	0.245832	0.053258
233	G	0.393354	0.14545
234	A	0.366065	0.027929
235	A	0.637139	0.03105
236	U	0.201442	0.04261
237	C	0.043527	0.057678
238	C	nan	nan
239	U	0.636757	0.058581
240	C	nan	nan
241	U	0.88212	0.041805
242	C	0.066606	0.056775
243	A	0.476979	0.027899
244	G	0.687257	0.057703
245	A	1.016555	0.036658
246	A	1.000216	0.031618
247	C	0.189654	0.027366
248	A	0.206538	0.024048
249	G	1.312589	0.059946
250	C	nan	nan
251	A	0.43862	0.029363
252	G	0.575122	0.053828
253	A	0.418334	0.034034
254	C	0.258502	0.037993
255	U	0.733228	0.077304
256	C	0.116429	0.040955
257	C	0.415626	0.055563
258	A	0.784705	0.036401
259	C	0.130119	0.027484
260	U	1.100246	0.061099
261	C	0.087047	0.042421
262	C	0.118222	0.058394
263	A	0.217281	0.033731
264	G	0.458513	0.059284
265	C	0.236771	0.037621
266	U	0.668103	0.038283
267	G	1.275729	0.046674
268	U	0.430913	0.032649
269	G	0.592044	0.064686
270	C	0.04299	0.055708
271	C	0.213726	0.122988
272	U	0.5243	0.045774
273	U	0.861865	0.044659
274	C	nan	nan
275	A	1.662742	0.051435
276	U	0.304345	0.059997
277	C	0.460958	0.045318
278	U	0.657999	0.037528
279	G	0.376248	0.069472
280	G	0.226619	0.057168
281	G	1.062824	0.055582
282	U	0.152471	0.063478
283	C	0.475054	0.1052
284	U	1.92335	0.052879
285	U	1.502137	0.0429
286	C	0.286483	0.056957
287	G	0.406424	0.074004
288	G	0.529293	0.046517
289	U	0.038862	0.024955
290	U	0.786376	0.033868
291	A	0.574115	0.040472
292	A	0.356828	0.020972
293	U	0.381514	0.032922
294	G	0.138541	0.033035
295	C	0.137391	0.040799
296	A	0.719762	0.031612
297	C	0.177978	0.031595
298	C	0.1227	0.055528
299	U	0.307999	0.031259
300	G	0.23027	0.03631
301	C	0.06464	0.036375
302	A	0.378918	0.021956
303	U	0.359502	0.057039
304	C	0.051532	0.081615
305	U	0.46921	0.062205
306	U	0.974338	0.037862
307	U	0.36504	0.025676
308	U	0.108653	0.070305
309	C	0.127729	0.032439
310	C	0.121804	0.060186
311	G	0.318974	0.046788
312	A	0.495082	0.029928
313	G	0.468456	0.086023
314	G	0.034409	0.066606
315	A	0.602554	0.044947
316	C	0.077556	0.026745
317	U	0.147731	0.02265
318	G	1.656715	0.041859
319	U	0.337533	0.028634
320	G	0.203452	0.041982
321	A	0.408203	0.028053
322	G	0.179374	0.044081
323	C	0.126576	0.047927
324	C	0.005732	0.039228
325	U	2.189845	0.077492
326	C	nan	nan
327	U	0.771735	0.067499
328	U	0.696009	0.030039
329	U	0.775321	0.031966
330	G	1.643188	0.043279
331	U	0.761533	0.031717
332	G	0.44936	0.040489
333	G	0.386962	0.128711
334	C	0.063411	0.060953
335	C	0.362143	0.067047
336	U	0.288671	0.033141
337	U	0.24673	0.026533
338	G	1.964099	0.063864
339	U	0.185139	0.027666
340	U	0.068114	0.019223
341	G	1.016435	0.038592
342	U	0.534766	0.028804
343	A	1.143378	0.032012
344	A	1.154304	0.035282
345	U	0.0631	0.019384
346	U	0.242127	0.023827
347	G	1.058056	0.073065
348	A	0.077014	0.022328
349	A	1.121367	0.034274
350	A	0.125739	0.018254
351	A	0.101606	0.022885
352	C	0.24695	0.031383
353	U	0.559989	0.034851
354	G	1.064195	0.067712
355	G	0.708087	0.052844
356	A	1.761037	0.055602
357	G	1.331184	0.10213
358	A	0.97424	0.036188
359	A	1.362935	0.047799
360	U	0.266993	0.028236
361	U	0.379474	0.024426
362	G	0.416253	0.036661
363	C	0.053334	0.048419
364	C	0.042094	0.049438
365	U	0.602113	0.062414
366	C	0.039945	0.077919
367	U	0.390358	0.030659
368	U	0.374171	0.023147
369	A	1.578625	0.036378
370	U	0.076928	0.015629
371	U	0.120068	0.016707
372	A	0.297415	0.02253
373	G	1.009622	0.035833
374	U	0.033883	0.019269
375	A	1.212559	0.033214
376	U	0.388098	0.043376
377	C	nan	nan
378	C	0.230779	0.044147
379	U	1.005916	0.043005
380	C	0.244328	0.038155
381	A	1.770765	0.046669
382	U	1.017421	0.038808
383	U	0.669705	0.040838
384	C	0.130514	0.045715
385	C	0.288777	0.044229
386	U	0.542581	0.038688
387	G	0.259558	0.050828
388	A	1.057977	0.047319
389	C	0.172681	0.031456
390	C	nan	nan
391	C	0.037616	0.068425
392	U	0.566114	0.063772
393	C	nan	nan
394	U	0.210604	0.04304
395	C	nan	nan
396	A	0.868988	0.038317
397	C	0.004916	0.027527
398	A	0.582328	0.034034
399	U	0.35631	0.037956
400	U	0.415525	0.037325
401	C	0.059195	0.039609
402	A	0.778732	0.047681
403	C	0.027135	0.021918
404	A	0.076108	0.027926
405	G	0.691141	0.052517
406	U	0.444126	0.034869
407	U	1.161764	0.043368
408	A	1.199801	0.041159
409	G	1.448427	0.093289
410	G	0.761251	0.062486
411	G	0.512042	0.061302
412	A	1.082084	0.043001
413	G	0.431282	0.067167
414	G	nan	nan
415	A	0.790353	0.039743
416	G	0.423304	0.065656
417	A	0.73512	0.036187
418	A	0.39093	0.034641
419	C	0.170366	0.027189
420	U	0.762572	0.032091
421	G	0.36863	0.050513
422	C	0.11327	0.026751
423	A	0.760632	0.035117
424	U	0.616288	0.052434
425	C	0.067888	0.054275
426	C	0.022928	0.054633
427	U	0.710897	0.032113
428	A	1.436778	0.042308
429	C	0.429136	0.04458
430	U	1.176602	0.08244
431	U	0.689007	0.033447
432	U	0.604882	0.026908
433	G	1.535369	0.060742
434	U	0.8513	0.041015
435	U	0.627476	0.041646
436	C	0.251458	0.04355
437	C	0.141392	0.053738
438	G	0.856379	0.105364
439	G	1.481851	0.045015
440	U	1.223869	0.039235
441	G	0.207433	0.044706
442	G	0.347318	0.048986
443	A	1.236115	0.038621
444	G	0.865075	0.096335
445	C	0.84138	0.037879
446	A	0.06809	0.018144
447	G	0.10837	0.090995
448	C	0.047077	0.023704
449	A	0.029318	0.015706
450	G	0.122569	0.038832
451	C	0.623984	0.049049
452	A	0.717535	0.036504
453	A	1.426183	0.037631
454	A	1.614405	0.041968
455	G	0.628389	0.100041
456	G	2.068988	0.084508
457	G	0.427884	0.068691
458	G	0.125425	0.049453
459	A	1.912405	0.044722
460	G	0.922851	0.086577
461	A	1.338965	0.041226
462	A	0.164285	0.023295
463	G	nan	nan
464	U	0.285326	0.044166
465	U	1.358752	0.05197
466	U	0.184263	0.032811
467	U	0.157793	0.019755
468	A	2.499442	0.047106
469	U	0.054132	0.018025
470	U	0.045338	0.014157
471	A	0.767203	0.028289
472	U	0.28493	0.052323
473	C	0.389447	0.042853
474	U	0.23173	0.026672
475	G	0.207246	0.05929
476	A	1.007158	0.03211
477	A	0.399494	0.023591
478	C	0.70189	0.029692
479	A	0.688467	0.030278
480	G	1.454429	0.043908
481	U	1.154748	0.043772
482	G	1.011841	0.040636
483	U	0.406681	0.040767
484	C	0.220523	0.08584
485	A	0.24826	0.023307
486	A	1.447426	0.035375
487	A	1.107549	0.042372
488	U	0.686036	0.027063
489	G	0.995507	0.046706
490	U	0.641738	0.035313
491	U	0.160794	0.073877
492	C	0.229132	0.042134
493	C	0.197501	0.044763
494	A	1.142682	0.031231
495	A	0.371854	0.019974
496	G	0.362714	0.047892
497	C	0.200793	0.026426
498	A	1.183522	0.031357
499	C	0.031168	0.023286
500	A	0.998362	0.033151
501	U	0.089261	0.040614
502	C	0.530827	0.033851
503	U	0.961526	0.035985
504	C	0.361114	0.055349
505	G	1.031593	0.058876
506	C	0.056993	0.026984
507	A	1.274865	0.038766
508	U	0.902738	0.034148
509	U	0.301385	0.02796
510	U	0.585395	0.024467
511	G	0.540566	0.044586
512	C	0.249619	0.033201
513	U	0.820675	0.030524
514	G	0.786661	0.078474
515	G	0.176437	0.057857
516	A	0.255179	0.018173
517	A	0.471358	0.026027
518	C	0.084681	0.023886
519	A	0.73568	0.027191
520	G	0.604111	0.043308
521	U	0.827296	0.034034
522	G	0.712895	0.084379
523	U	0.627181	0.039048
524	U	0.119908	0.037387
525	C	0.462888	0.050495
526	U	0.448903	0.03483
527	C	0.188438	0.050692
528	A	1.244942	0.033965
529	C	0.206661	0.029073
530	G	1.088901	0.059698
531	A	0.89002	0.027372
532	A	1.374453	0.033636
533	U	0.595413	0.051805
534	C	0.144999	0.036136
535	C	0.24133	0.041389
536	G	1.143463	0.063779
537	C	0.209611	0.027372
538	U	0.623587	0.031636
539	G	1.089006	0.041527
540	U	0.214901	0.023789
541	A	1.551985	0.041422
542	U	0.134724	0.023337
543	U	0.404154	0.024815
544	G	0.416111	0.042906
545	A	0.677166	0.027427
546	C	0.192691	0.062182
547	C	0.223009	0.050513
548	U	0.45864	0.058463
549	C	0.108075	0.032009
550	U	0.297582	0.030558
551	G	0.160971	0.039092
552	G	0.449419	0.048093
553	C	0.098841	0.038847
554	U	0.999348	0.033855
555	G	0.485989	0.056286
556	C	0.057941	0.022457
557	C	0.207067	0.060723
558	U	0.505569	0.028687
559	U	0.692569	0.058274
560	A	1.660883	0.041415
561	G	0.379101	0.071306
562	G	0.32099	0.071829
563	G	nan	nan
564	A	0.217269	0.060953
565	C	0.122152	0.055792
566	C	nan	nan
567	A	0.144111	0.02376
568	G	0.83875	0.054284
569	A	0.080336	0.030966
570	G	0.19574	0.053225
571	A	0.227013	0.033866
572	U	0.056042	0.023575
573	U	0.227112	0.02428
574	G	0.269553	0.048622
575	A	0.115668	0.024803
576	A	0.836495	0.0298
577	A	0.997707	0.029863
578	U	0.554546	0.029205
579	G	0.308024	0.046962
580	G	0.133174	0.049224
581	C	nan	nan
582	U	0.727597	0.038095
583	C	0.230295	0.039941
584	G	0.779448	0.065862
585	A	0.503407	0.030202
586	A	1.388267	0.04325
587	U	0.954303	0.037279
588	U	0.216771	0.054595
589	C	0.173423	0.045898
590	C	nan	nan
591	A	1.083884	0.033426
592	U	0.546423	0.047355
593	C	0.401589	0.062259
594	U	0.656274	0.054587
595	U	0.289805	0.032417
596	G	1.353961	0.045682
597	U	0.960928	0.049779
598	U	0.019748	0.018952
599	A	1.707559	0.04609
600	U	0.018271	0.027764
601	A	0.335404	0.021812
602	U	0.080211	0.017365
603	A	1.124726	0.033421
604	A	0.188686	0.019592
605	C	0.420003	0.029191
606	A	0.716139	0.027288
607	U	0.134073	0.034413
608	U	0.485934	0.027343
609	G	2.053174	0.047095
610	U	0.92227	0.031976
611	G	0.435933	0.064418
612	G	0.158321	0.039362
613	G	0.049156	0.050385
614	A	0.328105	0.042701
615	U	0.202167	0.044979
616	C	1.766418	0.096346
617	C	0.08266	0.031923
618	U	0.532191	0.030326
619	G	1.235916	0.035102
620	U	0.112799	0.023024
621	G	0.176017	0.039869
622	A	0.440616	0.03389
623	C	0.209404	0.037113
624	C	0.069679	0.053916
625	A	0.70952	0.043597
626	U	0.061582	0.022183
627	U	0.091582	0.020958
628	G	0.141144	0.040703
629	A	0.475278	0.025387
630	A	0.528821	0.04099
631	U	0.44667	0.033651
632	U	0.424367	0.023794
633	U	1.726356	0.092659
634	U	0.239105	0.024529
635	C	0.120598	0.032651
636	A	0.937059	0.028997
637	C	0.026544	0.02212
638	A	0.123487	0.019417
639	G	6.473178	0.460418
640	U	0.235912	0.02705
641	U	1.390129	0.073488
642	U	0.517894	0.043628
643	C	0.052597	0.065132
644	C	4.854402	0.390354
645	C	0.122163	0.054275
646	A	0.323255	0.019779
647	G	0.574767	0.042484
648	U	0.526513	0.047901
649	U	0.388877	0.038279
650	C	0.101597	0.034178
651	C	0.115356	0.05105
652	U	0.359046	0.022781
653	G	0.354297	0.035742
654	A	0.854824	0.034684
655	U	0.041799	0.014883
656	G	nan	nan
657	A	0.440195	0.022554
658	U	0.253163	0.034198
659	C	0.08555	0.031838
660	C	0.263354	0.039381
661	A	0.809233	0.026012
662	U	0.821887	0.054563
663	U	0.238351	0.020862
664	G	0.760365	0.06096
665	G	0.419501	0.038712
666	U	0.235285	0.020783
667	A	0.986089	0.031704
668	A	1.365966	0.034535
669	G	0.266804	0.025636
670	U	0.352085	0.042398
671	A	2.203653	0.04212
672	U	1.772808	0.096837
673	U	0.498228	0.03423
674	G	0.466797	0.044276
675	A	0.49316	0.03427
676	U	0.492258	0.026015
677	C	0.102638	0.047468
678	A	0.300269	0.019737
679	G	0.334143	0.038955
680	C	0.244059	0.044732
681	A	1.072841	0.030052
682	C	0.19545	0.024333
683	U	0.456085	0.024041
684	G	0.877982	0.054559
685	A	0.08111	0.015121
686	C	0.413647	0.04252
687	U	0.528293	0.031738
688	C	0.279697	0.054072
689	A	0.365418	0.04197
690	G	0.518697	0.041926
691	G	0.211487	0.042141
692	A	0.535574	0.0314
693	C	0.347287	0.04719
694	C	0.037616	0.048184
695	A	0.789246	0.02861
696	U	0.179665	0.040799
697	U	0.371258	0.027404
698	G	0.184287	0.040212
699	A	0.719247	0.036818
700	U	0.088266	0.065403
701	C	0.425855	0.045047
702	U	0.456591	0.057804
703	C	0.184776	0.055868
704	C	0.06274	0.047167
705	C	0.075232	0.060007
706	A	0.747091	0.041259
707	C	0.208667	0.043995
708	A	0.363353	0.029912
709	U	0.681491	0.041783
710	C	nan	nan
711	A	0.764046	0.037477
712	U	0.280535	0.050238
713	U	0.496673	0.03158
714	G	0.548928	0.063785
715	A	0.724298	0.043466
716	U	0.06931	0.031214
717	G	0.106668	0.052351
718	A	0.363016	0.057512
719	U	0.068081	0.042028
720	G	0.133213	0.084302
721	A	1.193211	0.045635
722	A	0.492035	0.02978
723	U	1.068151	0.035005
724	A	0.51119	0.03179
725	A	0.213075	0.022545
726	G	0.734837	0.046925
727	U	0.421526	0.044206
728	U	0.546495	0.026285
729	A	1.836889	0.043544
730	U	0.182309	0.026687
731	U	0.602737	0.029809
732	G	1.463693	0.049247
733	U	0.177684	0.030689
734	U	0.1519	0.034337
735	A	0.281436	0.019951
736	G	0.320761	0.046162
737	C	0.190864	0.050206
738	U	1.824289	0.04826
739	U	0.329449	0.044002
740	C	0.71861	0.038539
741	U	0.159247	0.039266
742	C	0.284568	0.038543
743	C	0.196431	0.038607
744	G	1.333519	0.045252
745	U	0.667198	0.057479
746	C	0.190573	0.043619
747	C	0.240922	0.06753
748	C	0.34356	0.098518
749	U	0.352702	0.028258
750	U	0.334181	0.029806
751	G	1.760031	0.041273
752	U	0.024719	0.038153
753	G	1.102269	0.0361
754	U	nan	nan
755	C	0.916155	0.055427
756	U	0.530429	0.037649
757	C	0.27123	0.037753
758	G	1.095005	0.053753
759	C	0.221256	0.024733
760	U	0.30837	0.02443
761	G	0.053737	0.054454
762	A	0.358884	0.027822
763	C	0.488417	0.136275
764	U	0.693044	0.031064
765	U	0.37729	0.048724
766	C	0.008357	0.037604
767	C	0.261262	0.045689
768	U	0.973107	0.039499
769	C	0.176524	0.053312
770	G	2.027173	0.080759
771	G	0.580687	0.067851
772	G	0.151858	0.037072
773	U	0.891029	0.05275
774	G	0.025077	0.042094
775	A	0.233039	0.025037
776	U	0.446198	0.027338
777	A	0.351389	0.0289
778	G	1.42193	0.039036
779	U	0.021899	0.017171
780	A	0.052928	0.016494
781	G	0.281092	0.043791
782	U	0.054932	0.022157
783	A	0.041533	0.016825
784	C	0.156238	0.030359
785	A	1.117567	0.040105
786	U	0.355882	0.031229
787	U	0.948063	0.047623
788	C	0.364849	0.043528
789	C	nan	nan
790	C	0.091174	0.068246
791	U	0.471252	0.039086
792	C	0.23304	0.047289
793	G	1.438885	0.051448
794	U	0.269349	0.031401
795	U	0.641654	0.028875
796	G	0.159328	0.033388
797	A	0.685542	0.03159
798	U	0.537212	0.042358
799	C	0.116501	0.05717
800	C	nan	nan
801	C	nan	nan
802	G	nan	nan
803	A	0.224778	0.022734
804	A	0.411255	0.024071
805	C	0.085781	0.020724
806	U	1.289195	0.047372
807	C	0.091056	0.088823
808	U	0.352398	0.02482
809	U	nan	nan
810	A	0.294656	0.040859
811	A	1.356603	0.032337
812	A	0.445195	0.02026
813	A	0.024986	0.010652
814	A	0.065667	0.01467
815	A	0.290104	0.025754
816	C	0.056979	0.034067
817	G	0.384518	0.048154
818	G	0.882374	0.040454
819	U	0.599224	0.034957
820	C	0.219606	0.054812
821	G	0.306194	0.038274
822	A	0.495968	0.028128
823	U	0.545435	0.025824
824	G	0.296424	0.040769
825	C	0.129849	0.034949
826	U	0.739031	0.039071
827	C	0.023286	0.050513
828	A	0.73677	0.033521
829	C	0.489863	0.030932
830	C	nan	nan
831	A	0.303936	0.038412
832	C	nan	nan
833	C	nan	nan
834	A	1.005797	0.0488
835	C	0.256073	0.028824
836	C	0.184677	0.066097
837	C	nan	nan
838	U	0.421145	0.051176
839	C	0.038333	0.037795
840	U	nan	nan
841	C	0.184319	0.045677
842	U	0.69406	0.03578
843	G	0.703568	0.036356
844	U	0.180506	0.035849
845	A	0.660899	0.051869
846	C	0.301226	0.030582
847	U	1.853657	0.041962
848	G	0.122648	0.038669
849	G	0.065845	0.040882
850	A	0.377435	0.030327
851	G	0.252049	0.034508
852	U	0.353763	0.029407
853	A	0.948022	0.037664
854	U	0.385514	0.030607
855	U	1.263985	0.048466
856	C	0.121891	0.031827
857	A	1.585767	0.034728
858	U	0.030237	0.053267
859	C	0.152015	0.030712
860	U	0.300417	0.036775
861	A	0.486421	0.025232
862	C	0.116745	0.033672
863	U	0.308911	0.033495
864	C	nan	nan
865	C	nan	nan
866	C	nan	nan
867	A	1.363762	0.035737
868	U	0.253386	0.04193
869	C	0.367382	0.041942
870	U	0.811168	0.034147
871	U	0.495334	0.032749
872	G	0.81727	0.044885
873	C	0.186328	0.027297
874	U	0.556297	0.026912
875	G	0.374995	0.047292
876	A	0.703356	0.03379
877	C	0.162401	0.019943
878	U	0.676987	0.050135
879	C	nan	nan
880	U	0.810032	0.039821
881	U	0.449561	0.029721
882	A	1.626051	0.048377
883	U	0.300135	0.03069
884	U	1.174698	0.061362
885	C	nan	nan
886	C	0.175142	0.045388
887	C	nan	nan
888	C	0.234115	0.066813
889	U	0.527304	0.042402
890	C	0.084412	0.034517
891	A	0.241587	0.020335
892	G	0.984114	0.052791
893	C	0.164403	0.041085
894	G	0.227872	0.047182
895	A	0.257897	0.029444
896	C	0.152321	0.032581
897	A	1.406716	0.038109
898	U	0.19329	0.05253
899	C	0.79039	0.042685
900	U	0.478388	0.039925
901	C	nan	nan
902	A	0.304295	0.027701
903	G	0.330013	0.034964
904	U	0.569114	0.038157
905	A	1.239641	0.038421
906	C	0.582472	0.098561
907	U	0.694283	0.032804
908	U	0.719876	0.036521
909	G	nan	nan
910	G	0.636363	0.060057
911	G	0.243429	0.068067
912	G	0.84045	0.058716
913	U	0.580696	0.044721
914	C	0.406028	0.105931
915	A	0.828532	0.033186
916	U	0.488305	0.032554
917	G	1.69483	0.048386
918	U	0.181052	0.029344
919	C	nan	nan
920	G	0.010927	0.068067
921	G	nan	nan
922	G	0.058036	0.042094
923	U	0.187038	0.048419
924	A	1.826332	0.050997
925	A	1.021666	0.035865
926	U	1.346368	0.042757
927	A	1.327865	0.038348
928	U	0.437709	0.054196
929	C	0.062674	0.083319
930	C	nan	nan
931	C	nan	nan
932	G	0.02212	0.06292
933	A	0.136844	0.01768
934	U	0.146088	0.030456
935	C	nan	nan
936	A	1.150057	0.041274
937	U	0.541638	0.033968
938	U	0.51639	0.062247
939	C	0.282892	0.10077
940	C	0.109982	0.061977
941	C	nan	nan
942	A	0.312225	0.024751
943	U	0.402701	0.039807
944	C	0.023103	0.050139
945	A	1.058564	0.036062
946	C	0.008848	0.024578
947	A	1.326157	0.038274
948	U	0.422741	0.068818
949	U	0.309219	0.031926
950	G	1.061546	0.04031
951	U	0.25864	0.03746
952	C	0.427324	0.057518
953	G	2.644498	0.061748
954	A	1.39008	0.044094
955	U	1.123798	0.03847
956	G	0.131376	0.051211
957	G	nan	nan
958	G	nan	nan
959	C	0.031017	0.027701
960	U	0.775078	0.051257
961	C	0.029197	0.063589
962	A	0.604993	0.03268
963	A	0.595401	0.046223
964	U	0.509638	0.03353
965	U	1.576437	0.067455
966	C	0.088049	0.057474
967	C	0.153366	0.072751
968	C	nan	nan
969	C	0.12073	0.06126
970	A	0.219543	0.02899
971	G	1.426393	0.117735
972	U	0.187786	0.050375
973	U	0.198389	0.026115
974	U	0.044046	0.027019
975	U	0.252561	0.028481
976	G	0.356277	0.076844
977	G	nan	nan
978	A	0.110355	0.057021
979	A	0.514228	0.034614
980	A	0.061416	0.016253
981	A	0.100558	0.022679
982	G	0.276929	0.048838
983	C	0.224899	0.035054
984	A	0.319385	0.048339
985	C	nan	nan
986	U	0.356737	0.075362
987	U	0.498971	0.046911
988	U	0.117039	0.03553
989	U	0.244051	0.024216
990	G	0.179034	0.042194
991	C	nan	nan
992	A	0.540636	0.03424
993	U	0.377745	0.073845
994	C	nan	nan
995	C	nan	nan
996	U	0.560649	0.082372
997	U	0.337333	0.034386
998	U	0.032442	0.024591
999	U	0.053387	0.019908
1000	G	0.29036	0.076486
1001	G	0.162994	0.099756
1002	A	0.700037	0.043346
1003	A	1.487223	0.039723
1004	A	0.4766	0.033016
1005	U	0.491905	0.034816
1006	G	1.029048	0.051555
1007	C	nan	nan
1008	C	nan	nan
1009	U	0.612261	0.043037
1010	C	0.254315	0.039544
1011	A	1.097115	0.036209
1012	A	0.503781	0.028168
1013	G	2.358145	0.08747
1014	A	0.09782	0.065377
1015	G	0.330334	0.104643
1016	U	0.126544	0.037406
1017	U	0.391988	0.036502
1018	G	0.428021	0.048328
1019	A	0.477478	0.034441
1020	U	0.19506	0.04274
1021	G	0.24625	0.055879
1022	C	0.184066	0.037462
1023	A	0.792592	0.035199
1024	U	0.704517	0.055907
1025	G	0.252955	0.064652
1026	G	0.673338	0.071393
1027	G	0.077561	0.07147
1028	G	nan	nan
1029	U	0.397762	0.03962
1030	U	0.274922	0.03649
1031	C	nan	nan
1032	A	0.404849	0.02707
1033	A	1.142835	0.040102
1034	C	0.004685	0.032608
1035	C	0.121449	0.044022
1036	G	0.993441	0.068681
1037	C	0.195179	0.036342
1038	U	0.75158	0.03771
1039	G	0.273838	0.064
1040	G	0.504363	0.285476
1041	U	0.738525	0.053508
1042	U	0.250608	0.029142
1043	U	0.400541	0.027921
1044	G	0.181341	0.031067
1045	C	0.106076	0.046133
1046	U	0.933242	0.065426
1047	C	nan	nan
1048	U	0.52534	0.032753
1049	A	1.660412	0.050551
1050	U	0.165246	0.023145
1051	U	0.192154	0.031059
1052	G	0.309682	0.087252
1053	A	0.546614	0.061199
1054	C	0.062059	0.053233
1055	A	0.58341	0.034042
1056	A	0.755322	0.027504
1057	A	0.168807	0.028045
1058	G	0.559257	0.048655
1059	U	0.187603	0.028232
1060	U	0.582333	0.027782
1061	C	0.021874	0.052351
1062	A	0.33494	0.02712
1063	G	0.379897	0.0474
1064	G	0.82562	0.036733
1065	U	0.139444	0.03374
1066	C	nan	nan
1067	A	1.268494	0.033995
1068	C	0.027475	0.021642
1069	C	0.294345	0.034749
1070	U	0.670156	0.029286
1071	C	0.199327	0.065377
1072	G	0.067888	0.04711
1073	A	0.771833	0.024326
1074	A	0.701135	0.02891
1075	C	0.246763	0.054317
1076	U	0.276175	0.020979
1077	G	0.562778	0.034491
1078	C	0.228496	0.055967
1079	U	1.041055	0.044355
1080	U	0.311786	0.022803
1081	U	0.203071	0.019355
1082	G	0.132373	0.042273
1083	A	0.481772	0.02423
1084	U	0.528992	0.02899
1085	C	0.514452	0.040926
1086	A	0.392305	0.020199
1087	U	0.403992	0.032721
1088	G	0.576189	0.045324
1089	C	0.122198	0.032969
1090	A	1.069817	0.02991
1091	A	0.477846	0.022772
1092	U	0.632682	0.039663
1093	C	0.03318	0.04719
1094	C	0.310832	0.041151
1095	U	0.860851	0.051791
1096	C	6.34075	0.419996
1097	U	0.490204	0.026712
1098	U	0.291023	0.029855
1099	G	1.26773	0.038428
1100	U	0.104233	0.025027
1101	G	1.216812	0.059732
1102	A	0.71667	0.030249
1103	A	0.988797	0.029559
1104	A	0.122141	0.014607
1105	A	0.10293	0.013908
1106	U	0.244842	0.023722
1107	A	0.260007	0.021817
1108	C	0.140085	0.024973
1109	C	0.191881	0.042178
1110	A	0.481558	0.023503
1111	U	0.219805	0.027616
1112	G	0.342197	0.042662
1113	G	0.505727	0.050323
1114	C	0.175978	0.048419
1115	C	0.116431	0.037795
1116	A	0.836588	0.026921
1117	C	0.073242	0.037359
1118	A	0.33335	0.018883
1119	A	0.042074	0.015763
1120	U	0.216201	0.018988
1121	U	2.039634	0.085234
1122	A	0.597213	0.023771
1123	U	0.157414	0.021019
1124	U	0.261096	0.016196
1125	G	0.135753	0.02363
1126	C	0.514908	0.075209
1127	U	1.439554	0.03381
1128	U	0.848045	0.030587
1129	C	0.163689	0.045223
1130	A	0.324049	0.020054
1131	G	0.356425	0.046018
1132	C	1.042336	0.110933
1133	A	0.563055	0.020136
1134	A	0.614812	0.042107
1135	U	0.025664	0.020458
1136	U	0.038193	0.020161
1137	G	0.053737	0.043527
1138	A	0.069101	0.018141
1139	C	0.131984	0.042028
1140	U	0.105653	0.020076
1141	G	0.492213	0.044587
1142	U	0.305072	0.029251
1143	U	0.466911	0.026594
1144	C	0.02042	0.062335
1145	G	1.205634	0.058903
1146	U	0.009932	0.068214
1147	C	0.887354	0.059357
1148	U	nan	nan
1149	C	nan	nan
1150	U	0.744134	0.066324
1151	C	0.527056	0.056889
1152	C	0.186395	0.050519
1153	C	0.082397	0.065201
1154	A	0.441705	0.037772
1155	C	nan	nan
1156	U	0.201604	0.029004
1157	U	0.282933	0.035646
1158	A	0.190544	0.030934
1159	C	0.526148	0.038953
1160	U	0.138128	0.038096
1161	A	1.460553	0.04493
1162	U	1.857121	0.061171
1163	U	0.440292	0.029863
1164	A	0.145959	0.026845
1165	G	0.546525	0.058534
1166	C	0.260035	0.074963
1167	U	0.29134	0.037801
1168	G	0.294856	0.052997
1169	A	0.300591	0.03391
1170	A	0.353341	0.029914
1171	U	0.248577	0.045931
1172	C	0.29973	0.048093
1173	A	0.483276	0.032941
1174	A	0.536709	0.030189
1175	U	nan	nan
1176	C	0.317657	0.039436
1177	U	0.231786	0.040728
1178	C	0.056985	0.045257
1179	C	nan	nan
1180	U	0.331599	0.030529
1181	G	0.225218	0.055542
1182	G	0.75376	0.321445
1183	U	0.258764	0.03927
1184	U	0.307662	0.028035
1185	G	0.312582	0.060472
1186	C	0.147222	0.059724
1187	C	0.59246	0.307587
1188	U	0.248975	0.072751
1189	U	0.966389	0.039428
1190	U	0.752602	0.057738
1191	C	0.295776	0.059758
1192	U	0.818833	0.043139
1193	G	0.598237	0.047151
1194	A	0.558657	0.042678
1195	G	0.722089	0.082859
1196	G	nan	nan
1197	A	0.196638	0.036177
1198	U	0.261322	0.027902
1199	A	0.174357	0.031562
1200	G	0.428038	0.04564
1201	C	0.139815	0.035854
1202	U	0.392689	0.027708
1203	G	1.046561	0.059753
1204	U	0.503099	0.043473
1205	U	0.672892	0.035885
1206	G	0.218883	0.048133
1207	C	0.234886	0.037937
1208	U	0.788015	0.060442
1209	C	nan	nan
1210	U	2.039575	0.054562
1211	U	0.077597	0.058807
1212	C	0.437163	0.049144
1213	U	0.373669	0.063594
1214	C	0.132193	0.082218
1215	C	0.276251	0.049786
1216	C	nan	nan
1217	A	0.203318	0.019913
1218	A	0.735022	0.035673
1219	C	nan	nan
1220	C	nan	nan
1221	A	0.822291	0.044652
1222	U	0.512062	0.032846
1223	U	0.5485	0.033163
1224	G	1.389827	0.051435
1225	U	0.074203	0.037098
1226	G	0.238097	0.047894
1227	A	0.25206	0.036646
1228	A	0.53275	0.05317
1229	C	1.061148	0.045007
1230	U	0.440851	0.047799
1231	C	nan	nan
1232	U	0.798371	0.051107
1233	U	0.019883	0.04711
1234	C	0.083759	0.038004
1235	A	0.253149	0.025732
1236	U	0.378473	0.034804
1237	A	0.803169	0.047072
1238	C	0.119425	0.04639
1239	C	0.070225	0.052575
1240	C	nan	nan
1241	C	0.090099	0.072187
1242	U	1.280219	0.053316
1243	C	0.141508	0.053021
1244	A	0.605909	0.035302
1245	U	0.376859	0.032591
1246	G	0.171908	0.053053
1247	C	0.113796	0.055546
1248	A	0.944175	0.037432
1249	C	0.222238	0.033042
1250	U	1.144745	0.042539
1251	C	0.367064	0.04827
1252	G	1.161091	0.047718
1253	U	0.603164	0.03178
1254	A	2.627363	0.060066
1255	U	0.750937	0.048985
1256	U	0.309902	0.031112
1257	U	0.151091	0.026871
1258	U	0.306943	0.030339
1259	C	0.097218	0.038935
1260	A	0.429968	0.026576
1261	G	0.473334	0.029969
1262	U	0.498049	0.041875
1263	G	0.181611	0.157994
1264	U	0.328722	0.047837
1265	U	0.026534	0.06157
1266	U	0.115107	0.020011
1267	G	0.192421	0.042211
1268	A	0.177799	0.024337
1269	A	0.282272	0.040797
1270	G	0.352502	0.057594
1271	G	nan	nan
1272	U	0.044368	0.030676
1273	U	0.548319	0.028803
1274	G	0.42587	0.04847
1275	C	0.18753	0.057758
1276	C	0.136408	0.047798
1277	G	0.446673	0.075742
1278	G	0.652339	0.04232
1279	U	0.132425	0.027138
1280	A	0.765698	0.035091
1281	A	0.792631	0.034331
1282	G	0.054658	0.049395
1283	C	0.18648	0.037703
1284	A	1.218198	0.042287
1285	C	0.055435	0.241758
1286	U	0.156891	0.030364
1287	U	0.257908	0.047736
1288	C	0.061979	0.209036
1289	U	0.348178	0.029703
1290	U	0.053187	0.057695
1291	C	nan	nan
1292	U	0.832935	0.044726
1293	U	0.171089	0.041485
1294	C	1.015651	0.045896
1295	U	0.071276	0.068818
1296	C	0.042631	0.053916
1297	U	0.068864	0.043124
1298	C	0.01745	0.092659
1299	U	0.178872	0.047033
1300	U	0.121255	0.023705
1301	G	0.073083	0.053916
1302	A	0.159408	0.022515
1303	C	0.19811	0.036919
1304	U	0.073	0.018803
1305	G	0.014509	0.046751
1306	A	0.141504	0.026979
1307	C	0.188805	0.036795
1308	G	0.047826	0.05517
1309	A	0.423002	0.029502
1310	U	0.813534	0.048133
1311	C	0.214083	0.04295
1312	C	nan	nan
1313	G	0.661726	0.062323
1314	C	nan	nan
1315	U	0.123981	0.028528
1316	U	0.247235	0.039259
1317	A	0.820322	0.042394
1318	U	0.252346	0.033467
1319	U	0.53752	0.097329
1320	C	nan	nan
1321	U	0.432672	0.07408
1322	U	1.343133	0.05451
1323	U	0.186418	0.021726
1324	U	0.69302	0.039491
1325	A	0.166125	0.028038
1326	A	1.063381	0.038941
1327	A	0.150038	0.016035
1328	A	0.107865	0.033829
1329	G	0.490882	0.033013
1330	U	0.32954	0.042175
1331	G	0.584371	0.053021
1332	A	0.234524	0.03239
1333	A	0.373395	0.026361
1334	U	0.046452	0.11355
1335	C	nan	nan
1336	C	nan	nan
1337	A	0.744757	0.040956
1338	C	0.040062	0.033918
1339	C	0.25346	0.066455
1340	G	0.330653	0.053855
1341	A	0.576157	0.031272
1342	A	0.384081	0.029288
1343	G	0.186681	0.057848
1344	C	0.113304	0.045223
1345	U	0.087357	0.026336
1346	G	0.431343	0.05586
1347	A	0.479955	0.030692
1348	A	0.543821	0.02699
1349	A	0.38107	0.028114
1350	G	0.568904	0.043057
1351	A	0.62831	0.03404
1352	U	0.753659	0.03716
1353	G	0.076151	0.050164
1354	A	0.206219	0.027155
1355	G	0.20577	0.046264
1356	C	0.02669	0.025816
1357	U	0.996487	0.033437
1358	A	0.477248	0.029126
1359	A	0.443752	0.025031
1360	U	0.498256	0.03978
1361	C	nan	nan
1362	C	0.090203	0.047559
1363	U	0.483721	0.039445
1364	C	0.320456	0.039802
1365	A	0.538466	0.037458
1366	A	0.142646	0.023737
1367	G	0.461635	0.047125
1368	C	0.266022	0.05646
1369	C	0.219973	0.095608
1370	C	0.221935	0.05517
1371	A	0.842611	0.03651
1372	U	0.0854	0.023921
1373	U	0.333196	0.02639
1374	G	0.369279	0.036646
1375	C	0.132581	0.041514
1376	U	0.245904	0.023261
1377	G	0.453502	0.061923
1378	C	0.052351	0.101999
1379	C	nan	nan
1380	U	0.637544	0.044467
1381	U	0.375947	0.027029
1382	G	0.145588	0.063598
1383	C	0.603307	0.066207
1384	A	0.051819	0.012513
1385	U	2.297824	0.052198
1386	A	0.140721	0.01847
1387	U	0.158528	0.043995
1388	A	0.5815	0.027696
1389	U	0.108463	0.072517
1390	C	0.119834	0.048543
1391	C	0.225875	0.059648
1392	A	1.365876	0.037571
1393	C	0.29469	0.068818
1394	G	0.475453	0.056229
1395	G	0.605503	0.048798
1396	C	0.669179	0.149879
1397	U	0.204451	0.029013
1398	U	0.61691	0.03137
1399	G	0.824457	0.06899
1400	U	0.28167	0.031856
1401	U	0.502692	0.039847
1402	C	nan	nan
1403	C	0.238811	0.047803
1404	U	1.040184	0.071585
1405	C	0.239005	0.035858
1406	U	0.302658	0.027805
1407	G	0.747641	0.056319
1408	U	0.589207	0.036178
1409	U	0.486654	0.026112
1410	G	0.255055	0.036711
1411	G	0.021495	0.04299
1412	A	0.385302	0.108959
1413	U	0.275365	0.032798
1414	U	0.433649	0.048897
1415	C	0.086451	0.036792
1416	U	0.531775	0.032024
1417	G	0.909134	0.042231
1418	C	0.248729	0.048664
1419	C	0.025436	0.053558
1420	U	0.497835	0.032768
1421	C	0.105685	0.055546
1422	A	0.163915	0.021544
1423	G	0.178594	0.040444
1424	G	0.569986	0.047602
1425	A	0.499109	0.031122
1426	U	0.198267	0.024445
1427	G	0.50564	0.032586
1428	U	0.056212	0.116845
1429	C	0.020957	0.038691
1430	U	0.253431	0.025265
1431	A	0.531194	0.028277
1432	C	0.124765	0.029711
1433	C	0.23913	0.054275
1434	A	0.615689	0.029051
1435	U	0.245731	0.023344
1436	U	0.482314	0.038824
1437	C	0.243737	0.070883
1438	U	0.778602	0.037721
1439	U	0.492529	0.029343
1440	A	1.079591	0.033992
1441	U	0.773366	0.032658
1442	U	0.299295	0.045408
1443	C	nan	nan
1444	C	0.078242	0.035605
1445	A	1.130078	0.036014
1446	C	0.219973	0.043503
1447	C	0.01236	0.053558
1448	A	0.970183	0.032137
1449	A	0.90093	0.031342
1450	U	0.61923	0.049426
1451	C	0.465952	0.039258
1452	U	0.169015	0.024875
1453	G	2.315481	0.052866
1454	U	0.015238	0.032197
1455	G	0.238605	0.021984
1456	U	nan	nan
1457	G	0.518642	0.042429
1458	C	0.614203	0.060953
1459	U	0.858722	0.032585
1460	G	1.581808	0.045964
1461	U	0.876533	0.040818
1462	G	0.701693	0.054648
1463	G	nan	nan
1464	C	0.366949	0.052105
1465	A	0.38368	0.029863
1466	C	0.208421	0.034409
1467	A	0.45899	0.022426
1468	U	0.081764	0.02878
1469	C	0.568001	0.039539
1470	U	0.147019	0.067285
1471	C	0.10622	0.044423
1472	C	0.213828	0.066115
1473	A	0.918692	0.027773
1474	A	0.499438	0.02968
1475	U	0.356484	0.026801
1476	A	1.31787	0.10077
1477	G	0.91065	0.055694
1478	A	0.202031	0.045469
1479	G	0.054809	0.04252
1480	A	0.567259	0.061691
1481	U	0.278904	0.019238
1482	G	0.285152	0.043821
1483	C	0.84966	0.079878
1484	U	0.213955	0.018611
1485	A	1.047758	0.096591
1486	G	0.785741	0.041407
1487	U	1.467647	0.040351
1488	G	0.637961	0.050745
1489	G	0.280857	0.04069
1490	A	0.404341	0.027339
1491	U	0.284157	0.025662
1492	C	nan	nan
1493	U	0.244531	0.023077
1494	G	0.292081	0.041947
1495	C	0.134933	0.05358
1496	U	0.110601	0.036621
1497	G	0.071911	0.029432
1498	A	0.155469	0.018711
1499	U	0.728076	0.025752
1500	A	0.510378	0.039193
1501	C	0.143345	0.034928
1502	U	0.544895	0.02845
1503	G	1.164713	0.058053
1504	U	0.265352	0.037601
1505	U	0.275136	0.031777
1506	G	0.367209	0.055089
1507	C	0.141569	0.08676
1508	C	0.028839	0.056424
1509	C	nan	nan
1510	U	1.151457	0.044021
1511	U	0.173256	0.039255
1512	C	0.2498	0.041181
1513	U	0.116745	0.048664
1514	C	nan	nan
1515	A	0.513232	0.032983
1516	C	0.091226	0.030467
1517	U	0.45032	0.031807
1518	A	0.756684	0.035691
1519	U	0.480936	0.031328
1520	G	1.301945	0.090132
1521	U	0.085428	0.032103
1522	U	0.394597	0.030885
1523	U	0.214946	0.039984
1524	C	0.116026	0.03425
1525	U	0.235211	0.028084
1526	G	0.132735	0.041689
1527	G	0.083565	0.099541
1528	C	0.248729	0.062674
1529	A	0.929568	0.036321
1530	G	0.092905	0.12289
1531	C	0.498687	0.11355
1532	A	0.795105	0.036439
1533	A	0.347841	0.036795
1534	U	1.196635	0.058139
1535	A	0.093338	0.025219
1536	A	0.42365	0.030934
1537	U	0.79589	0.032715
1538	U	0.547549	0.028507
1539	A	0.675635	0.030723
1540	A	0.172938	0.02457
1541	G	0.25553	0.045525
1542	C	nan	nan
1543	U	1.197911	0.054065
1544	U	0.196399	0.032588
1545	U	0.543917	0.051049
1546	G	0.491456	0.053892
1547	G	0.950685	0.04587
1548	U	0.306353	0.030406
1549	C	0.011789	0.055111
1550	A	1.256694	0.036568
1551	A	0.167014	0.028305
1552	U	0.758082	0.034815
1553	A	0.511597	0.032682
1554	U	0.145155	0.033962
1555	C	0.520934	0.045646
1556	A	0.118415	0.02225
1557	U	0.01106	0.041783
1558	C	nan	nan
1559	A	1.038944	0.055563
1560	U	0.288162	0.03266
1561	U	1.413256	0.043415
1562	U	0.129155	0.036974
1563	C	0.81747	0.043433
1564	U	0.353971	0.040862
1565	C	nan	nan
1566	A	0.67567	0.039863
1567	C	0.404213	0.259466
1568	U	0.470284	0.038339
1569	U	0.426704	0.064131
1570	C	0.136959	0.051714
1571	C	0.154581	0.045218
1572	C	nan	nan
1573	C	nan	nan
1574	U	0.438687	0.054227
1575	C	nan	nan
1576	C	0.175487	0.063165
1577	U	0.236596	0.031665
1578	G	0.06731	0.042255
1579	G	nan	nan
1580	A	0.298241	0.038109
1581	G	0.255593	0.033636
1582	U	0.505633	0.03426
1583	G	0.190617	0.034785
1584	U	0.025775	0.025299
1585	A	0.209531	0.021484
1586	C	0.166639	0.041783
1587	A	0.796107	0.02803
1588	U	0.389034	0.049833
1589	C	0.252281	0.046404
1590	U	0.745754	0.031541
1591	G	0.380205	0.033258
1592	C	0.246271	0.054072
1593	U	0.350189	0.051277
1594	C	0.435276	0.109372
1595	C	0.050631	0.058496
1596	C	nan	nan
1597	A	0.180256	0.021999
1598	G	0.581337	0.04693
1599	C	0.11994	0.045223
1600	A	0.836289	0.03035
1601	U	0.546474	0.031961
1602	G	1.423817	0.070928
1603	U	0.32691	0.033239
1604	U	0.593705	0.051269
1605	C	nan	nan
1606	C	0.440411	0.076232
1607	U	0.40015	0.035526
1608	U	0.399637	0.040705
1609	G	0.322171	0.064065
1610	G	0.152298	0.051235
1611	G	0.591276	0.048163
1612	U	0.418488	0.039382
1613	C	3.95705	0.358787
1614	A	0.156696	0.024946
1615	A	0.914529	0.04018
1616	A	0.580167	0.028945
1617	U	0.910273	0.032361
1618	G	0.745229	0.048996
1619	C	0.36105	0.059479
1620	A	1.073829	0.041382
1621	A	0.599579	0.031193
1622	C	0.533539	0.03059
1623	A	0.846606	0.034103
1624	C	nan	nan
1625	C	0.08186	0.062872
1626	U	0.788538	0.041989
1627	C	0.17502	0.040159
1628	A	1.922421	0.043675
1629	A	0.08152	0.014091
1630	U	1.332925	0.043818
1631	A	0.023929	0.019413
1632	U	0.556933	0.030545
1633	A	0.072185	0.018643
1634	C	0.719068	0.042461
1635	A	0.033435	0.023437
1636	C	0.063411	0.028265
1637	A	0.02247	0.019083
1638	C	0.10611	0.020719
1639	U	0.360832	0.028688
1640	G	0.27698	0.038321
1641	C	0.043257	0.077666
1642	U	0.454775	0.034561
1643	U	0.445174	0.054764
1644	G	0.408739	0.036444
1645	U	0.236446	0.054006
1646	C	0.016467	0.078404
1647	C	nan	nan
1648	C	nan	nan
1649	A	0.509406	0.037304
1650	C	0.070539	0.040799
1651	C	nan	nan
1652	A	0.157025	0.033239
1653	G	0.612044	0.064475
1654	C	0.063702	0.038847
1655	C	0.38025	0.069711
1656	A	0.818844	0.046048
1657	C	0.25196	0.050232
1658	U	0.645872	0.041821
1659	G	0.12879	0.082576
1660	G	0.149188	0.084794
1661	G	nan	nan
1662	A	0.52549	0.054796
1663	G	0.151001	0.070754
1664	G	nan	nan
1665	A	0.11739	0.028578
1666	A	0.301986	0.036452
1667	C	0.08504	0.044978
1668	C	0.067835	0.1514
1669	U	0.411403	0.041433
1670	U	0.512513	0.036641
1671	G	1.728266	0.113508
1672	U	0.647559	0.066799
1673	U	0.983931	0.047138
1674	U	0.20341	0.036581
1675	U	0.688043	0.043113
1676	G	1.23553	0.056035
1677	C	0.384699	0.054386
1678	G	0.609132	0.070033
1679	G	0.312034	0.072008
1680	A	0.502896	0.045792
1681	C	0.092254	0.047459
1682	C	0.835405	0.163935
1683	A	0.648956	0.038368
1684	A	0.98955	0.062601
1685	U	1.608873	0.058703
1686	U	0.154241	0.036614
1687	C	1.64543	0.074404
1688	U	0.164843	0.05096
1689	C	0.064664	0.104071
1690	U	0.335876	0.052922
1691	U	1.595557	0.052357
1692	U	0.15975	0.038009
1693	C	0.168605	0.087006
1694	U	0.106617	0.026939
1695	A	0.187044	0.025249
1696	G	0.422918	0.049667
1697	C	0.351382	0.037779
1698	A	0.449929	0.027368
1699	U	0.35483	0.034282
1700	G	0.847837	0.038971
1701	U	1.003202	0.057775
1702	A	0.718145	0.029752
1703	U	0.47892	0.028813
1704	G	0.67077	0.053538
1705	C	0.204507	0.025459
1706	U	0.380358	0.030146
1707	A	1.389868	0.041274
1708	C	0.121863	0.029694
1709	C	0.053916	0.0695
1710	A	0.628213	0.040412
1711	U	1.202714	0.043186
1712	C	0.256624	0.048584
1713	A	0.703118	0.033973
1714	A	1.385665	0.048626
1715	G	0.664326	0.089215
1716	G	0.258679	0.055326
1717	G	0.679103	0.063149
1718	A	1.069173	0.040801
1719	G	0.489837	0.071104
1720	C	0.926835	0.14501
1721	A	0.937936	0.035378
1722	A	0.992699	0.054505
1723	U	0.355088	0.042733
1724	U	0.675674	0.035372
1725	U	0.177381	0.033654
1726	U	nan	nan
1727	A	0.170633	0.021101
1728	C	0.371632	0.032029
1729	A	1.03314	0.032642
1730	A	0.264773	0.026676
1731	U	0.239934	0.040699
1732	C	0.96149	0.101261
1733	C	0.518103	0.084057
1734	U	0.546569	0.038672
1735	G	0.323618	0.047003
1736	G	0.024361	0.054633
1737	A	0.827862	0.037587
1738	G	1.146295	0.183226
1739	U	0.201071	0.036996
1740	U	0.590178	0.029903
1741	U	0.291967	0.049062
1742	C	0.371394	0.038596
1743	U	0.43426	0.067365
1744	C	0.274955	0.068784
1745	C	nan	nan
1746	U	0.595982	0.057921
1747	U	0.230187	0.03027
1748	U	0.009543	0.020976
1749	U	0.539882	0.031184
1750	U	0.068321	0.031714
1751	C	0.715164	0.062624
1752	U	0.089546	0.050045
1753	C	0.161231	0.122152
1754	U	0.427833	0.082121
1755	U	1.309412	0.054602
1756	U	0.169613	0.02304
1757	U	0.399201	0.024413
1758	G	1.620219	0.048122
1759	U	0.260425	0.030632
1760	U	0.112406	0.016182
1761	A	1.996536	0.046581
1762	U	0.29227	0.026938
1763	U	0.362675	0.024874
1764	G	1.614321	0.045256
1765	U	0.256824	0.036328
1766	C	0.170705	0.055349
1767	A	1.261384	0.037177
1768	G	1.69506	0.058822
1769	U	0.299619	0.029791
1770	U	1.004004	0.035501
1771	G	2.099166	0.047361
1772	U	0.220683	0.024342
1773	G	0.323664	0.049123
1774	A	1.012954	0.046117
1775	U	0.518792	0.031238
1776	U	0.247944	0.061373
1777	C	0.085084	0.044064
1778	C	0.26216	0.041803
1779	G	0.182349	0.035183
1780	A	0.429287	0.024632
1781	U	0.409857	0.024956
1782	G	1.323862	0.040231
1783	U	0.136769	0.024551
1784	U	0.273261	0.021207
1785	A	0.414993	0.025417
1786	G	0.730482	0.033688
1787	U	0.078195	0.037066
1788	A	1.722868	0.048426
1789	U	0.19785	0.029648
1790	U	0.364452	0.044107
1791	C	0.213851	0.041135
1792	U	0.223113	0.025864
1793	G	0.370544	0.050444
1794	G	1.049407	0.149682
1795	C	0.077523	0.043708
1796	C	0.33822	0.106807
1797	C	nan	nan
1798	C	0.087592	0.058753
1799	C	0.130402	0.057141
1800	A	0.367798	0.028217
1801	C	0.101692	0.083757
1802	U	0.60748	0.035473
1803	U	0.518162	0.031162
1804	C	0.234474	0.052351
1805	G	1.5688	0.099993
1806	U	1.185078	0.045927
1807	U	0.558758	0.02569
1808	U	0.431491	0.034564
1809	G	0.216589	0.060753
1810	G	0.144195	0.053021
1811	G	nan	nan
1812	A	0.234221	0.032876
1813	A	0.888281	0.033795
1814	A	0.061451	0.014283
1815	A	0.091645	0.018805
1816	C	0.832395	0.036433
1817	A	0.065934	0.017943
1818	A	0.251431	0.021501
1819	C	0.005732	0.0858
1820	U	1.538064	0.044871
1821	U	0.237837	0.069887
1822	C	0.514564	0.044386
1823	C	0.198408	0.038567
1824	A	0.915766	0.031329
1825	U	0.455352	0.030549
1826	G	0.775707	0.056541
1827	A	0.842302	0.033964
1828	U	0.589994	0.03295
1829	U	0.817108	0.032741
1830	A	0.496071	0.026591
1831	C	0.218309	0.025449
1832	A	0.670492	0.027615
1833	U	0.458988	0.046941
1834	C	0.092943	0.03463
1835	C	0.494901	0.055146
1836	U	2.294034	0.050178
1837	G	0.643856	0.035064
1838	U	0.110867	0.023953
1839	G	0.178076	0.034266
1840	C	0.05358	0.050385
1841	C	nan	nan
1842	U	3.061191	0.083607
1843	C	0.208811	0.114096
1844	U	1.193433	0.056319
1845	U	0.345467	0.023476
1846	U	0.641885	0.029185
1847	G	0.151181	0.051229
1848	G	nan	nan
1849	C	nan	nan
1850	A	0.23379	0.023708
1851	C	0.064823	0.053202
1852	U	0.569469	0.025703
1853	A	0.395124	0.022258
1854	A	0.108063	0.022615
1855	G	0.196678	0.068246
1856	G	0.3509	0.037303
1857	U	0.075801	0.048329
1858	C	nan	nan
1859	U	0.718716	0.031498
1860	G	0.989038	0.047825
1861	C	0.261465	0.041384
1862	G	1.39242	0.043731
1863	U	0.779826	0.037974
1864	G	0.937096	0.037224
1865	U	nan	nan
1866	C	0.192972	0.039657
1867	C	0.142471	0.039675
1868	A	1.563816	0.048448
1869	G	1.788646	0.085376
1870	G	0.541134	0.089626
1871	G	1.672671	0.477356
1872	U	0.430873	0.042696
1873	U	0.707888	0.03434
1874	U	0.434895	0.031561
1875	A	0.681492	0.028943
1876	U	0.262731	0.023448
1877	G	0.771021	0.034934
1878	U	0.238516	0.037923
1879	C	nan	nan
1880	A	0.205863	0.028538
1881	A	0.700188	0.035792
1882	C	0.195177	0.032674
1883	U	1.610487	0.070459
1884	C	0.075053	0.055708
1885	U	0.653314	0.074223
1886	C	0.36425	0.048579
1887	C	0.227308	0.068604
1888	G	1.137446	0.067626
1889	U	0.289932	0.071083
1890	C	0.113698	0.049287
1891	U	0.878453	0.041408
1892	U	0.104549	0.02348
1893	A	1.130699	0.039321
1894	U	0.087656	0.054463
1895	C	0.196841	0.055231
1896	U	0.503568	0.036069
1897	U	0.285472	0.031288
1898	A	0.390773	0.027466
1899	A	1.006391	0.041032
1900	C	0.18242	0.036021
1901	U	0.215332	0.032788
1902	U	0.266538	0.030683
1903	G	0.316403	0.06081
1904	A	0.713501	0.047206
1905	U	0.16017	0.032693
1906	U	0.440551	0.067013
1907	C	0.194717	0.061644
1908	C	0.245607	0.261391
1909	U	0.793106	0.05769
1910	A	0.781044	0.03971
1911	A	1.064166	0.040346
1912	A	0.151015	0.028433
1913	G	0.832669	0.044549
1914	U	0.086784	0.032046
1915	G	nan	nan
1916	A	0.343463	0.033059
1917	A	0.186119	0.023775
1918	C	0.799219	0.045327
1919	A	4.368165	0.075876
1920	G	nan	nan
1921	G	nan	nan
1922	G	nan	nan
1923	C	nan	nan
1924	C	nan	nan
1925	A	0.247895	0.027257
1926	A	0.687118	0.029789
1927	A	0.111559	0.054068
1928	G	nan	nan
1929	G	0.08676	0.058004
1930	U	0.214572	0.062753
1931	C	nan	nan
1932	C	nan	nan
1933	C	nan	nan
1934	A	0.153677	0.027768
1935	U	0.081779	0.021776
1936	G	0.75018	0.221861
1937	U	0.127347	0.043189
1938	U	0.190789	0.029603
1939	U	0.173251	0.030049
1940	C	nan	nan
1941	A	0.190501	0.020875
1942	U	0.164249	0.061278
1943	C	0.012718	0.043348
1944	C	0.15899	0.262546
1945	U	0.285313	0.043428
1946	U	0.61574	0.030567
1947	U	0.517534	0.02695
1948	C	0.065377	0.046698
1949	G	0.332574	0.058573
1950	A	1.058082	0.044094
1951	C	nan	nan
1952	U	1.089769	0.070522
1953	U	1.25965	0.070235
1954	U	0.557002	0.029599
1955	U	0.158361	0.027604
1956	U	0.56393	0.029775
1957	C	0.133004	0.037827
1958	G	0.738369	0.071109
1959	A	0.07741	0.02406
1960	A	1.659254	0.039049
1961	A	0.574734	0.028054
1962	U	0.481402	0.056771
1963	A	0.156655	0.021595
1964	A	0.07585	0.014786
1965	G	0.368219	0.079352
1966	U	0.323546	0.041003
1967	U	0.850531	0.036014
1968	U	0.758629	0.03488
1969	U	0.053048	0.014948
1970	A	1.773526	0.04272
1971	U	nan	nan
1972	A	0.171324	0.019215
1973	U	0.078277	0.035646
1974	A	1.071654	0.034394
1975	C	0.066606	0.037604
1976	C	0.837683	0.401518
1977	U	1.280774	0.05422
1978	U	0.341568	0.038059
1979	U	0.289772	0.030799
1980	G	0.651539	0.062443
1981	G	0.397302	0.061704
1982	A	0.704233	0.047738
1983	U	0.811246	0.033534
1984	A	0.835962	0.031579
1985	G	1.251298	0.043695
1986	U	0.620125	0.032802
1987	G	0.30277	0.046161
1988	A	0.750109	0.037727
1989	A	0.452344	0.028413
1990	C	0.289613	0.029712
1991	U	0.767199	0.031364
1992	G	0.662467	0.034609
1993	U	0.856787	0.036403
1994	A	0.247337	0.026172
1995	C	0.412641	0.041964
1996	U	0.924602	0.032939
1997	U	0.440057	0.025564
1998	G	2.024421	0.054049
1999	U	0.193639	0.029928
2000	U	0.044791	0.017096
2001	G	1.499771	0.051278
2002	U	0.135995	0.019481
2003	U	0.884816	0.034044
2004	G	0.505549	0.046278
2005	G	0.374037	0.060092
2006	C	0.239553	0.042698
2007	C	0.15548	0.058574
2008	C	0.060544	0.052125
2009	A	0.629103	0.046952
2010	U	0.235218	0.027145
2011	U	0.54657	0.048801
2012	C	0.025256	0.051229
2013	C	0.090121	0.043408
2014	U	1.579985	0.045235
2015	A	1.464805	0.042521
2016	U	0.568907	0.041615
2017	U	0.22637	0.048257
2018	C	0.097317	0.039272
2019	C	0.157271	0.054275
2020	A	0.980486	0.039963
2021	C	0.07345	0.031605
2022	C	nan	nan
2023	A	0.736588	0.034259
2024	U	0.436879	0.033374
2025	G	1.16536	0.049182
2026	U	0.200065	0.035234
2027	C	0.12223	0.043022
2028	A	0.927563	0.040151
2029	C	0.125586	0.021681
2030	A	0.173281	0.020925
2031	G	0.642001	0.057422
2032	C	0.316259	0.033581
2033	C	nan	nan
2034	A	0.315619	0.025681
2035	G	1.684778	0.061516
2036	A	0.633183	0.044182
2037	G	0.612349	0.109225
2038	G	0.561037	0.047487
2039	U	0.64441	0.035633
2040	G	0.24333	0.053493
2041	A	0.288532	0.028501
2042	U	0.743305	0.034437
2043	A	0.842269	0.035461
2044	C	0.116518	0.038671
2045	C	0.079633	0.089955
2046	A	0.638105	0.027276
2047	U	1.237042	0.045738
2048	C	0.075091	0.031987
2049	A	0.649466	0.052135
2050	C	0.300033	0.029968
2051	U	0.892349	0.037252
2052	C	0.190098	0.04486
2053	G	0.361875	0.068242
2054	G	2.056408	0.058147
2055	U	0.477723	0.093885
2056	C	0.387476	0.057751
2057	U	0.730241	0.039569
2058	G	0.39573	0.045362
2059	A	0.337102	0.036439
2060	G	1.0926	0.057322
2061	C	0.256685	0.040303
2062	C	0.272627	0.0695
2063	G	0.487665	0.057972
2064	G	1.128367	0.052941
2065	C	0.067826	0.0434
2066	G	0.68579	0.042454
2067	U	0.70131	0.043946
2068	C	0.058932	0.042094
2069	A	0.61358	0.07325
2070	U	0.63583	0.053041
2071	U	0.261172	0.024843
2072	U	0.332221	0.022825
2073	G	1.557703	0.101917
2074	U	0.2917	0.044501
2075	U	1.460904	0.039355
2076	U	0.171627	0.025932
2077	U	0.432783	0.024281
2078	G	0.136238	0.034669
2079	C	0.096572	0.027727
2080	U	0.778917	0.060652
2081	C	nan	nan
2082	C	0.201156	0.048543
2083	A	0.208504	0.038464
2084	G	1.911551	0.053418
2085	A	1.705713	0.05058
2086	G	0.334774	0.073972
2087	G	0.488344	0.054076
2088	G	0.477007	0.21065
2089	U	0.427704	0.041273
2090	U	0.100351	0.024298
2091	U	0.248418	0.023474
2092	G	0.339093	0.02945
2093	U	0.166825	0.067066
2094	C	nan	nan
2095	C	1.587209	0.343773
2096	U	0.21307	0.034502
2097	U	0.313497	0.026214
2098	G	1.149819	0.079517
2099	U	0.40876	0.038412
2100	U	0.642243	0.037396
2101	C	0.193785	0.055776
2102	A	1.323223	0.058897
2103	U	0.524278	0.031787
2104	U	0.892819	0.050296
2105	C	0.056562	0.035218
2106	C	0.226307	0.040834
2107	U	1.446087	0.06607
2108	C	0.470914	0.09143
2109	U	0.508452	0.039901
2110	C	0.09914	0.049335
2111	A	0.75479	0.045475
2112	G	0.92771	0.060116
2113	G	0.772018	0.101695
2114	A	0.582365	0.046969
2115	A	0.752222	0.037014
2116	U	0.584681	0.034667
2117	C	0.342755	0.047817
2118	A	1.193842	0.072399
2119	U	0.359656	0.033693
2120	U	0.449332	0.031634
2121	U	0.186357	0.073949
2122	C	0.344354	0.055646
2123	C	0.060902	0.045497
2124	A	0.482424	0.027403
2125	U	0.16559	0.033467
2126	U	0.688813	0.03094
2127	A	0.76896	0.029153
2128	U	0.434611	0.039739
2129	C	0.029555	0.047826
2130	C	0.291288	0.045201
2131	U	1.258488	0.068256
2132	C	0.102638	0.056066
2133	U	0.85834	0.035926
2134	U	0.072364	0.016318
2135	A	1.138001	0.035336
2136	U	0.232218	0.039184
2137	C	0.272754	0.039987
2138	U	0.885045	0.034368
2139	G	0.82824	0.076682
2140	C	0.222676	0.059724
2141	C	0.20918	0.044999
2142	G	0.695094	0.05018
2143	U	0.059528	0.02126
2144	A	1.148237	0.034147
2145	A	0.604041	0.035857
2146	U	0.343585	0.033228
2147	U	0.952888	0.105439
2148	G	0.275332	0.041652
2149	G	0.453577	0.068094
2150	A	0.272065	0.032269
2151	U	0.78259	0.034356
2152	A	1.043496	0.075659
2153	U	0.155749	0.032695
2154	U	0.46429	0.033242
2155	U	0.478122	0.033538
2156	C	0.22556	0.046997
2157	A	1.027648	0.036315
2158	U	0.518469	0.033368
2159	U	0.598398	0.048977
2160	G	0.971641	0.057255
2161	C	0.369909	0.049706
2162	C	0.065132	0.075946
2163	A	0.700682	0.033693
2164	U	1.410794	0.051026
2165	C	nan	nan
2166	A	0.283701	0.029602
2167	U	0.243638	0.074138
2168	C	0.264981	0.046679
2169	C	0.054454	0.054095
2170	A	1.213793	0.045435
2171	C	0.22744	0.05666
2172	U	1.263463	0.053585
2173	U	1.053097	0.044863
2174	C	0.008061	0.040303
2175	A	1.156316	0.039946
2176	U	0.391305	0.051577
2177	C	0.193278	0.041921
2178	C	0.336691	0.048508
2179	U	0.69856	0.045876
2180	G	0.533326	0.059412
2181	A	0.882118	0.050618
2182	G	0.541013	0.057717
2183	C	1.691199	0.058784
2184	G	0.128296	0.040653
2185	C	0.376647	0.068841
2186	G	0.240976	0.078571
2187	G	0.447937	0.074267
2188	G	nan	nan
2189	G	0.724503	0.362637
2190	U	0.214336	0.038541
2191	U	0.410859	0.063213
2192	C	0.436552	0.082214
2193	U	0.79136	0.040269
2194	U	0.072848	0.058708
2195	C	0.808091	0.054301
2196	U	0.504306	0.045191
2197	C	0.36398	0.068246
2198	C	0.116508	0.043829
2199	U	0.659245	0.036798
2200	G	1.03336	0.045773
2201	U	0.404234	0.073604
2202	C	0.281998	0.050114
2203	U	1.119759	0.044083
2204	U	0.178612	0.037548
2205	C	0.202835	0.040185
2206	C	0.150913	0.044448
2207	U	0.495771	0.031688
2208	G	0.520968	0.050948
2209	A	1.43304	0.044859
2210	U	0.140249	0.027917
2211	G	1.930954	0.055824
2212	U	0.062913	0.01696
2213	G	0.753464	0.036024
2214	U	0.118018	0.028336
2215	A	1.142747	0.042563
2216	C	0.652508	0.135322
2217	U	0.864907	0.098288
2218	U	1.614812	0.069591
2219	U	0.272169	0.029557
2220	U	0.170398	0.020182
2221	U	0.233029	0.034185
2222	G	0.584849	0.061737
2223	A	1.121215	0.03799
2224	U	0.326018	0.034275
2225	U	1.205531	0.038037
2226	A	1.256541	0.038551
2227	U	0.762056	0.032488
2228	G	0.297145	0.043686
2229	G	0.240864	0.111584
2230	C	0.166639	0.054317
2231	C	nan	nan
2232	A	0.399087	0.027823
2233	U	1.896184	0.059288
2234	A	0.977554	0.039284
2235	U	0.881168	0.036723
2236	G	0.486348	0.060752
2237	G	0.499494	0.037174
2238	U	0.284747	0.079175
2239	C	0.148135	0.073978
2240	C	0.073866	0.041967
2241	A	1.272884	0.040708
2242	C	0.049211	0.019396
2243	A	0.282056	0.032356
2244	G	1.253203	0.049054
2245	U	0.704468	0.040159
2246	G	0.930951	0.088388
2247	G	1.417049	0.267074
2248	U	0.685649	0.055211
2249	U	1.315399	0.043755
2250	U	0.186104	0.024911
2251	U	0.584901	0.02707
2252	A	0.473123	0.032939
2253	G	1.221137	0.044815
2254	U	0.606568	0.047733
2255	G	1.810293	0.086677
2256	A	0.771805	0.040031
2257	G	0.522145	0.03913
2258	U	0.422415	0.037674
2259	A	1.301369	0.046584
2260	U	0.073175	0.047813
2261	C	0.11095	0.046794
2262	U	0.188889	0.039294
2263	C	nan	nan
2264	G	0.230174	0.051139
2265	C	0.052105	0.08504
2266	G	1.69392	0.093353
2267	G	1.064383	0.075988
2268	G	0.194568	0.037605
2269	U	1.011206	0.055098
2270	G	0.245132	0.044794
2271	C	0.03613	0.077912
2272	G	0.615517	0.078201
2273	G	0.008777	0.092786
2274	G	nan	nan
2275	A	0.167432	0.086292
2276	U	0.138539	0.029676
2277	U	0.394681	0.035205
2278	G	0.921283	0.045982
2279	U	0.154567	0.038331
2280	G	0.132731	0.065201
2281	A	0.17197	0.037658
2282	C	0.306547	0.034976
2283	A	0.761117	0.047616
2284	U	0.324673	0.030785
2285	U	0.552903	0.030412
2286	A	0.33636	0.033284
2287	G	0.277397	0.069123
2288	G	1.209144	0.057521
2289	U	0.11626	0.05165
2290	C	0.766662	0.144101
2291	U	0.155501	0.092315
2292	C	0.113706	0.067384
2293	U	0.274871	0.031565
2294	U	0.192441	0.023154
2295	A	0.467812	0.029391
2296	G	1.348157	0.073592
2297	U	0.738071	0.042924
2298	U	0.575413	0.052192
2299	C	0.449589	0.10666
2300	U	0.249099	0.072716
2301	U	0.779463	0.054408
2302	U	0.278361	0.038952
2303	U	0.082488	0.026684
2304	A	1.289213	0.068756
2305	U	1.279802	0.065379
2306	U	0.105464	0.07241
2307	C	0.966275	0.094211
2308	U	0.085587	0.047148
2309	C	0.036541	0.061081
2310	U	0.184123	0.153272
2311	C	0.171992	0.071054
2312	C	0.142214	0.076243
2313	A	0.293928	0.070123
2314	U	1.493721	0.096177
2315	A	0.681315	0.067415
2316	U	0.109938	0.051548
2317	U	0.200513	0.044177
2318	G	0.21294	0.088165
2319	A	1.247984	0.093237
2320	A	0.087517	0.042836
2321	U	1.122254	0.101562
2322	A	0.0705	0.038277
2323	U	0.272284	0.09263
2324	A	1.298607	0.122946
2325	U	1.668086	0.117547
2326	U	0.291211	0.070314
2327	U	0.401556	0.096828
2328	G	nan	nan
2329	A	0.136444	0.135918
2330	C	0.132736	0.160943
2331	C	0.081143	0.176258
2332	U	0.232378	0.478436
2333	G	0.624772	0.960015
2334	C	0.862932	0.864407
2335	U	0.627956	0.393916
2336	U	0.770944	0.350172
2337	U	1.510525	0.477909
2338	C	1.639842	0.925606
2339	G	0.119937	0.794207
2340	C	0.404553	0.743238
2341	U	0.0	0.0
